2.99999683774537 	
1.49999860924096 	
4.49999609851044 	
5.74998779014616 	
1.49999929000486 	
5.49999377497492 	
3.74999662019555 	
7.99998796689568 	
6.49999364278169 	
4.99999585010303 	
3.49999833078835 	
8.24998679693388 	
3.49999605324373 	
6.49999317987178 	
3.4999969825631 	
1.99999815231109 	
2.99999759762818 	
4.9999949702117 	
5.24999543344289 	
1.99999903214041 	
2.99999780610714 	
4.49999481856855 	
1.99999845121761 	
2.999997736011 	
7.24998726834723 	
5.9999937940926 	
2.99999687156458 	
4.49999708684655 	
3.99999671344727 	
4.24999577796294 	
4.49999461189243 	
5.49999038445779 	
3.99999727587622 	
5.49999505327633 	
3.49999680209807 	
5.99999238078331 	
5.49999459364748 	
4.99999581443801 	
4.99999275531871 	
3.9999950063844 	
5.49999055959708 	
1.99999864643837 	
4.9999950363026 	
5.99999226461364 	
1.99999811073369 	
6.4999917598011 	
6.99999103814057 	
3.49999750992293 	
0 	
0.999998806817469 	
3.49999768167537 	
0 	
3.49999820356539 	
4.49999673171671 	
3.99999447268356 	
3.9999949378679 	
4.49999338614744 	
2.49999807476462 	
2.49999782163128 	
5.20832642949834 	
2.49999661665961 	
3.49999531230175 	
3.49999823378544 	
3.49999742749003 	
2.20833051181679 	
7.99999029475155 	
3.49999744879556 	
2.99999665080572 	
4.99999338288846 	
2.499996993181 	
7.9999890187026 	
3.99999502240212 	
3.24999479735618 	
4.49999434141993 	
6.20831866383784 	
5.99999469561963 	
6.9999864183713 	
4.99999365585924 	
7.21482863567852 	
5.99998913470721 	
4.20832362146318 	
3.499996765017 	
3.99999358718516 	
3.24999525487517 	
4.49999513267744 	
2.49999607698856 	
3.49999451759576 	
2.49999763042049 	
5.49999248612182 	
3.9999956806862 	
5.49999257343081 	
5.99999432239536 	
6.49999346232672 	
3.49999744879556 	
1.99999857684425 	
4.4999897794063 	
5.99999112377779 	
4.99999460218939 	
3.20832786584603 	
3.9999954401045 	
