1.99999856051209 	
1.99999970759252 	
1.49999945202234 	
3.9999961373391 	
1.49999839459146 	
0 	
2.99999648938143 	
4.49999398589775 	
3.49999696275995 	
1.49999952831487 	
0 	
0.999999634707892 	
2.49999701683866 	
0 	
2.99999817302937 	
2.99999860559658 	
3.99999647067277 	
4.49999475422198 	
0.999999364845566 	
0.999999392211654 	
3.99999601824088 	
0 	
0.999999685543246 	
0.999999685543246 	
0.999999135567864 	
2.99999744393963 	
1.49999826735688 	
0.99999985379626 	
3.31249649640686 	
1.49999973592541 	
0.99999985379626 	
0.99999985379626 	
4.49999465982067 	
1.49999868534279 	
0.999998906061884 	
0.999999392211654 	
3.81249648650247 	
2.49999782091066 	
0 	
2.49999853092383 	
2.49999818053189 	
0 	
2.99999806414743 	
0 	
0.999999634707892 	
1.999998419779 	
0.99999985379626 	
0 	
1.49999932924201 	
3.99999602335113 	
0 	
2.999997736011 	
0 	
3.49999591299087 	
2.49999787538975 	
1.99999896152289 	
0 	
0.999999364845566 	
0.999999364845566 	
1.99999902799006 	
3.49999589814974 	
2.99999734840337 	
0 	
0.999999271778113 	
3.99999738540967 	
1.49999914921578 	
2.99999654901523 	
0.999999135567864 	
2.99999860559658 	
3.49999602973237 	
0 	
1.99999857684425 	
0.999999552828006 	
2.99999747140214 	
5.99999332828107 	
3.49999537261774 	
0 	
0.99999962606188 	
4.49999481856855 	
4.24999333661509 	
1.49999932924201 	
2.99999823162208 	
2.99999734840337 	
0 	
1.99999925090085 	
0 	
4.49999544515971 	
2.49999901334407 	
1.49999973592541 	
1.49999944848054 	
0.999999394670805 	
0.999999326024482 	
1.99999903214041 	
1.99999815941384 	
2.49999915209531 	
5.49999294513619 	
0 	
3.9999971536885 	
3.49999648511329 	
3.24999669031792 	
