2.9999975404839 	
0.999999410540692 	
2.99999824932971 	
5.74999020554984 	
2.49999668360984 	
1.99999783868064 	
4.99999508593621 	
2.99999734840337 	
2.99999804907686 	
2.499996993181 	
1.99999758972457 	
3.49999577340659 	
4.4999949870403 	
0 	
4.20832681886347 	
2.49999807476462 	
2.99999720910276 	
5.49999482882588 	
6.74998855190951 	
3.49999767204427 	
4.24999199405999 	
4.49999362287892 	
3.49999547050441 	
2.99999688959979 	
4.99999598019143 	
3.99999476602792 	
0.999999634707892 	
3.49999618301747 	
3.49999466093722 	
6.36457134072254 	
2.99999648938143 	
4.49999585993761 	
6.3749887744535 	
1.99999935032798 	
2.4999963995405 	
6.49999212728411 	
1.9999979034791 	
4.99999237034219 	
5.7083230033172 	
2.49999878391842 	
3.49999588136315 	
5.74999146254135 	
6.9999894700435 	
1.99999758972457 	
4.99999545295164 	
4.74999355957858 	
5.49999472305072 	
3.49999786266982 	
5.86457063596874 	
4.49999524287525 	
0.999999500812446 	
5.3124911729444 	
3.99999316532256 	
0 	
1.99999824805428 	
4.49999734197418 	
5.49999214465631 	
5.99999331647868 	
1.99999783868064 	
6.49999151458997 	
2.99999747140213 	
2.99999684073697 	
2.49999604722408 	
3.49999446891738 	
3.99999430497683 	
2.4999982199739 	
0.999999500812446 	
0 	
1.99999856051209 	
4.99999405056677 	
2.99999864727524 	
4.87499546502021 	
4.49999609307722 	
1.99999824805428 	
6.7083199992405 	
4.499994120694 	
3.49999795907647 	
3.99999550515889 	
0 	
3.4999962706653 	
0.999999500812446 	
4.4999946599302 	
4.51561415266781 	
3.99999771446076 	
4.74999233036675 	
5.49999346335361 	
2.99999610409701 	
6.49999139588152 	
2.99999739384389 	
0.999999410540692 	
1.99999936017171 	
3.99999498863536 	
3.49999696811606 	
3.99999420780529 	
3.36457937225095 	
5.86457257019986 	
3.49999767540646 	
0.999998481565506 	
6.99998884442504 	
4.99999322512904 	
