1.49999973592541 	
0.999999271778114 	
0.999999746982215 	
2.49999797563766 	
1.49999956887986 	
2.49999915209531 	
3.49999648101819 	
0.999999364845566 	
2.9999970956338 	
2.99999860559658 	
5.49999390837327 	
2.4999976939294 	
1.99999856051209 	
0 	
0 	
0 	
4.24999458599659 	
1.49999817411251 	
1.49999929000486 	
0.999999271778113 	
1.9999975031922 	
3.99999690713789 	
4.4999940286001 	
0 	
2.49999782163128 	
1.99999818104543 	
0 	
0.999999394670805 	
1.4999989795182 	
2.49999868031027 	
0.999999685543246 	
0 	
1.99999949396443 	
2.99999810141313 	
0.999999746982215 	
0.999999364845566 	
1.99999767369604 	
0 	
0.999998571245522 	
0 	
0.999998923012306 	
5.49999402066153 	
1.99999781804727 	
1.99999947878987 	
1.99999814110966 	
0.999998923012306 	
0 	
0.999999552828006 	
0.999999135567864 	
2.49999716062035 	
0.999998906061884 	
0.999998940529728 	
2.49999888207001 	
0 	
2.49999915348231 	
1.49999929000486 	
0.999999271778113 	
0.999998940529728 	
0 	
3.99999689312385 	
1.99999758604143 	
2.99999746265348 	
2.49999875318184 	
0.999999480761448 	
1.49999879763474 	
2.49999933657743 	
2.208331964727 	
0 	
4.99999313566891 	
1.99999925212376 	
0 	
1.49999838725193 	
4.24999679811043 	
1.99999896152289 	
0 	
2.49999927529708 	
3.49999598091809 	
0 	
0 	
0 	
2.31249741108331 	
2.9999970956338 	
2.99999667996447 	
2.99999816302953 	
0 	
0.99999985379626 	
0.999999364845566 	
0 	
0.999999326024482 	
2.49999888207001 	
1.49999902894885 	
2.9999978275183 	
0.999999552828006 	
3.49999621178707 	
2.99999720090814 	
1.99999758398238 	
4.9999961326044 	
2.49999802670269 	
2.49999778382894 	
4.99999574454673 	
