0.999999480761448 	
1.99999882108138 	
0 	
1.99999876578492 	
0.99999985379626 	
2.49999858222536 	
2.24999811160014 	
1.9999978830461 	
0 	
0 	
1.99999935032798 	
0.999999685543246 	
0 	
0 	
0 	
0 	
0 	
0.999999480761448 	
0.99999985379626 	
0.99999985379626 	
0 	
1.99999876578492 	
2.99999676319137 	
0.999999288422124 	
0 	
0 	
2.99999847837362 	
0.999999392211654 	
0.999999271778114 	
0.999999364845566 	
1.49999888111502 	
1.99999874267382 	
3.99999811316043 	
0.999999480761448 	
2.99999719172268 	
0 	
0.99999985379626 	
2.9999970956338 	
0 	
0.99999985379626 	
2.99999739384389 	
0 	
0 	
0 	
1.99999782003607 	
0.99999962606188 	
0 	
1.99999868409949 	
2.49999936383076 	
0.99999985379626 	
0.999999364845566 	
0 	
