0 	
1.99999896152289 	
0 	
0.999999669088326 	
0.99999985379626 	
0 	
0 	
0 	
0 	
0.999999480761448 	
0 	
0 	
1.99999949396443 	
0.999999634707892 	
1.49999944848054 	
0 	
0 	
0 	
0.999999746982215 	
0 	
1.99999902799006 	
1.49999946916253 	
0 	
1.49999980424771 	
0 	
0 	
0 	
0 	
1.49999973592541 	
0.999999634707892 	
1.99999949396443 	
0 	
0 	
0 	
0 	
0 	
0 	
0 	
0 	
0 	
0 	
0 	
0 	
0 	
0.999999690865243 	
0 	
0 	
0.999999746982215 	
0 	
0 	
0 	
1.49999973592541 	
0.999999488332764 	
0 	
0 	
0.999999625450423 	
0 	
0.99999985379626 	
0 	
0 	
0 	
0 	
0 	
0 	
0 	
0.999999552828006 	
0 	
0 	
0 	
0 	
0 	
0 	
0 	
0 	
0 	
0 	
0.99999985379626 	
0 	
0 	
0 	
0 	
0 	
0.999999310022398 	
0 	
0 	
0 	
0.999999746982215 	
2.49999927529708 	
1.49999932924201 	
0 	
0 	
0 	
1.99999912122191 	
0 	
0 	
0.999999552828006 	
0 	
0 	
0.999999364845566 	
1.49999952831487 	
0.999999552828006 	
0 	
0 	
0 	
0.999999480761448 	
0 	
0.99999985379626 	
