0 	
0 	
3.99999689312385 	
1.99999912122191 	
0 	
1.99999903214041 	
0 	
0 	
0.999999625450423 	
1.99999878442331 	
1.99999937006216 	
1.99999761588545 	
0.999999746982215 	
1.9999978830461 	
0.999999326024482 	
0 	
0.999999746982215 	
0 	
0 	
0 	
0 	
1.99999846927736 	
0.999999746982215 	
0 	
0 	
0 	
1.99999903214041 	
1.99999902799006 	
0 	
0.999999632186113 	
1.99999902799006 	
0 	
0 	
0.999999746982215 	
2.99999817663497 	
0 	
1.99999815989676 	
0 	
0 	
0.999999634707892 	
0 	
0 	
2.99999759762819 	
0.999999500812446 	
2.99999924094665 	
0 	
0.999999394670805 	
0.999999310022398 	
1.49999932924201 	
0 	
0 	
