0.999998791991189 	
2.49999797563766 	
2.99999688201958 	
0 	
2.4999980663022 	
2.49999769311738 	
0.999999394670805 	
1.49999842036848 	
0.999999077246953 	
2.99999786526637 	
2.99999723174086 	
2.49999933657743 	
2.20833010701173 	
0.999999090522717 	
4.49999660467194 	
3.49999718969134 	
1.99999925090085 	
2.99999592386197 	
3.49999820356539 	
3.49999704660639 	
3.3645796304683 	
2.99999770125672 	
2.99999572211717 	
1.99999758972457 	
3.49999575581759 	
0.999999634707892 	
0.999999310022398 	
1.99999854805305 	
0.999999090522717 	
2.49999870819152 	
5.49999577580137 	
1.99999769482262 	
3.49999648101819 	
2.99999739384389 	
1.99999818104543 	
2.49999805184934 	
2.49999927529708 	
0 	
2.4999969762485 	
1.99999902799006 	
2.208331964727 	
2.99999733782542 	
1.49999929000486 	
0 	
3.49999610155298 	
0 	
1.49999842036848 	
0 	
1.99999828020666 	
0.999998940529728 	
2.87499729010033 	
2.49999892615434 	
5.4999964851519 	
3.99999536522058 	
0.999999077246953 	
3.4999962881101 	
2.99999714926233 	
1.49999952831487 	
4.49999556409209 	
1.999998419779 	
1.99999854805305 	
2.3124985701881 	
3.49999541284486 	
1.99999896152289 	
0.999999500812446 	
3.4999962706653 	
3.24999670170282 	
0.999999685543246 	
2.99999683774537 	
0.999999625450423 	
0 	
5.49999479520798 	
4.4999964969091 	
3.49999598091809 	
3.99999755987267 	
2.49999805184934 	
3.49999713166787 	
2.99999810141313 	
3.99999658100221 	
3.49999611293738 	
3.49999648101819 	
2.49999852635173 	
5.99999165330574 	
1.99999903214041 	
0 	
0.999999172463174 	
2.49999927529708 	
3.51561990154988 	
2.99999759762818 	
0.999999410540692 	
2.99999857700556 	
3.99999550515889 	
3.49999742749003 	
2.99999722719504 	
1.9999978830461 	
4.99999405056677 	
2.49999832048613 	
4.99999435236843 	
0.999999077246953 	
3.49999413752245 	
