1.999998419779 	
3.49999698885276 	
0 	
2.99999655231316 	
4.9999948595426 	
4.99999523976916 	
5.49999406054757 	
0 	
2.49999763042049 	
4.49999223111985 	
0.999999410540692 	
3.99999649610856 	
4.49999434239069 	
3.99999679571811 	
5.49999446586679 	
2.49999701683866 	
3.99999468215 	
5.99999353103405 	
1.99999758972457 	
2.99999763622961 	
3.49999744879556 	
5.49999478439224 	
1.99999783868064 	
4.99999372122458 	
4.7083252093116 	
4.99999559843353 	
2.49999868031027 	
2.99999772195018 	
1.99999856051209 	
0.999999310022398 	
0.999999634707892 	
2.49999751914465 	
1.99999871471559 	
5.49998954787837 	
4.70832718283438 	
4.99999296788355 	
5.49999345742487 	
3.99999508559696 	
1.49999932924201 	
2.49999837980964 	
2.49999698883486 	
5.49999571020242 	
0.99999985379626 	
3.49999577986257 	
0.999999500812446 	
3.999995035937 	
2.49999633585651 	
3.49999744879556 	
3.99999507178094 	
4.49999618598226 	
1.49999956887986 	
3.99999585685589 	
5.49999447192927 	
3.49999481053906 	
3.4999969047492 	
5.70832514896694 	
2.99999739384389 	
3.49999696811606 	
0.999999090522717 	
2.64843329725082 	
5.49999441832105 	
3.49999602973237 	
3.9999963288494 	
4.99999539856108 	
1.99999811073369 	
6.99998888073751 	
5.49999470964858 	
4.49999375163002 	
0 	
6.24999009484924 	
3.99999689312385 	
1.99999834492635 	
3.49999684653542 	
2.99999887818564 	
4.81249216501256 	
3.24999695041773 	
2.99999888009199 	
4.49999119637939 	
1.99999818104543 	
4.49999427811057 	
2.99999639304474 	
2.20833123987262 	
3.49999573633687 	
3.99999810770387 	
3.99999704538833 	
2.99999773579297 	
0.999999032550482 	
2.99999860559658 	
2.99999806414743 	
0.999999310022398 	
2.49999879607709 	
4.49999499772764 	
4.99999503447311 	
6.4999945209774 	
0 	
5.49999337083285 	
1.99999857684425 	
2.49999701985682 	
3.49999582040107 	
0 	
