5.49999403135617 	
2.99999800637076 	
6.31248468254764 	
2.99999804907685 	
7.9999811243124 	
1.99999720336828 	
6.49998677366245 	
3.99999604569721 	
5.99999071404914 	
7.51560740488195 	
4.99999618657402 	
5.31249074772452 	
5.99999197308337 	
1.99999857684425 	
3.49999614219821 	
6.99999246522145 	
7.49999041156354 	
4.99999434087025 	
2.99999864727524 	
4.64843150884005 	
3.49999744879556 	
5.70832228266264 	
8.99997897936371 	
4.51561749929965 	
0.999999090522717 	
4.99999336612162 	
5.49999293675109 	
0.999999500812446 	
3.99999491447235 	
5.99999349396355 	
6.49999332383022 	
4.4999936964817 	
3.49999593464116 	
5.99999291001933 	
4.99999405613119 	
4.4999946599302 	
5.49999368133239 	
4.86457356809347 	
5.51561654495564 	
4.74999244171494 	
6.14842746220436 	
2.99999887818564 	
2.49999858222536 	
5.7083217238626 	
4.99999596388646 	
2.49999807476462 	
5.99998964958036 	
2.49999797563766 	
4.49999715172882 	
2.9999972608949 	
3.49999694139937 	
4.99999351848175 	
4.14842912542196 	
4.4999966005373 	
2.99999800637076 	
4.99999468439295 	
6.9999915285864 	
1.9999987238237 	
4.51561407020348 	
5.24999415232947 	
7.99999068244732 	
3.99999727587622 	
7.49999023808208 	
2.49999847406599 	
7.4999894462125 	
1.99999775061714 	
4.21483790462079 	
0.999998883927388 	
4.99999549899989 	
7.31248676284443 	
6.99998924859004 	
4.99999365585924 	
4.49999637000051 	
5.99999437653579 	
3.93749542562289 	
5.99999438344536 	
3.99999467076681 	
1.99999811073369 	
7.49998647300252 	
8.49998329598809 	
3.9999943967442 	
4.49999475422198 	
5.9999921066541 	
3.99999624320449 	
0.999999394670805 	
4.99999581443801 	
5.49999351852388 	
6.99998930626595 	
6.9999879686391 	
2.49999700734413 	
5.49999337373834 	
5.99999299342973 	
3.4999963184428 	
3.49999771936698 	
2.99999688201958 	
7.49998336577849 	
2.99999733782542 	
4.99999596388646 	
7.99998649866381 	
4.49999204783537 	
