2.49999915160878 	
1.9999978830461 	
0 	
2.49999870819152 	
1.99999811073369 	
1.99999815989676 	
3.49999632236321 	
2.9999964199504 	
1.99999856051209 	
2.49999927529708 	
0.999999310022398 	
3.49999684653542 	
0 	
1.99999902799006 	
0 	
0.999999271778114 	
2.49999875318184 	
2.49999870819152 	
1.49999952831487 	
0.999999746982215 	
1.9999978830461 	
3.49999682651277 	
1.99999896152289 	
1.99999750527162 	
0.999999288422124 	
2.9999984437528 	
0 	
1.99999970759252 	
1.99999854355623 	
1.49999893263319 	
0.999999634707892 	
1.99999856051209 	
3.99999726353013 	
1.99999949396443 	
1.49999973592541 	
0.999998791991189 	
0 	
2.49999763042049 	
2.49999841697894 	
1.49999879763474 	
1.49999944848054 	
0.999999271778113 	
3.4999971604552 	
4.49999556564165 	
0.999999746982215 	
0.999999077246953 	
0.999999685543246 	
0 	
4.49999551503954 	
1.99999900794399 	
0 	
0 	
1.99999868492212 	
1.99999841283459 	
1.99999854805305 	
2.99999924094665 	
1.49999980424771 	
1.99999903214041 	
2.24999766840778 	
0 	
4.99999537995328 	
1.49999907939518 	
0.999999634707892 	
0 	
1.49999859586134 	
0.999999690865243 	
3.49999678704988 	
0 	
0 	
1.99999949396443 	
1.99999910565601 	
0 	
0 	
1.99999864643837 	
2.49999927529708 	
0 	
1.99999900794399 	
0 	
0.999999634707892 	
0.999999392211654 	
0 	
3.99999712050218 	
0 	
0.999999746982215 	
1.99999845121761 	
1.99999710390265 	
1.99999970759252 	
2.99999772759547 	
1.99999949311329 	
0 	
0 	
0.999999746982215 	
0.999999480761448 	
2.99999847837362 	
0 	
0 	
0.999999552828006 	
3.99999538964525 	
1.99999937006216 	
0.999999392211654 	
0.999999746982215 	
1.99999903214041 	
0 	
0.999998906061884 	
0 	
2.49999818053189 	
1.49999944848054 	
1.99999937006216 	
2.99999592995976 	
2.99999788868532 	
0 	
0.999999746982215 	
0.999998807942727 	
0 	
2.99999815733496 	
0.99999985379626 	
3.74999648103332 	
2.99999634509606 	
0.999999392211654 	
0.999999410540692 	
1.99999815231109 	
1.49999893263319 	
0.99999985379626 	
0.999999625450423 	
0.99999985379626 	
1.49999932924201 	
2.49999892615434 	
0.999999135567864 	
2.99999680793405 	
2.49999852635173 	
2.49999915348231 	
0 	
2.49999813782426 	
0.999999288422124 	
2.4999974190498 	
0 	
0 	
0 	
0.999999392211654 	
2.99999639304474 	
1.99999949396443 	
2.99999681767596 	
0.999999685543246 	
2.49999927529708 	
0 	
0 	
1.49999932924201 	
0 	
2.49999800152891 	
0.999999746982215 	
