2.9999979314513 	
5.24999495883765 	
2.99999830531624 	
2.99999739384389 	
5.49999337083285 	
1.99999894378058 	
4.49999388052342 	
6.70832307064294 	
1.99999874267382 	
2.49999787538975 	
1.99999783868064 	
4.31249158335008 	
3.49999820356539 	
1.99999925212376 	
0.999999271778114 	
3.49999742749003 	
0.999999310022398 	
3.49999593464116 	
0.999999625450423 	
5.70832417007551 	
1.99999856051209 	
3.99999653655492 	
1.99999857684425 	
0 	
2.99999723174086 	
5.43749369297977 	
0.999999500812446 	
1.49999839459146 	
0 	
0 	
5.49999257343081 	
1.99999903214041 	
2.99999688959979 	
3.99999404103796 	
1.99999936370659 	
2.49999750038531 	
5.74999190260682 	
3.99999574722015 	
0.999999288422124 	
3.2083299096863 	
1.99999947878987 	
3.4999959277352 	
1.99999935032798 	
2.49999933657743 	
0.999999500812446 	
5.99999383235348 	
3.49999823378544 	
4.99999487673412 	
0 	
1.99999910565601 	
3.20832904952003 	
3.99999712050218 	
4.49999660325686 	
3.49999790786813 	
0.999999326024482 	
4.49999138624917 	
3.99999752787185 	
4.49999297416779 	
0.999999634707892 	
4.49999648325687 	
0.999999746982215 	
2.49999933657743 	
3.49999518354687 	
1.99999925090085 	
2.49999927529708 	
2.99999894107634 	
1.99999846927736 	
4.9999909189889 	
4.49999432866963 	
0.999999552828006 	
5.24999479143752 	
5.24998916715091 	
0.999999310022398 	
2.99999888009199 	
0 	
1.99999902799006 	
1.99999834492635 	
2.49999875318184 	
1.99999900794399 	
0 	
2.99999823162208 	
4.99999414447941 	
2.99999888009199 	
3.99999703778034 	
3.49999791776713 	
0.999999746982215 	
2.49999927529708 	
0.999999172463174 	
4.70832546525748 	
3.99999698967884 	
0 	
3.49999533894679 	
1.49999842036848 	
2.49999807476462 	
2.49999915209531 	
0.999998923012306 	
1.99999935032798 	
4.49999336840634 	
0 	
4.49999609851044 	
