4.20832868118338 	
1.99999934861435 	
1.99999890401956 	
5.91665683039639 	
3.91666058979119 	
4.49999599135804 	
3.41666054990296 	
1.74999898628054 	
1.99999937108649 	
6.74998945955598 	
2.95833027004627 	
0 	
7.12499000170845 	
3.74999637178905 	
3.99999689163894 	
1.49999956887986 	
0.99999985379626 	
2.9999989755954 	
4.24999618077431 	
0 	
6.2499916722532 	
4.62499253548892 	
3.74999637991943 	
2.9583285220103 	
0.999999632186113 	
2.62499760870431 	
2.99999839157395 	
2.74999709894865 	
2.99999895380229 	
0 	
4.87499228020399 	
0.999999685543246 	
3.9999974780535 	
0 	
0.999999955750158 	
4.1249957491113 	
3.74999709885815 	
5.12499355375429 	
3.24999659777289 	
1.99999925212376 	
3.99999780803912 	
5.12499459608999 	
0 	
2.49999915348231 	
3.9999974780535 	
4.49999096576013 	
2.9999980775029 	
1.99999937108649 	
4.999992286381 	
0.999999955750158 	
5.99999232725621 	
0.999999632186113 	
3.99999688970981 	
2.49999853092383 	
3.41666240855794 	
1.74999937116504 	
3.91666228830515 	
1.99999944585635 	
0 	
2.49999933657743 	
0 	
3.4583285570056 	
0 	
3.95832897937903 	
3.49999781892323 	
1.99999882108138 	
3.91666058979119 	
4.45832704237375 	
3.24999790649289 	
2.99999806020817 	
1.99999896250186 	
2.62499438314687 	
1.99999966981956 	
1.49999956887986 	
3.12499793894676 	
0 	
4.74999496987493 	
3.62499800051858 	
0 	
0 	
2.49999877805767 	
0.999999955750158 	
5.41665691833246 	
3.74999766765792 	
6.81248976069636 	
2.49999915348231 	
4.41665914204286 	
5.66665746344759 	
2.74999848155731 	
1.99999910565601 	
4.24999636823056 	
2.87499701134802 	
4.49999621748917 	
3.37499665502785 	
1.49999902894885 	
2.49999836169689 	
3.24999684837052 	
3.7499970366152 	
0.999999632186113 	
4.43749723033806 	
