2.99999887818564 	
3.95832959493348 	
2.99999858329022 	
1.99999937108649 	
0 	
1.49999980424771 	
0.999999552828006 	
0 	
1.499999440046 	
2.7499989252341 	
4.24999636823056 	
2.49999936383076 	
1.99999944585635 	
2.49999818053189 	
3.95832850094591 	
2.99999846823145 	
3.49999734478211 	
0 	
2.74999776089571 	
3.49999781892323 	
2.4999989594695 	
2.99999757564628 	
1.99999937108649 	
2.24999871399747 	
0.999999685543246 	
2.87499860521773 	
2.4999989594695 	
1.49999980424771 	
4.0624962642887 	
4.7083279129986 	
2.99999895380229 	
1.74999915466699 	
3.70832917185087 	
3.49999683356843 	
0.999999834909781 	
1.99999944585635 	
0 	
0.999999685543246 	
1.99999877993995 	
4.08332714757143 	
1.99999884255937 	
2.74999727085654 	
3.49999828167426 	
0 	
1.74999841678421 	
1.74999937116504 	
1.999999094168 	
3.99999741761558 	
3.95832850094591 	
3.9999969127622 	
4.9999961760328 	
3.9999978902564 	
0 	
3.4999967482615 	
0 	
2.49999805699607 	
0.999999834909781 	
2.49999811683676 	
0.999999685543246 	
0 	
4.74999639295131 	
5.49999560489054 	
2.49999915348231 	
2.74999825663029 	
0.999999674307175 	
1.99999944585635 	
0 	
2.99999911337028 	
3.49999883066944 	
5.16665689533911 	
3.49999781892323 	
4.43749673393406 	
4.49999708258496 	
4.49999553269566 	
0 	
0 	
3.24999731610164 	
2.99999795031597 	
1.49999973592541 	
3.24999752354614 	
4.43749618586117 	
0 	
4.49999599135804 	
2.95833027004627 	
1.74999938758003 	
1.99999857684425 	
0.99999962606188 	
2.24999871399747 	
0.99999985379626 	
2.49999915348231 	
4.49999692725406 	
3.49999883066944 	
3.12499632281823 	
1.99999890401956 	
5.74999211774638 	
4.70832555385091 	
3.49999828167426 	
0.999999481250932 	
0.999999552828005 	
1.49999929000486 	
