5.66665661428021 	
0 	
2.49999868031027 	
3.9999978902564 	
2.49999769744751 	
2.49999936383076 	
2.49999868031027 	
2.20833198067495 	
3.74999624757169 	
0.999999674307175 	
1.99999944585635 	
2.74999783941306 	
1.99999910565601 	
0 	
0.99999962606188 	
1.74999938758003 	
0 	
0 	
4.37499450280997 	
2.49999933657743 	
2.49999842879065 	
0 	
0.999999685543246 	
2.74999812798654 	
0.99999985379626 	
3.12499812532878 	
0 	
0 	
3.99999638210422 	
1.4999991831514 	
0 	
3.99999652413192 	
1.99999925212376 	
0.99999985379626 	
1.99999910565601 	
3.9999975598799 	
0.999999685543246 	
2.74999892230153 	
2.49999868031027 	
2.99999745436395 	
1.49999980424771 	
0 	
0 	
0 	
0.99999962606188 	
0 	
2.99999806020818 	
2.99999846823145 	
1.99999877993995 	
2.24999854858827 	
1.99999910565601 	
1.99999937108649 	
1.99999925212376 	
2.49999755513376 	
2.99999806020817 	
3.24999790649289 	
3.20833041589171 	
0 	
4.20832886765773 	
1.99999970759252 	
4.99999441199874 	
2.49999933657743 	
0.99999985379626 	
1.74999938758003 	
2.49999931067901 	
1.99999966981956 	
0 	
0 	
0 	
2.9999984437528 	
0 	
0.999999632186113 	
1.99999896250186 	
1.99999970759252 	
1.99999925212376 	
2.99999716503407 	
4.74999568095351 	
1.99999934861435 	
2.49999892545067 	
2.49999868368493 	
0.99999962606188 	
0.999999685543246 	
4.49999636346943 	
0 	
2.41666381130272 	
0 	
0.999999685543246 	
0.999999288422124 	
3.12499569900866 	
4.74999645581922 	
3.49999719071467 	
3.99999610375243 	
3.49999823313827 	
0.999999955750158 	
2.06249838025296 	
0 	
1.99999900820924 	
2.2499991836716 	
2.7499976175457 	
1.99999928958687 	
