1.99999944585635 	
0 	
0.999999955750158 	
0 	
0 	
0.999999552828006 	
0.99999985379626 	
0 	
0 	
1.99999910565601 	
3.12499892047952 	
3.49999792831532 	
0 	
0 	
0 	
1.99999896596004 	
0.999999834909781 	
2.49999797029267 	
0 	
0.999999685543246 	
0 	
3.20832983045295 	
3.49999702320606 	
0.999999632186113 	
0 	
0 	
1.74999953715819 	
2.99999859111165 	
0 	
1.49999955366899 	
0.999999685543246 	
0.999999685543246 	
0.999999410540692 	
1.99999934861435 	
2.49999931067901 	
1.4999989542961 	
0.99999985379626 	
1.99999926437223 	
0 	
0.99999985379626 	
2.49999915348231 	
0 	
2.49999915348231 	
1.49999956887986 	
3.49999823313827 	
0 	
1.99999928958687 	
1.99999925212376 	
0 	
3.99999748417534 	
0 	
2.49999933657743 	
1.99999882108138 	
0 	
0 	
0 	
0 	
0 	
0 	
1.49999973592541 	
0 	
1.49999956887986 	
2.49999915348231 	
0 	
0.999999552828006 	
0.999999685543246 	
0 	
1.49999945202234 	
1.49999956887986 	
0.99999985379626 	
0 	
0 	
2.1249980251543 	
1.99999857983407 	
0 	
0 	
1.49999956887986 	
1.99999966981956 	
0 	
2.74999892230153 	
1.99999841263217 	
0 	
0 	
0 	
0 	
1.99999926437222 	
2.49999842879065 	
0 	
0 	
2.20833085746536 	
0 	
0 	
0.99999985379626 	
3.49999858345191 	
0 	
1.99999877993995 	
0 	
0 	
0 	
0 	
