2.49999853092383 	
0 	
0.999999685543246 	
3.49999828167426 	
3.49999828167426 	
4.20832792553327 	
0.999999685543246 	
3.41666307546005 	
1.99999925212376 	
3.87499696374184 	
0.99999985379626 	
2.20833119462526 	
3.41666307546005 	
3.999996924708 	
1.74999955269008 	
2.74999794160968 	
1.99999937108649 	
0.99999985379626 	
3.16666176478315 	
0 	
0 	
0 	
3.24999836234866 	
0 	
2.41666390449904 	
0 	
1.49999980424771 	
0.999999674307175 	
1.87499888706781 	
0.99999985379626 	
1.99999937108649 	
0 	
0 	
2.99999865848402 	
0.999999955750158 	
2.9999979744664 	
1.49999980424771 	
0.999999685543246 	
3.74999717959811 	
4.49999574690151 	
2.74999783941306 	
0 	
2.87499741806168 	
0 	
1.4999989542961 	
1.74999937116504 	
2.74999819992227 	
0.999999955750158 	
1.99999937108649 	
0 	
0.999999955750158 	
2.99999826848598 	
0.999999834909781 	
1.99999944585635 	
1.74999953715819 	
0.99999962606188 	
0.999999685543246 	
0 	
1.99999966981956 	
0.999999834909781 	
0 	
0 	
3.99999850424752 	
1.999999094168 	
1.99999934861435 	
0 	
2.99999888009199 	
0.999999955750158 	
0 	
0 	
0 	
4.33332894484983 	
2.74999868028227 	
2.99999858329022 	
2.49999877805767 	
0.999999674307175 	
0.999999955750158 	
0 	
0.999999685543246 	
2.49999901334407 	
0 	
0.99999985379626 	
1.49999955366899 	
3.99999741761558 	
3.49999781892323 	
0.999999685543246 	
1.74999915466699 	
0 	
3.12499491889267 	
0 	
1.74999898628054 	
0 	
1.99999928958687 	
1.49999955366899 	
0.99999985379626 	
1.99999944585635 	
2.4999983896391 	
0.999999552828006 	
0 	
3.74999717959811 	
