0 	
1.99999944585635 	
1.99999925212376 	
0.999999632186113 	
0.99999985379626 	
0 	
0.99999985379626 	
0.99999962606188 	
1.49999973592541 	
0.999999955750158 	
1.99999882108138 	
0 	
0.99999985379626 	
0 	
0 	
0.999999674307175 	
0.999999685543246 	
0 	
0.999999834909781 	
1.99999925212376 	
2.74999730406394 	
1.49999956887986 	
0.999999685543246 	
0 	
0 	
0.999999685543246 	
0.999999674307175 	
0 	
0 	
0 	
0 	
0 	
1.99999928958687 	
0 	
0 	
1.99999928958687 	
0 	
0.999999685543246 	
0 	
0.999999834909781 	
0 	
0.99999962606188 	
2.99999895380229 	
0 	
0 	
0 	
1.49999956887986 	
1.49999973592541 	
0.999999955750158 	
0.999999674307175 	
1.99999925212376 	
0.999999834909781 	
0 	
2.74999889326537 	
0 	
1.74999898628054 	
2.24999854858827 	
0.999999834909781 	
0.999999685543246 	
3.2083295291633 	
0 	
0 	
0.999999481250932 	
0.99999985379626 	
0 	
2.49999931067901 	
0 	
0 	
0 	
2.99999894107634 	
0 	
0 	
2.87499762683753 	
0 	
2.99999757649368 	
0 	
1.99999925212376 	
0.999999834909781 	
0 	
0 	
0.99999962606188 	
0 	
0 	
0 	
0.99999985379626 	
1.49999980424771 	
0 	
1.99999937108649 	
0 	
2.99999757649368 	
0 	
1.49999973592541 	
2.49999901334407 	
1.74999938758003 	
1.74999955269008 	
2.49999915348231 	
0 	
2.74999799806445 	
0.999999685543246 	
0.999999481250932 	
