2.49999933657743 	
0 	
0.999999552828006 	
0.999999834909781 	
0.99999985379626 	
0 	
1.99999925212376 	
3.74999748668467 	
1.99999925212376 	
2.99999785488098 	
0 	
1.99999928958687 	
0 	
0 	
0 	
0 	
0.99999985379626 	
0 	
0.999999685543246 	
0.999999834909781 	
0 	
3.49999719071467 	
1.49999945202234 	
0 	
0 	
0 	
1.499999440046 	
0.99999985379626 	
0 	
2.99999887818564 	
0.99999985379626 	
3.49999782214776 	
0 	
0 	
0.999999955750158 	
2.49999933657743 	
0.999999685543246 	
0 	
2.49999933657743 	
0 	
2.49999933657743 	
0 	
0 	
0 	
1.99999944585635 	
0 	
0.999999685543246 	
0 	
0 	
0 	
3.49999802975313 	
0 	
0 	
0.99999985379626 	
0 	
3.49999792543654 	
2.49999805699607 	
0 	
0.99999985379626 	
0.99999962606188 	
0 	
1.49999956887986 	
1.99999928958687 	
0 	
0 	
0 	
0 	
1.74999955269008 	
0 	
0.999999955750158 	
0 	
1.49999973592541 	
2.99999806020817 	
0.99999962606188 	
1.49999955366899 	
0.999999834909781 	
0 	
0.99999985379626 	
0.999999632186113 	
0 	
0.99999962606188 	
0.999999552828006 	
0.999999632186113 	
0.999999674307175 	
1.49999955366899 	
1.99999910565601 	
0 	
0.99999985379626 	
4.12499449439277 	
0.999999955750158 	
1.49999973592541 	
2.20833119462526 	
0.999999685543246 	
0 	
0.99999985379626 	
0 	
0 	
0.999999955750158 	
0 	
0 	
3.49999765027731 	
