0 	
0 	
0.99999985379626 	
0 	
0.999999955750158 	
0 	
0 	
0 	
0.999999685543246 	
0 	
1.99999925212376 	
0.999999632186113 	
1.99999910565601 	
0.999999685543246 	
0.999999552828005 	
0 	
0 	
0 	
0 	
0.999999685543246 	
0.999999834909781 	
0.99999985379626 	
0.999999674307175 	
0 	
0.999999685543246 	
0.999999955750158 	
0 	
1.49999955366899 	
0 	
0 	
0.999999955750158 	
0.999999834909781 	
0 	
0.999999685543246 	
0.999999481250932 	
0 	
0 	
1.49999980424771 	
0 	
0 	
0 	
0 	
0 	
1.99999944585635 	
0.999999834909781 	
0 	
0 	
0.999999955750158 	
0 	
0.999999410540692 	
0 	
0 	
0 	
0.99999962606188 	
0 	
0.99999985379626 	
0.999999632186113 	
0 	
1.99999896250186 	
0 	
0 	
1.74999953715819 	
0 	
0.999999685543246 	
2.49999915348231 	
0 	
1.99999910565601 	
0 	
1.99999944585635 	
0 	
0 	
0 	
0 	
0 	
0.999999955750158 	
0.999999632186113 	
0 	
0 	
2.12499837158107 	
0.99999962606188 	
1.74999953715819 	
0.999999552828006 	
0.999999955750158 	
0 	
0 	
0.999999685543246 	
0 	
0.999999834909781 	
0 	
3.49999767204427 	
0 	
0 	
0 	
0.999999955750158 	
0 	
0 	
0 	
0 	
1.49999945202234 	
2.74999779115062 	
