8.87497272366999 	
3.49999689219299 	
2.4999987351901 	
8.99996965486522 	
4.87499014430551 	
6.49997984438793 	
3.99999713606863 	
7.49997801453804 	
3.6666633231999 	
8.49997494245165 	
2.99999800726114 	
7.49998753395867 	
8.99997230253476 	
9.99997013563066 	
5.12499281991158 	
8.49997291698085 	
2.9999980945367 	
2.49999855442696 	
7.49997533563536 	
3.49999483612025 	
0 	
5.99998738873001 	
5.624991373927 	
5.49999353631816 	
4.87499361368939 	
6.8749807188673 	
9.49997839610021 	
7.24998658088881 	
9.99997185666388 	
1.99999925212376 	
9.74997762348163 	
3.99999383792133 	
3.49999715684353 	
6.62498093124127 	
9.24996935390884 	
10.2499661623944 	
8.49998125027335 	
2.4999977233637 	
7.99998421582721 	
7.99997525108092 	
1.4999989542961 	
4.49999576311053 	
5.74999289165341 	
9.99998002875251 	
2.99999781395104 	
8.74997685315732 	
9.74997097992901 	
10.4999634952588 	
10.4166364383481 	
10.4999765952668 	
2.74999782159296 	
4.49999654396441 	
4.99999507264015 	
4.8749946778406 	
4.9999935912116 	
1.99999877993995 	
1.49999959300891 	
8.49997581449679 	
7.49998881752743 	
6.99998825143881 	
6.62498855170935 	
11.3749621957876 	
5.24999375090305 	
10.6666332834496 	
8.49998182662646 	
5.62499422889793 	
7.49997972361029 	
10.6249641777709 	
7.99998086439726 	
6.87498355469925 	
3.74999746471899 	
8.49998297860119 	
7.49998161026518 	
10.9999709454149 	
3.99999720678024 	
6.99997867179018 	
7.37497717904844 	
7.99997757275281 	
9.24997051546419 	
5.9999899298047 	
4.99998870145071 	
9.49997007928272 	
10.7499691131919 	
5.99999134242124 	
3.49999518030674 	
3.9999974780535 	
10.7499667154737 	
5.1249942581926 	
7.74997825352472 	
5.37498967715717 	
7.49998105564141 	
8.99997935336603 	
7.99997854862306 	
1.99999890401956 	
10.999966731702 	
9.74997279707833 	
9.87498494191326 	
1.99999768190263 	
8.24997361322486 	
6.12499430778183 	
10.249970776029 	
7.49998215954372 	
0 	
7.9999776651713 	
10.6249650987527 	
6.4999882300889 	
9.37497590601764 	
2.6249980954796 	
5.24999130375543 	
6.74998241367171 	
