0.999999685543246 	
8.16664462400463 	
4.49999324518344 	
8.49997692645243 	
6.49998543301428 	
4.49999308590205 	
7.99998238148394 	
7.99997448886168 	
8.49997879244512 	
0.999999480663034 	
8.99997951600809 	
11.2499699621093 	
5.74999300151594 	
9.74997213121728 	
6.99998086236763 	
1.99999927184635 	
0.999999834909781 	
4.74999290730992 	
5.99999368620233 	
2.99999716914718 	
9.41663859099878 	
2.99999173349651 	
0 	
5.49999336292182 	
5.99998697343431 	
5.74998722063775 	
4.99998942711303 	
5.4166528597042 	
8.7499764977145 	
6.74998299914688 	
4.12499427385243 	
2.49999884646765 	
4.49999408540403 	
4.74999494800343 	
1.99999810182898 	
6.99998209478664 	
1.99999910565601 	
11.4999705245965 	
4.49998867738772 	
4.99998553044891 	
3.99999678554746 	
3.49999448469853 	
4.9999952031496 	
3.99999148368515 	
8.99997946319084 	
7.99997825773775 	
2.99999706752816 	
5.9999850436988 	
2.99999745398808 	
2.49999773373898 	
1.49999838725193 	
2.41666387331296 	
2.99999676903692 	
5.37499315591372 	
4.49999454651267 	
4.9999944238722 	
3.1249972070882 	
2.49999847834158 	
8.49998370720727 	
10.4999763624952 	
0.999999481250932 	
9.49997646537079 	
3.49999597694637 	
3.99999759170481 	
5.49999138429245 	
8.74997050350824 	
2.9999950146107 	
8.99997930996048 	
8.49998151295675 	
6.49999037700911 	
3.87499523441875 	
3.99999518768236 	
1.74999814506092 	
0.999999077246953 	
6.24999258892009 	
7.999985008051 	
4.99998989994156 	
7.99997781117097 	
4.87499519042572 	
2.99999781533434 	
7.62497936942902 	
0.999999625291197 	
9.74997424833943 	
4.74999489112619 	
5.12499544989952 	
0 	
3.74999487290112 	
0.999999685543246 	
6.99998460795413 	
4.99999073417578 	
8.4999741070317 	
7.24998734475354 	
2.49999931067901 	
3.12499833757579 	
2.49999797029267 	
1.8749968659252 	
3.99999601650112 	
2.49999907915258 	
3.49999814273158 	
3.99999050635095 	
6.12499285334016 	
1.99999904112638 	
2.99999614498472 	
0.999999874489039 	
2.9999987603962 	
7.49998159357584 	
9.4999724265315 	
6.99998107433634 	
6.49998661082766 	
0.999999955750158 	
