3.74999683064689 	
7.9999761321474 	
7.74998066332082 	
3.49999694052076 	
5.24999468177255 	
2.9999982569029 	
10.4999719359386 	
3.99999574111849 	
3.49999681325939 	
4.99998575003818 	
2.49999811683676 	
9.99998002875251 	
4.49999578758402 	
2.7499972264436 	
2.99999722629668 	
7.74998707050584 	
3.99999599738242 	
3.99999522356213 	
3.74999399261046 	
9.99997299813778 	
4.49999113511731 	
6.37498923376256 	
8.49997337411292 	
4.74999647375622 	
6.24999038204313 	
4.91666002539709 	
8.99998128672201 	
8.99997489303498 	
9.91664202457799 	
5.99999293434022 	
0.999999632186113 	
5.24999185827012 	
9.74997549630881 	
1.99999874892738 	
4.49999471529959 	
10.4999706625345 	
6.12499190222177 	
9.99997913333892 	
0.999999190685501 	
6.99997926126119 	
5.8749919652572 	
2.49999760927969 	
4.16666190599685 	
6.62499093806953 	
3.99999487720798 	
5.12499456179724 	
3.87499473114309 	
9.24997587386723 	
5.24999155906578 	
3.99999584850238 	
5.99998638861257 	
5.416661072353 	
7.49998578267351 	
4.49999579995533 	
1.87499806418886 	
4.99999518763081 	
9.99997677544686 	
2.7499968990137 	
10.9999727656587 	
4.49999584229422 	
3.99999582774631 	
5.62499512735419 	
7.74998076353187 	
6.99998148102164 	
3.99999558484575 	
1.99999904404838 	
7.74997291821085 	
1.9999991944008 	
2.49999809131399 	
3.99999607543387 	
9.74997062079142 	
0 	
6.62498878082585 	
7.9999839941119 	
2.49999797029267 	
6.99998412285497 	
7.99997827841529 	
12.2499713344043 	
3.99999523292174 	
8.74997961359407 	
8.74997214113441 	
5.49998817997985 	
7.99997826304069 	
6.41665754163259 	
2.99999604475196 	
9.49997358667582 	
5.99998609706208 	
3.4999967509341 	
7.4999780285959 	
1.49999830080934 	
5.62499300688006 	
6.62499082884699 	
3.99999726859399 	
5.49999274362044 	
9.49997229744024 	
6.99998492296993 	
6.24999374473782 	
0 	
2.49999828497185 	
5.49999345778995 	
2.99999537850059 	
2.99999846823145 	
1.99999890401956 	
5.49998529436803 	
1.99999904404838 	
7.74997903599486 	
8.49998282864329 	
9.49997651834454 	
6.49999130628208 	
3.49999614219821 	
