3.99999471140701 	
10.7499711130608 	
7.12498531540171 	
4.24999349511501 	
6.99999190813628 	
5.91665541529649 	
6.24999105396561 	
3.74999679841701 	
8.74996974249133 	
8.99997663721313 	
7.99998723455521 	
8.74997817118215 	
3.49999564252111 	
6.87498105482103 	
1.99999925058239 	
10.999975528656 	
5.74999337173492 	
2.74999711066652 	
10.4999666802107 	
7.41664517181322 	
9.74996925426634 	
9.99997238011446 	
7.49998895122738 	
10.7499617341029 	
4.49999607213638 	
7.49998532924589 	
8.87497174607581 	
3.99999619028261 	
12.4999687459296 	
12.4999629876002 	
5.37499302310453 	
5.37499169779384 	
6.37498963980685 	
10.7499709646859 	
8.999981280175 	
4.24999500959158 	
11.4999664785922 	
10.7499702969587 	
9.74997005645004 	
7.49998578267351 	
11.1666282013415 	
7.4999838278005 	
11.4166272625679 	
10.9999675624781 	
10.4999635627882 	
9.4999672503495 	
6.49998719049076 	
4.99999339819885 	
4.99999289058915 	
5.62499179777909 	
5.99999293379815 	
7.99998155402204 	
5.62499422889793 	
3.99999619028261 	
9.37496921713259 	
9.74996545958211 	
8.74998617944092 	
4.99999127146292 	
4.4999920245602 	
9.99997523145232 	
10.2499646077586 	
9.74996918828564 	
6.99998571567664 	
11.4999727714223 	
9.49997685705112 	
9.49997632662622 	
7.49998096264937 	
7.49997432476686 	
9.24997193895319 	
5.37499431521998 	
9.49997854105929 	
6.49998457807073 	
8.99997805175438 	
11.9999684902986 	
5.16665848149971 	
8.49997999835677 	
3.49999730181334 	
6.99997972646186 	
12.9999567895382 	
6.74998985371736 	
9.99997685609399 	
8.49998022939039 	
6.99997892075533 	
7.37497793214862 	
11.2499667298555 	
13.7499584482833 	
11.4166270631806 	
9.99997104558627 	
8.99997307036082 	
12.874963526959 	
6.99998148719062 	
8.24997701056235 	
10.4999726553813 	
6.12499178883499 	
9.37498225832972 	
9.24997938579623 	
10.9999568720482 	
9.66663955375967 	
6.99998672868708 	
2.99999651687762 	
5.99999293379814 	
11.4166344580717 	
10.9999643048439 	
