0.999999834909781 	
0 	
0 	
0.999999552828006 	
0 	
0 	
0.99999985379626 	
1.99999833751845 	
0.999999955750158 	
1.99999937108649 	
0 	
0 	
0.999999625450423 	
0.999999955750158 	
0 	
0 	
0 	
0.999999480761448 	
0 	
0 	
0.999999632186113 	
0 	
0 	
0.999999834909781 	
3.99999805797361 	
2.49999931067901 	
0 	
0 	
0.999999685543246 	
0.99999985379626 	
0 	
0.999999955750158 	
0.999999685543246 	
0.999999834909781 	
0 	
0.999999271778113 	
0.999999955750158 	
0.999999480761448 	
0 	
0 	
1.99999861524161 	
0.99999985379626 	
0.999999481250932 	
0.999999358698125 	
0.999999674307175 	
1.99999931263766 	
0.999999685543246 	
0.999999625450423 	
0 	
1.99999949396443 	
0 	
0 	
0 	
0 	
0 	
0 	
0 	
0 	
0 	
0.999999358698125 	
0 	
0 	
1.99999949396443 	
2.49999870819152 	
0.999999364845566 	
0 	
2.99999872598333 	
0 	
0 	
0.999999674307175 	
1.9999987640815 	
0.99999985379626 	
0 	
0 	
0 	
0.999999834909781 	
1.99999928958687 	
0.999999685543246 	
0.999999834909781 	
0 	
0.999999632186113 	
0 	
0 	
1.99999966981956 	
0.999999834909781 	
0.999999834909781 	
0.999999632186113 	
0 	
0.999999625450423 	
0 	
0 	
0 	
0 	
1.49999980424771 	
0 	
0 	
1.99999928958686 	
0 	
2.49999870819152 	
0.999999834909781 	
