0.999999746982215 	
0.99999985379626 	
0.99999962606188 	
0.999999632186113 	
0.999999151454652 	
0.999999625450423 	
0 	
0.999999955750158 	
0 	
1.99999949396443 	
0 	
0.999999632186113 	
0 	
2.99999872598333 	
0 	
0 	
0.999999632186113 	
0.99999962606188 	
0.999999685543246 	
0 	
0 	
0.999999447637109 	
0 	
0.999999632186113 	
0 	
0.999999955750158 	
0.999999480761447 	
0 	
0 	
0.999999834909781 	
0.999999625450423 	
0 	
0 	
0 	
0.999999834909781 	
1.99999944585635 	
0 	
0.999999480761448 	
0 	
0.999999955750158 	
0 	
0.999999834909781 	
0 	
0.999999625450423 	
1.99999931263766 	
0.999999481250932 	
0.999999834909781 	
0.999999955750158 	
0 	
0 	
0 	
1.99999893744791 	
1.99999937108649 	
1.99999926437223 	
0 	
0.99999985379626 	
0 	
0.999999955750158 	
0 	
0.99999985379626 	
0 	
0 	
0 	
0.999999746982215 	
0 	
0.999999674307175 	
0 	
0.999999674307175 	
0 	
0 	
0 	
0.999999834909781 	
0.999999674307175 	
0 	
1.99999934861435 	
0 	
1.99999966981956 	
0 	
0.999999834909781 	
0 	
0 	
0.999999685543246 	
0.999999955750158 	
0 	
1.99999934861435 	
2.99999902292153 	
0 	
0.999999625450423 	
0.999999674307175 	
0 	
0 	
0.999999625450423 	
2.99999855923089 	
0.999999746982215 	
0 	
0 	
0 	
0.999999625450423 	
0 	
0 	
