0.999999358698125 	
1.99999926437223 	
1.99999970759252 	
2.49999845876156 	
0.999999955750158 	
0.999999481250932 	
0 	
0.999999834909781 	
0 	
0.999999480761447 	
1.99999894104466 	
0.999999955750158 	
0.999999685543246 	
0.99999985379626 	
1.99999931263766 	
0.999999481250932 	
0 	
0 	
0 	
0 	
0.999999685543246 	
0 	
0 	
0 	
0 	
0.99999962606188 	
4.99999658440251 	
0.999999480761448 	
0.999999955750158 	
0 	
0.999999685543246 	
0.999999685543246 	
0 	
1.99999949396443 	
0.999999481250932 	
0.999999674307175 	
0.999999674307175 	
0.999999447637109 	
1.99999949396443 	
0.999999834909781 	
0.999999674307175 	
1.99999966981956 	
0.999999632186113 	
0 	
0.999999834909781 	
0 	
0 	
0.999999685543246 	
0.999999746982215 	
0.999999364845566 	
0.999999481250932 	
0 	
0.999999674307175 	
0.999999955750158 	
0.999999625450423 	
0.999999364845566 	
0 	
1.99999949396443 	
0 	
1.99999925090085 	
0 	
0 	
1.99999894104466 	
0 	
0.999999955750158 	
0 	
2.99999872598333 	
0.999999834909781 	
0.999999746982215 	
0 	
0 	
1.99999925212376 	
0.999999674307175 	
2.99999872598333 	
0.999999090522717 	
0 	
0.999999674307175 	
1.99999910618609 	
0 	
0.999999955750158 	
0.999999625450423 	
0.999999364845566 	
1.99999925212376 	
0.999999358698125 	
0 	
0.999999632186113 	
0.999999288422124 	
1.99999925212376 	
0 	
0.999999955750158 	
1.99999949396443 	
0.999999834909781 	
0 	
0 	
0.999999955750158 	
0 	
0.999999685543246 	
2.99999872598333 	
0 	
1.99999894104466 	
