0 	
0.999999544491357 	
0 	
0.999999955750158 	
0 	
0.999999955750158 	
0 	
0.999999955750158 	
1.99999937108649 	
0 	
0 	
0 	
0 	
0.999999632186113 	
0.999999746982215 	
0 	
0 	
0 	
0 	
0 	
0 	
0 	
0 	
0.999999481250932 	
0.999999834909781 	
0 	
0.999999685543246 	
0 	
0.999999834909781 	
0 	
0 	
0 	
0 	
0 	
0 	
0.999999674307175 	
0 	
0 	
0.999999834909781 	
0 	
0 	
0 	
0 	
0 	
0 	
0 	
0.999999746982215 	
0 	
0 	
0 	
1.99999949396443 	
0 	
0 	
0 	
0 	
0 	
0 	
0 	
0 	
0.999999632186113 	
0 	
0 	
0 	
0.999999480761448 	
0.999999955750158 	
0 	
0.99999985379626 	
0 	
0 	
0 	
0 	
0 	
0 	
0 	
0 	
0 	
0.999999955750158 	
0 	
0 	
0.999999834909781 	
0.999999746982215 	
0 	
0 	
0 	
0 	
0 	
0 	
1.99999893744791 	
0 	
1.49999980424771 	
0 	
0 	
0 	
0 	
0.999999834909781 	
0 	
0 	
0 	
0.999999480761447 	
0.999999685543246 	
0 	
