0 	
0 	
1.99999931263766 	
0 	
0 	
2.99999799573346 	
0.999999685543246 	
0 	
0 	
1.99999925090085 	
0 	
0.999999834909781 	
0 	
0.999999674307175 	
0 	
0.999999746982215 	
0 	
0 	
0 	
0.999999746982215 	
0 	
0.999999685543246 	
0 	
0 	
0.99999985379626 	
0 	
0.999999955750158 	
0.999999834909781 	
0 	
0.999999625450423 	
0 	
0 	
0.999999834909781 	
0 	
0.999999834909781 	
0 	
0 	
0 	
0.999999632186113 	
0 	
0 	
0 	
0 	
0.999999834909781 	
0.999999358698125 	
0 	
0 	
0 	
0 	
0 	
0 	
0 	
0 	
0 	
0 	
0 	
0 	
0 	
1.9999987640815 	
1.99999949396443 	
0 	
0 	
0 	
0 	
0 	
0 	
0 	
1.99999944585635 	
0 	
0 	
0.999999955750158 	
0 	
0.999999955750158 	
0 	
0.99999985379626 	
0 	
0.999999625450423 	
0.999999632186113 	
0 	
0 	
0 	
0 	
0.999999746982215 	
0.999999685543246 	
0 	
0 	
0 	
0 	
0 	
0 	
0 	
0 	
1.99999925090085 	
0 	
0.999999746982215 	
0.999999955750158 	
0.999999834909781 	
0 	
0 	
0.999999955750158 	
0 	
