0 	
1.66666613094462 	
0.999999746982215 	
0 	
5.12499384023271 	
1.99999937108649 	
4.49999588083887 	
1.99999826243543 	
0 	
0 	
0 	
0 	
0 	
0 	
0.999999955750158 	
2.99999911337028 	
0.999999955750158 	
0 	
0 	
1.49999980424771 	
8.99998153789301 	
4.20832945826149 	
5.87499125664142 	
0.999999365582363 	
3.49999717669751 	
0 	
3.74999825161544 	
3.49999748480665 	
4.49999646783942 	
0 	
4.69444023758899 	
4.74999646177447 	
1.49999819346348 	
0 	
5.09721683017734 	
4.74999646177447 	
1.49999980424771 	
0 	
0 	
5.99999631991929 	
1.99999873116473 	
1.99999949396443 	
1.99999892320964 	
8.24998679275323 	
0 	
0.999999955750158 	
0.999999625291197 	
1.49999980424771 	
1.99999770948352 	
0 	
1.99999815449391 	
3.49999786251696 	
2.99999677104261 	
4.74999566369102 	
7.44442840744027 	
0 	
0.999999480761447 	
1.4999991831514 	
5.74999479490874 	
0.999999481250932 	
9.59720576025995 	
2.49999870819152 	
1.99999833751845 	
0 	
0 	
0 	
0 	
1.99999858228381 	
7.09721213340424 	
7.09721213340424 	
4.74999369496275 	
5.99999369921078 	
4.49999399327259 	
2.99999797290209 	
0 	
5.39395959896744 	
0 	
3.99999746232945 	
0 	
3.99999788208931 	
1.99999703163094 	
0 	
0 	
0.999999955750158 	
4.94328084333281 	
4.49999564766936 	
0 	
4.09721899741334 	
0 	
0.99999907531188 	
3.99999655503156 	
2.20833142149582 	
0 	
0 	
0 	
0 	
0 	
6.49999338330308 	
3.49999637786066 	
1.99999949396443 	
0 	
1.49999876307492 	
0.999999955750158 	
0.999999364845566 	
0 	
2.99999763182403 	
0 	
1.99999937108649 	
2.49999760363629 	
3.99999759170481 	
0 	
0 	
3.49999826699734 	
5.94327876847784 	
1.99999858228381 	
2.99999792922475 	
0.999999703628503 	
4.0972184552507 	
3.49999765212327 	
0 	
2.99999797290209 	
0.999999625291197 	
0.999999955750158 	
1.99999931263766 	
1.99999826243543 	
1.4999994342632 	
3.49999748480665 	
1.99999857684425 	
0 	
2.74999787949066 	
4.99999495278175 	
5.49999429791237 	
3.49999765212327 	
0 	
0 	
1.49999980424771 	
0.999999955750158 	
2.74999892230153 	
6.74999341494216 	
0 	
0 	
4.74999566369103 	
0.999999955750158 	
0 	
1.99999925090085 	
1.99999937108649 	
3.99999746232945 	
4.49999333723492 	
0 	
0 	
0 	
0 	
0 	
6.49999079039409 	
2.99999706222308 	
4.74999566369103 	
0.999999834909781 	
0 	
0.999999674307175 	
0 	
4.499996177507 	
2.99999695761669 	
0 	
3.99999602690985 	
4.49999431073327 	
2.99999838481446 	
0 	
6.24999275456207 	
4.49999581367973 	
4.94328084333281 	
1.99999925090085 	
0 	
2.99999597814845 	
0 	
0 	
2.99999782611612 	
4.09721675139774 	
0.999999632186113 	
3.74999825161544 	
0 	
0 	
0 	
0 	
0 	
2.99999820959017 	
0 	
1.99999892320964 	
1.99999853570796 	
1.99999894816723 	
0 	
2.208331964727 	
5.74999421584019 	
2.74999839654845 	
0 	
0 	
1.99999826243543 	
1.49999980424771 	
0 	
1.49999980424771 	
1.49999945202234 	
3.49999832724642 	
0 	
2.74999839654845 	
2.99999872598333 	
