0 	
0 	
0 	
0 	
0.999999534294538 	
0 	
0 	
0 	
0.999999834909781 	
0 	
0 	
0 	
1.99999892320964 	
0 	
0.999999955750158 	
6.49999115999599 	
0 	
1.99999949396443 	
0 	
0 	
0 	
0 	
0 	
0 	
0.999999674307175 	
0.999999874489039 	
0.999999674307175 	
4.49999599450929 	
0 	
1.99999925090085 	
0 	
0 	
7.49999018991188 	
3.99999652487086 	
0 	
0 	
0 	
0 	
0 	
0 	
0 	
0.999999955750158 	
0.999999674307175 	
0 	
3.99999784641928 	
2.74999868959105 	
0 	
0 	
1.99999873116473 	
2.99999739365314 	
0 	
0 	
0 	
0 	
4.7499968332277 	
1.99999892320964 	
0 	
1.49999980424771 	
2.99999809674709 	
2.99999911337028 	
0 	
0 	
0 	
0 	
0 	
0 	
0.999999746982215 	
0 	
0 	
0 	
0 	
0 	
0 	
0.999999358698125 	
0 	
0 	
0 	
1.49999980424771 	
0 	
0 	
0 	
0 	
1.49999952831487 	
0 	
0 	
0.999999955750158 	
0 	
3.49999765212327 	
0 	
0 	
0 	
0 	
3.49999765212327 	
0.999999151454652 	
0 	
4.7499968332277 	
2.99999792922475 	
2.99999887635127 	
0 	
0 	
3.49999786251696 	
0 	
3.49999765212327 	
0 	
0 	
0 	
