2.70370018420236 	
2.99999587544371 	
6.87498999269856 	
3.49999639248146 	
0 	
6.49999014168538 	
6.49999043760247 	
0 	
0 	
0 	
4.09721850949526 	
8.74998203316606 	
0 	
9.74998023383027 	
3.99999733513549 	
6.99999164662782 	
0 	
1.99999966981956 	
2.20833108787384 	
9.24998440071962 	
3.49999716603056 	
3.49999675156946 	
2.99999895380229 	
2.99999797290209 	
0 	
5.7499940097956 	
0 	
3.49999786251696 	
6.49999043760247 	
3.99999859703249 	
3.49999339510317 	
3.49999679841701 	
1.49999955366899 	
7.6944310759565 	
4.0972179835731 	
6.9999931308074 	
0 	
7.49998693167541 	
5.49999378429747 	
3.74999825161544 	
4.499996177507 	
0 	
0 	
0 	
3.99999805797361 	
0 	
5.49999437816282 	
1.49999945202234 	
2.99999741740124 	
5.49998961264363 	
6.49999197701985 	
3.49999721639523 	
3.99999660814628 	
3.49999765212327 	
3.74999645835448 	
1.99999937108649 	
9.37498353384424 	
6.99998899638842 	
3.4999954437147 	
4.74999646177447 	
8.99998180826412 	
5.49999071367494 	
4.99999606563288 	
3.49999826699734 	
5.49999266920244 	
0.999999674307175 	
9.44442170112104 	
5.49999307970346 	
2.99999706222308 	
3.72916059165269 	
9.34720198099028 	
0 	
4.0972184552507 	
5.99999307881422 	
4.49999467698991 	
0 	
5.09721841119482 	
6.24999050876615 	
2.99999838481446 	
3.49999665660121 	
0 	
9.74997657099012 	
0 	
5.249994566791 	
1.4999991831514 	
1.49999911581104 	
6.59579514228087 	
10.7499777429674 	
2.99999787342571 	
0.999999746982215 	
6.79763481122523 	
3.49999832724642 	
0.999999674307175 	
9.24998470504073 	
5.37499490244217 	
0.999999955750158 	
3.99999660814628 	
2.99999911337028 	
3.99999716456762 	
1.99999858228381 	
0.999999834909781 	
0 	
