0 	
0 	
3.49999716603056 	
0 	
0 	
0 	
0 	
3.49999716603056 	
0 	
4.49999594025185 	
0 	
1.99999949396443 	
0 	
0 	
0 	
3.49999554064434 	
0.999999271778113 	
2.99999911337028 	
3.99999687879423 	
6.49999274523953 	
0.999999955750158 	
0 	
0 	
2.99999820959017 	
2.74999727937295 	
4.0972179835731 	
1.4999994342632 	
0 	
0 	
0.999999364845566 	
0.999999955750158 	
0 	
0 	
3.49999786251696 	
3.49999786251696 	
0.999999674307175 	
0 	
0 	
0 	
0 	
0 	
1.49999980424771 	
1.99999937108649 	
2.74999868959105 	
0 	
0.999999955750158 	
2.99999739365314 	
0 	
8.99998748194362 	
1.99999908898271 	
0 	
1.99999892320964 	
1.99999925090085 	
0 	
0.999999955750158 	
4.69443809960573 	
0 	
0 	
0.999999746982215 	
0 	
0 	
1.99999818104543 	
0 	
0.999999151454652 	
5.4999948025112 	
1.99999892320964 	
0 	
0.999999746982215 	
0 	
0.999999955750158 	
0.999999151454652 	
0 	
0 	
3.49999765212327 	
0 	
5.4999948025112 	
1.99999892320964 	
0 	
0 	
0 	
2.99999872598333 	
0 	
4.99999682791182 	
0 	
0 	
0 	
0 	
0 	
3.49999716603056 	
4.99999730802411 	
0.999999674307175 	
3.49999717669751 	
0 	
0 	
6.49999117986456 	
4.7499968332277 	
0 	
0 	
0 	
0 	
3.49999665660121 	
0 	
3.49999717669751 	
0 	
3.49999765212327 	
1.49999955366899 	
0.999999955750158 	
3.49999716603056 	
0 	
0 	
1.99999873116473 	
0.999999955750158 	
3.49999786251696 	
0 	
3.49999748480665 	
5.09721829034683 	
1.49999955366899 	
0 	
0 	
0 	
7.694430158444 	
0 	
1.99999801345493 	
0 	
0 	
0.999999625450423 	
0 	
0 	
3.49999862848395 	
3.49999765212327 	
0 	
0 	
0 	
0 	
0 	
0 	
0 	
1.49999945202234 	
0 	
0 	
0 	
1.99999826243543 	
2.99999911337028 	
0 	
0 	
0.999999955750158 	
0 	
0.999999834909781 	
1.99999970759252 	
2.99999838481446 	
0 	
0.999999955750158 	
0.999999625450423 	
0 	
0 	
0.999999131217715 	
4.74999566369102 	
0 	
0 	
5.74999539226011 	
0.999999955750158 	
0 	
2.99999797290209 	
0.999999625450423 	
3.49999675156946 	
3.49999517463071 	
5.99999631991929 	
1.99999970759252 	
1.49999952831487 	
0.999999364845566 	
4.99999578597964 	
0.999999271778113 	
2.99999792922475 	
4.94328149560737 	
0 	
5.09721848277407 	
0 	
0.999999151454652 	
0.999999625291197 	
1.99999873116473 	
4.49999599450929 	
0 	
3.49999765212327 	
0 	
5.87499125664142 	
5.4999927923645 	
0 	
3.99999784641928 	
1.49999980424771 	
0 	
1.99999858228381 	
1.99999826243543 	
0 	
0 	
5.69443860193662 	
1.99999970759252 	
0 	
3.49999833078835 	
0 	
3.49999456288109 	
3.49999665660121 	
