0 	
0.999998750375256 	
0 	
0.999999674307175 	
1.49999955366899 	
0 	
1.49999980424771 	
3.99999588361527 	
0 	
4.49999370345046 	
1.99999892320964 	
1.49999860311264 	
2.99999656422529 	
2.74999868959105 	
1.99999889527422 	
4.62499598631469 	
0 	
0 	
0 	
0.999999874489039 	
3.99999594348892 	
0 	
0 	
1.99999908898271 	
8.99998363308706 	
0 	
2.99999924094665 	
0 	
0 	
0 	
0 	
0 	
5.49999378429747 	
0.999999874489039 	
5.49999378429747 	
0 	
4.49999599450929 	
2.99999887635127 	
0 	
6.74999062018953 	
0 	
0.999999480761448 	
4.49999646783942 	
0.999999625450423 	
0 	
3.49999605331564 	
0 	
3.49999454177518 	
0.999999834909781 	
0 	
2.74999839654845 	
5.62499348537216 	
0.99999898587223 	
0.999999746982215 	
0 	
0 	
0 	
3.74999524949801 	
0.999999746982215 	
0 	
9.24998579438587 	
0 	
4.99999645570952 	
4.99999423161728 	
0 	
0 	
0.999999955750158 	
0 	
0 	
0 	
2.99999911337028 	
3.99999716456762 	
0 	
0 	
3.74999773626942 	
1.99999892320964 	
0 	
2.99999887635127 	
7.49999034098595 	
2.99999911337028 	
0.999999955750158 	
3.49999748480665 	
0 	
0.99999907531188 	
7.74999033048555 	
0 	
6.87499080706925 	
3.49999716603056 	
1.99999853570796 	
0 	
1.99999970759252 	
0 	
5.49999194466481 	
0 	
0 	
0 	
2.99999887635127 	
6.4999900180702 	
0 	
2.99999895380229 	
0 	
1.99999797174446 	
0 	
1.49999955366899 	
5.4999940802667 	
1.99999937108649 	
5.74999392426198 	
0 	
4.499996574259 	
1.99999970759252 	
0 	
0 	
5.49999455874591 	
0 	
1.99999937108649 	
4.74999646177447 	
2.99999924094665 	
0.999999834909781 	
1.99999925090085 	
0 	
6.09721261928701 	
1.99999892320964 	
4.49999421246647 	
6.49999338330308 	
4.99999628482284 	
1.99999826243543 	
0 	
7.49999018991188 	
3.49999694172593 	
0 	
1.99999949396443 	
4.99999578597964 	
4.49999423658634 	
0.999999674307175 	
0 	
0 	
5.49999488725186 	
0 	
0 	
0 	
1.99999889527422 	
6.09721567783982 	
3.99999859703249 	
0 	
0 	
2.99999741740124 	
4.99999515448418 	
4.4999924710113 	
2.99999838481446 	
0 	
0 	
0 	
0 	
0 	
1.99999797174446 	
2.99999628256059 	
0 	
0 	
3.99999542906423 	
0 	
0.999999955750158 	
0 	
4.69443847798021 	
1.99999892320964 	
0 	
0 	
0 	
0 	
0 	
0 	
4.9432788861702 	
0 	
5.09721678615192 	
1.99999873116473 	
0 	
0 	
0 	
3.49999716603056 	
7.24998684834631 	
3.49999665660121 	
0.999999358698125 	
0 	
0 	
1.99999936370659 	
0.999999674307175 	
2.99999872598333 	
0 	
0 	
1.99999858228381 	
4.99999511735247 	
5.74999146852561 	
0.999999674307175 	
0 	
5.49999307970346 	
0.999999480761448 	
0.999999955750158 	
0 	
0 	
2.99999838481446 	
1.99999873116473 	
0 	
0 	
2.99999911337028 	
