0 	
0.999999955750158 	
4.99999151650989 	
4.74999493838974 	
7.59720662419685 	
1.99999970759252 	
0 	
6.49487689474866 	
0 	
5.59579783995576 	
3.49999554064434 	
0 	
4.49999605192566 	
1.49999945202234 	
6.74999286964337 	
0.999999674307175 	
0 	
0 	
3.99999620472678 	
0 	
1.99999797174446 	
3.99999859703249 	
0 	
0 	
0 	
6.69443195692325 	
3.49999832724642 	
4.99999390825453 	
3.49999765212327 	
4.99999390825453 	
0 	
0 	
2.99999911337028 	
0 	
3.49999375948198 	
0 	
0.999999955750158 	
0.999999834909781 	
6.49999171034471 	
0 	
6.59579371326042 	
0.999999746982215 	
0 	
0 	
0 	
0 	
0 	
5.74999313878643 	
0 	
6.49999274523953 	
0.999999834909781 	
0 	
0.999999955750158 	
7.24998842646047 	
8.24998728696479 	
1.99999892320964 	
2.49999901820232 	
8.09721154852865 	
0 	
6.99998885368771 	
1.99999931263766 	
3.49999694172593 	
3.99999652487086 	
0 	
0.999999674307175 	
2.99999787342571 	
4.0972189218362 	
9.49998519118721 	
0 	
0 	
2.99999809674709 	
1.99999926437223 	
6.9999916504029 	
2.99999695761669 	
0 	
2.74999868959105 	
0.999999955750158 	
0 	
4.94327981814649 	
0 	
0 	
5.99999243929371 	
3.49999716603056 	
1.99999858228381 	
1.49999980424771 	
5.49999217087773 	
1.99999833751845 	
0 	
0.999999632186113 	
1.99999894816723 	
5.12499600339514 	
8.24998813989907 	
6.62499079895013 	
3.49999554064434 	
0 	
0 	
2.99999739365314 	
1.99999925090085 	
1.99999949396443 	
0 	
1.49999955366899 	
0.999999625291197 	
1.99999925090085 	
6.59721541678715 	
0 	
0.999999955750158 	
1.99999925090085 	
4.0972189218362 	
0.999999674307175 	
1.99999937108649 	
5.87499370550416 	
3.49999716603056 	
4.49999696514198 	
3.99999746232945 	
1.99999937108649 	
3.49999716603056 	
0 	
0 	
3.49999717669751 	
0 	
0 	
3.49999375948198 	
4.7499962693349 	
5.12499688905883 	
0.999999834909781 	
4.94328084333281 	
1.49999980424771 	
0.999999533150113 	
1.99999873116473 	
5.4999948025112 	
0 	
3.49999716603056 	
0 	
1.49999945202234 	
0 	
0.999999364845566 	
4.99999494992216 	
4.7499950528395 	
0 	
2.99999911337028 	
4.74999380113422 	
2.99999792922475 	
2.7499990537494 	
4.69444023758899 	
0 	
0 	
0 	
0.999999291141904 	
0.999999955750158 	
5.59721681259887 	
3.49999765212327 	
3.49999679841701 	
3.74999717063256 	
0.999999625291197 	
5.87499468470967 	
3.12499789171311 	
0.999999955750158 	
7.49998879820983 	
1.99999797174446 	
3.74999746764534 	
1.99999842772729 	
8.49998853054395 	
7.74998856990379 	
4.74999646177447 	
0 	
0 	
6.37499241754242 	
3.49999716603056 	
0.999999632186113 	
1.99999949396443 	
0.999999834909781 	
0 	
0 	
0.999999674307175 	
0.999999746982215 	
7.24999077643808 	
3.12499789171311 	
1.99999896152289 	
1.99999949396443 	
4.69443971085571 	
0 	
3.49999726784329 	
0.999999291141904 	
0 	
0 	
3.49999607911891 	
3.49999544441583 	
2.99999809674709 	
5.39395959896744 	
1.99999970759252 	
1.99999937108649 	
5.09721841119482 	
0 	
0.999999625291197 	
0 	
0 	
4.49999581367973 	
6.3055471106952 	
2.99999911337028 	
4.99999578597964 	
3.49999607911891 	
