0.999999948466456 	
0 	
0.999998364929024 	
0 	
0 	
0 	
0 	
0.999999674307175 	
0.999999955750158 	
0 	
0 	
0.999999955750158 	
4.99999533594449 	
2.74999787949066 	
4.74999646177447 	
0 	
0 	
0 	
0 	
0.999999365582363 	
0 	
5.4999948025112 	
1.99999949396443 	
3.49999786502945 	
3.99999687879423 	
1.99999784602461 	
0.999999674307175 	
0.999999481250932 	
0 	
1.99999925212376 	
1.99999908898271 	
0.999999955750158 	
0 	
0 	
0 	
2.74999839654845 	
1.99999873116473 	
0.999999461604821 	
0 	
0.999999131217715 	
0.999999090522717 	
2.99999636369529 	
0 	
3.74999773626942 	
3.99999620472678 	
0 	
0 	
0 	
0.999999955750158 	
0 	
0 	
2.99999911337028 	
0 	
0 	
0.999999674307175 	
0 	
2.74999787949066 	
0 	
0 	
3.49999786251696 	
1.49999943909282 	
0 	
4.74999646177447 	
3.99999602690985 	
3.49999765212327 	
0 	
0 	
0 	
0 	
3.74999825161544 	
0 	
0 	
0 	
0 	
0.999999632186113 	
0 	
0 	
0 	
1.99999892320964 	
0 	
0 	
1.99999925090085 	
0 	
0 	
1.99999949396443 	
0 	
0 	
0 	
0 	
0 	
0 	
0.999999481250932 	
0 	
1.99999937108649 	
0.999999834909781 	
0.999999625450423 	
5.69443847056439 	
0 	
0 	
0 	
4.7499968332277 	
0.999999365582363 	
0 	
0 	
1.99999925090085 	
0 	
0 	
0 	
0 	
0 	
0 	
1.99999873116473 	
0 	
1.99999949396443 	
0 	
1.99999908898271 	
0 	
0.999999955750158 	
0 	
0.999999461604821 	
0 	
2.99999911337028 	
0 	
0 	
0 	
0 	
0.999999955750158 	
2.74999868959105 	
4.09721899741334 	
0 	
1.99999857684425 	
2.74999892230153 	
0 	
0.999999481250932 	
0 	
0 	
0 	
0 	
0 	
0.999999834909781 	
0 	
1.99999970759252 	
1.99999892320964 	
0 	
0 	
5.99999275373856 	
0.999999955750158 	
0 	
0 	
0.999999746982215 	
0 	
0 	
0 	
0 	
4.49999599450929 	
2.7499974012556 	
0 	
0 	
0 	
0 	
0 	
0 	
0 	
3.99999602690985 	
0 	
3.99999602690985 	
0 	
0 	
0.999999834909781 	
0 	
0 	
0 	
0 	
0 	
0 	
0.999999955750158 	
0 	
4.7499962693349 	
0 	
0 	
0 	
1.99999892320964 	
1.99999970759252 	
0.999999746982215 	
3.99999746232945 	
0 	
0 	
0 	
0 	
0 	
6.49999202514547 	
3.49999786251696 	
0 	
0 	
0.999999625450423 	
0 	
0.999999625450423 	
0.999999955750158 	
4.09721961872707 	
0 	
0 	
0 	
0 	
1.99999858228381 	
3.99999687879423 	
