5.9166547036371 	
1.49999980424771 	
0 	
0 	
6.49999274523953 	
1.99999889527422 	
0 	
1.99999937108649 	
6.99998989790824 	
1.4999991831514 	
3.49999607911891 	
3.99999574675583 	
0 	
8.24998773613321 	
0 	
6.99998885368771 	
0 	
0.999999955750158 	
0 	
0 	
0.999999703628503 	
8.4999887633515 	
5.59579637427603 	
1.99999937108649 	
0 	
2.20833108787384 	
7.84720913338768 	
3.99999733513549 	
1.99999858228381 	
5.69443458448398 	
9.12498153996838 	
0 	
1.99999896152289 	
2.20833154977683 	
5.74999322060896 	
1.99999889527422 	
0 	
0 	
4.0972184552507 	
1.4999991831514 	
1.49999955366899 	
0 	
0 	
0.999999955750158 	
5.37499585211537 	
0.999999674307175 	
5.74999243164974 	
5.49999378429747 	
6.49999139313989 	
6.249993002394 	
4.49999646783942 	
3.99999620472678 	
0.999999955750158 	
0 	
4.74999476593861 	
9.19325993022286 	
0 	
0 	
4.87499288345538 	
0 	
0 	
6.49999095152804 	
1.49999911581104 	
3.49999675156946 	
2.99999759120835 	
5.74999106304075 	
3.49999862848395 	
2.7499990537494 	
0 	
6.49999338330308 	
1.99999970759252 	
0.999999834909781 	
0.999999481250932 	
3.49999716603056 	
5.74999121965314 	
0 	
1.49999980424771 	
3.49999716603056 	
6.87499279594678 	
1.99999925212376 	
0.999999674307175 	
9.74997933657013 	
0 	
5.19212091340838 	
2.74999711752729 	
2.99999723358111 	
6.49999274523953 	
0.999999625450423 	
5.1921216243131 	
0 	
3.49999786502945 	
0 	
2.99999895380229 	
0 	
0.999999834909781 	
0 	
3.49999607911891 	
0 	
5.59579708162962 	
4.499996574259 	
