0 	
0.999999955750158 	
0 	
0.999999834909781 	
0 	
3.74999746764534 	
0 	
0.999999461604821 	
1.99999858228381 	
0 	
0 	
0 	
0 	
0 	
0 	
2.7499974012556 	
0.999999358698125 	
0 	
0 	
1.99999873116473 	
0 	
3.49999665660121 	
0 	
4.49999669470847 	
0 	
0 	
0 	
0 	
0 	
3.49999716603056 	
0 	
0 	
0 	
0 	
0 	
0 	
1.99999949396443 	
0 	
0 	
0 	
1.49999980424771 	
0 	
0 	
0 	
0 	
0 	
0 	
2.74999868959105 	
0 	
0 	
0 	
0.999999625450423 	
0 	
2.99999809674709 	
0 	
0 	
1.49999980424771 	
0 	
0 	
0 	
0 	
2.74999868959105 	
2.74999868959105 	
0 	
0.999999874489039 	
0 	
0 	
0 	
2.74999868959105 	
1.99999858228381 	
1.49999952831487 	
0 	
0.999999955750158 	
0 	
0 	
0 	
1.99999892320964 	
0 	
0 	
0.999999746982215 	
0 	
0.999999461604821 	
0 	
0 	
0.999999461604821 	
0 	
1.99999857684425 	
0 	
0 	
0.999999834909781 	
0.999999955750158 	
0 	
0 	
2.99999872598333 	
1.99999892320964 	
0 	
1.99999770948352 	
0 	
1.99999826243543 	
0 	
2.99999838481446 	
0 	
0 	
0 	
1.49999980424771 	
0 	
0 	
0 	
4.74999646177447 	
0 	
0 	
1.99999858228381 	
0.999999364845566 	
0 	
0 	
0 	
0.999999955750158 	
0 	
0 	
0 	
1.49999980424771 	
0 	
0 	
0 	
1.99999892320964 	
0 	
0 	
2.74999868959105 	
0 	
0 	
1.99999853570796 	
0 	
0 	
0.999999834909781 	
1.99999873116473 	
0 	
0 	
0 	
0 	
0 	
0.999999955750158 	
0 	
1.99999966981956 	
0 	
0 	
0 	
0 	
0 	
0 	
0 	
0 	
0 	
0 	
0 	
1.99999873116473 	
0.999999955750158 	
5.12499681978055 	
1.99999873116473 	
0 	
0.999999834909781 	
0 	
0 	
0 	
0 	
0 	
0 	
1.99999937108649 	
1.4999989542961 	
0 	
0.999999131217715 	
0 	
0.999999746982215 	
0 	
0 	
0 	
1.99999937108649 	
0 	
0 	
0 	
0 	
0 	
0 	
1.99999925090085 	
0.999999955750158 	
0 	
0.999999955750158 	
0.999999874489039 	
0 	
0 	
0 	
1.99999970759252 	
0 	
1.99999892320964 	
0 	
0 	
0 	
0 	
0 	
0 	
0 	
0 	
0 	
0 	
