0 	
0 	
0 	
0 	
0 	
0.999999948466456 	
0.999999955750158 	
0 	
0 	
0 	
0 	
2.99999887635127 	
0.999999955750158 	
1.99999892320964 	
0.999999874489039 	
2.99999723358111 	
1.99999873116473 	
0 	
0 	
0 	
0 	
0 	
0 	
0 	
0.999999955750158 	
0 	
0 	
0 	
0 	
0 	
1.99999970759252 	
0 	
1.99999949396443 	
0 	
0 	
0 	
0 	
0 	
0 	
0 	
0 	
0 	
0 	
0 	
0 	
0 	
0 	
0 	
0 	
0 	
0 	
0 	
0 	
0 	
0 	
0 	
0 	
0 	
0 	
0 	
0 	
0.999999291141904 	
0 	
0 	
0 	
0 	
0 	
0 	
4.09721961872707 	
0 	
1.99999892320964 	
0 	
0 	
0 	
0 	
0 	
3.99999687879423 	
0 	
0 	
0 	
0 	
0 	
0 	
0.999999955750158 	
0 	
0 	
0 	
0 	
0 	
0 	
3.99999784641928 	
0 	
0 	
1.99999925212376 	
0 	
0 	
0 	
0 	
0 	
0 	
0 	
0.999999955750158 	
0 	
0 	
0 	
0 	
1.99999970759252 	
0 	
0 	
0 	
0 	
0 	
0 	
0 	
0 	
1.99999826243543 	
1.99999858228381 	
0 	
0 	
0 	
0 	
0 	
0 	
0.999999955750158 	
0 	
0 	
0 	
0 	
0 	
0 	
0 	
0 	
0 	
0 	
0 	
0 	
3.49999765212327 	
0 	
0 	
0 	
0 	
0 	
0 	
0 	
0 	
0 	
0 	
0 	
0 	
0 	
0 	
0 	
0 	
0 	
0 	
0 	
0.999999955750158 	
0 	
0 	
0 	
0 	
0 	
0 	
0 	
0.999999834909781 	
0 	
0 	
0 	
0.999999090522717 	
0 	
1.99999970759252 	
0 	
0 	
0 	
0 	
0 	
0 	
2.99999855923089 	
0 	
0 	
0 	
4.49999637140781 	
0 	
0 	
0 	
0 	
2.99999792922475 	
0.999999834909781 	
0 	
0 	
0 	
0 	
0 	
0 	
0 	
0 	
0 	
1.99999937108649 	
1.99999873116473 	
0 	
0 	
0 	
1.99999925090085 	
0 	
0 	
0 	
0 	
1.99999892320964 	
0 	
0 	
0 	
