3.40740348174211 	
3.49999748480665 	
4.99999504567078 	
0 	
0 	
2.99999872598333 	
0 	
8.49998921982778 	
8.74998012545652 	
0 	
5.49999484917642 	
2.49999644613197 	
0 	
4.49999279943599 	
5.87499281049732 	
1.49999959300891 	
2.74999892230153 	
2.41666377970675 	
0.999999075432228 	
2.99999792922475 	
3.49999710779926 	
0 	
0 	
0.999999480761447 	
4.74999493838974 	
9.99998210224789 	
4.94328149560737 	
7.49998750194498 	
1.99999937108649 	
0.999999674307175 	
0 	
5.99999341741763 	
1.99999873116473 	
4.49999575906082 	
4.24999547634837 	
1.99999937108649 	
2.99999635377819 	
5.24999167372257 	
4.49999669470847 	
2.99999792922475 	
0.999999955750158 	
2.74999892230153 	
6.74999293428773 	
0.999999955750158 	
0.999999955750158 	
0.999999480761448 	
0.999999955750158 	
8.69442487790797 	
5.99998920354439 	
7.49998944774131 	
8.09578931450651 	
4.49999238935288 	
0.999999955750158 	
0 	
0.999999955750158 	
5.4999948025112 	
1.99999858228381 	
2.99999598530857 	
1.99999797174446 	
5.20832773170099 	
1.49999959300891 	
4.99999495278175 	
0 	
5.39395959896744 	
1.99999925090085 	
1.99999966981956 	
0.999999955750158 	
2.99999857011487 	
1.49999980424771 	
0 	
1.99999896250186 	
5.49999012368275 	
6.30554376462376 	
11.2499780252367 	
3.49999726784329 	
0 	
3.49999637786066 	
4.49999588083887 	
7.99998684614046 	
3.49999786251696 	
2.99999924094665 	
6.49999364918853 	
5.7499945738219 	
0 	
6.49998861040543 	
0.999999955750158 	
0.999999151454652 	
6.74999264204166 	
2.41666377970675 	
5.49999114419522 	
5.69443860193662 	
0 	
0 	
1.49999980424771 	
7.4432708772488 	
1.4999991831514 	
4.74999646177447 	
6.14739468411418 	
6.2499903596294 	
5.99999333010398 	
5.49998961264363 	
