0.999999948466456 	
0 	
0 	
0 	
5.74999452719798 	
2.99999809674709 	
0 	
0 	
0 	
7.44442764997329 	
1.49999860311264 	
0.999999461604821 	
0 	
0 	
0.999999955750158 	
0 	
0.999999358698125 	
0 	
0 	
4.99999473087564 	
1.99999949396443 	
1.49999980424771 	
1.99999857684425 	
4.99999492936115 	
6.2499919120174 	
0.999999955750158 	
0 	
3.99999784641928 	
1.49999945202234 	
0.999999955750158 	
3.74999746764534 	
0.999999955750158 	
3.99999602690985 	
4.74999646177447 	
0 	
1.99999873116473 	
0.999999358698125 	
0 	
2.99999723373459 	
0 	
0 	
1.99999949396443 	
0 	
1.99999873116473 	
0 	
0 	
0.999999632186113 	
2.99999621006095 	
0 	
1.49999980424771 	
0 	
3.49999748480665 	
0 	
0 	
0.999999364845566 	
0 	
0.999999746982215 	
0 	
1.99999858228381 	
0.999999632186113 	
1.9999983029093 	
1.99999937108649 	
2.74999839654845 	
0 	
0 	
0.999999955750158 	
0 	
0 	
0.999999955750158 	
0 	
0 	
1.99999949396443 	
1.99999925090085 	
0 	
0.999999955750158 	
3.49999717669751 	
0 	
0 	
0 	
0.999999075432228 	
3.49999716603056 	
3.49999544441583 	
0 	
0 	
1.99999970759252 	
0 	
1.99999889527422 	
0 	
0.999999955750158 	
0 	
2.4999976015748 	
0 	
1.49999952831487 	
3.74999825161544 	
1.99999970759252 	
1.99999970759252 	
4.49999628972828 	
0 	
1.99999937108649 	
0.999999746982215 	
1.99999873116473 	
2.99999628256059 	
0 	
0 	
0 	
0 	
0 	
1.99999970759252 	
0 	
0 	
0 	
0.999999955750158 	
0.999999834909781 	
3.49999665660121 	
0 	
0 	
1.99999970759252 	
0 	
0.999999674307175 	
0 	
0 	
0 	
1.99999937108649 	
6.49999240797895 	
0 	
0 	
0 	
0.999999461604821 	
3.49999765212327 	
0 	
0 	
0.999999955750158 	
0 	
0 	
0 	
1.49999980424771 	
0 	
3.49999786251696 	
0 	
2.99999809674709 	
0 	
0 	
0 	
1.49999980424771 	
3.12499789171311 	
0 	
0 	
3.49999675156946 	
0 	
0.999999480761448 	
2.99999792922475 	
1.99999708495126 	
1.99999931263766 	
3.99999746232945 	
0.999999320815288 	
0 	
4.74999493838974 	
5.49999217087773 	
4.74999646177447 	
1.99999949396443 	
0 	
0.999999955750158 	
0 	
0 	
0 	
0 	
0 	
2.7499974012556 	
0 	
1.99999858228381 	
1.99999937108649 	
1.99999937108649 	
0.999999955750158 	
1.99999937108649 	
0 	
0 	
0 	
1.99999857684425 	
0 	
0 	
0 	
0 	
0 	
0 	
3.49999786251696 	
3.74999566205978 	
0 	
0 	
5.49999455874591 	
0 	
1.49999980424771 	
0 	
1.99999858228381 	
0 	
1.99999873116473 	
0 	
0.999999131217715 	
0 	
5.1921216243131 	
0 	
0 	
0 	
4.09721899741334 	
0 	
