0 	
0 	
2.49999870819152 	
0 	
2.99999924094665 	
3.49999694172593 	
0 	
0.999999874489039 	
0 	
3.49999721639523 	
1.99999937108649 	
0 	
4.49999503537226 	
0 	
0.999999480761447 	
2.99999787342571 	
0 	
2.99999782611612 	
2.99999723373459 	
4.49999564766936 	
0 	
5.74999479490874 	
0.999999955750158 	
5.4999948025112 	
7.24999185184118 	
4.99999443033138 	
4.99999421462833 	
0 	
6.04647439810363 	
3.49999765212327 	
3.49999456288109 	
1.49999876307492 	
0 	
0 	
3.99999859703249 	
0 	
0 	
7.24999100671501 	
0.999999533150113 	
3.74999681055375 	
6.09721567783982 	
0.999999955750158 	
5.74999313878643 	
0 	
0 	
0.999999834909781 	
6.49999211372398 	
3.49999786251696 	
2.99999895380229 	
2.99999838481446 	
0 	
0 	
3.49999675156946 	
1.4999991831514 	
4.99999406326171 	
2.99999872598333 	
3.49999605331564 	
3.49999786251696 	
0 	
3.49999716603056 	
4.49999646783942 	
6.99998899638842 	
6.87499279594678 	
2.99999706222308 	
0.999999131217715 	
3.99999788208931 	
4.49999329979827 	
6.2499918381492 	
1.99999815449391 	
1.49999945202234 	
0 	
1.49999980424771 	
4.99999599367819 	
2.99999656422528 	
3.99999746232945 	
0 	
0 	
0 	
5.39396003987977 	
5.99999341741763 	
7.44327496840539 	
1.99999970759252 	
0 	
4.09721850949526 	
3.49999785476181 	
4.3124944194494 	
0 	
4.7499968332277 	
0.999999358698125 	
3.49999675156946 	
0.999999674307175 	
0 	
0 	
5.3939584267611 	
3.49999717669751 	
7.59720900410728 	
4.69443971085571 	
1.49999924937879 	
5.74999313878643 	
3.99999716456762 	
1.99999925090085 	
6.24999050876615 	
