0 	
0.999999955750158 	
0 	
0 	
0.999999674307175 	
0 	
0 	
0 	
1.99999970759252 	
1.99999925090085 	
0.999999746982215 	
0 	
0 	
0 	
0 	
0 	
0 	
2.74999868959105 	
0 	
0 	
4.74999588218182 	
0 	
1.99999858228381 	
0 	
1.99999784602461 	
0 	
0 	
0 	
0.999999703628503 	
0 	
0 	
0 	
0 	
0 	
0 	
0 	
0 	
0 	
2.99999792922475 	
0 	
1.99999892320964 	
0 	
0 	
0 	
2.99999911337028 	
0 	
0 	
0 	
0 	
1.99999873116473 	
1.99999873116473 	
0 	
0 	
0 	
0 	
3.99999746232945 	
0 	
0.999999955750158 	
0 	
0 	
1.99999949396443 	
0 	
0 	
0 	
0 	
1.99999949396443 	
0 	
0 	
1.99999818104543 	
0 	
0 	
0 	
4.09721675139774 	
1.99999925090085 	
0.999999358698125 	
1.99999931263766 	
0 	
0 	
0 	
0 	
0.999999834909781 	
0 	
1.99999892320964 	
0 	
0 	
1.99999970759252 	
0 	
0 	
0 	
0 	
0 	
0 	
0.999999955750158 	
0 	
0 	
0 	
1.99999970759252 	
0 	
0 	
1.99999858228381 	
0 	
0 	
0 	
0 	
0 	
0 	
0 	
0 	
1.99999925090085 	
0 	
1.99999937108649 	
0 	
1.99999892320964 	
3.49999786251696 	
1.99999949396443 	
0 	
0 	
0 	
0.999999955750158 	
0 	
0 	
0 	
0 	
0 	
0 	
1.49999819346348 	
0 	
0 	
0 	
0 	
0 	
0 	
0 	
0 	
2.99999676903692 	
0 	
0 	
0 	
0 	
0.999999955750158 	
0 	
4.7499968332277 	
0 	
2.99999857011487 	
3.74999825161544 	
0 	
0 	
0 	
0 	
1.99999970759252 	
0 	
0 	
1.99999873116473 	
0 	
1.99999970759252 	
0 	
3.49999765212327 	
0 	
0 	
0 	
0 	
0 	
0 	
0 	
0 	
0 	
0 	
0 	
0 	
0.999999746982215 	
0 	
0 	
0 	
0 	
0 	
0 	
0.999999480761447 	
1.99999776785478 	
0 	
1.99999949396443 	
0 	
0 	
0 	
4.49999637140781 	
0 	
0 	
0 	
0 	
0 	
0 	
0 	
0 	
0 	
0 	
2.99999887635127 	
0 	
0 	
0 	
0 	
0 	
0 	
0.999999625450423 	
0 	
0 	
0.999999834909781 	
3.99999784641928 	
1.99999896152289 	
