0 	
0 	
0 	
0 	
0 	
0 	
0 	
0.999999534294538 	
0 	
0 	
0 	
0 	
0 	
0 	
0 	
1.99999896152289 	
0 	
3.49999886509781 	
0 	
0 	
0 	
0 	
0 	
1.99999970759252 	
0 	
0 	
0 	
0 	
0 	
0 	
0 	
0.999999955750158 	
0 	
1.99999892320964 	
0 	
0 	
0 	
1.99999858228381 	
0 	
0 	
0 	
0 	
0 	
1.99999892320964 	
0 	
0 	
0 	
0 	
1.99999873116473 	
0 	
0 	
0 	
0 	
0 	
0 	
1.99999949396443 	
0.999999955750158 	
0 	
1.99999949396443 	
0 	
0 	
0 	
0 	
0.999999151454652 	
1.99999925090085 	
0 	
0 	
0 	
0 	
0 	
0 	
0 	
0 	
0 	
0.999999746982215 	
0 	
1.99999925090085 	
0 	
0 	
0 	
0 	
0 	
0 	
0 	
0.999999461604821 	
0 	
0 	
0 	
0 	
0 	
0 	
0 	
0 	
0.999999632186113 	
0 	
0 	
0 	
0 	
0.999999746982215 	
0.999999955750158 	
0 	
0 	
0 	
0 	
0 	
0 	
0 	
0.999999291141904 	
0 	
0 	
0 	
0 	
0 	
0 	
0 	
0 	
0 	
0 	
0 	
0 	
0 	
0 	
0 	
0 	
0 	
0.999999955750158 	
0 	
0 	
0 	
0 	
0 	
0 	
0.999999834909781 	
0 	
0 	
0 	
0 	
0 	
0 	
1.99999892320964 	
0 	
0 	
0 	
0 	
0 	
0 	
0 	
0 	
0 	
0.999999955750158 	
1.99999892320964 	
0 	
0 	
0 	
0 	
0 	
0 	
0 	
0 	
0.999999746982215 	
0 	
0 	
2.99999838481446 	
0 	
0 	
0 	
0 	
0 	
0 	
0 	
0.999999746982215 	
0 	
0 	
0 	
0 	
0 	
0 	
2.74999868959105 	
0 	
0 	
0 	
0 	
0 	
0 	
0 	
0 	
0 	
2.99999688220231 	
0 	
0 	
0 	
0 	
0.999999746982215 	
0 	
0 	
0 	
0 	
0 	
0 	
0 	
2.99999741314153 	
1.99999892320964 	
0 	
0 	
0.999999365582363 	
0 	
0 	
0 	
1.99999937108649 	
0 	
1.99999892320964 	
0 	
0 	
0 	
0 	
