0 	
0 	
0 	
0 	
0 	
0 	
0 	
0 	
0.999999365582363 	
0 	
0 	
0 	
0.999999461604821 	
0 	
0 	
0 	
0 	
0 	
0 	
0 	
0 	
0 	
0 	
0 	
0 	
0 	
0 	
0 	
0.999999365582363 	
0 	
0.999999365582363 	
0 	
0 	
0 	
0 	
0 	
0 	
0 	
0 	
0 	
0 	
1.99999892320964 	
0.999999834909781 	
0 	
0 	
0 	
0.999999955750158 	
0 	
0 	
0 	
0.999999365582363 	
0 	
0 	
0 	
0 	
0 	
0 	
0 	
1.99999892320964 	
0 	
0 	
0 	
0 	
0 	
0 	
0 	
0 	
0 	
0 	
0 	
0.999999461604821 	
0 	
0 	
0 	
0 	
0 	
0 	
0 	
0 	
0 	
0 	
0.999999365582363 	
0 	
0 	
0 	
0 	
0 	
0 	
0 	
0.999999365582363 	
0 	
0.999999955750158 	
0 	
0 	
0 	
0 	
0 	
0 	
0.999999955750158 	
0.999999955750158 	
1.99999873116473 	
0 	
0 	
