4.49999556428018 	
2.49999931067901 	
5.62499521263111 	
1.99999926437223 	
4.49999642489413 	
4.49999629953916 	
4.49999665620023 	
2.99999787342571 	
1.49999945202234 	
4.49999642489413 	
2.99999792922475 	
4.49999561106634 	
4.74999488501572 	
2.49999773631296 	
1.49999945202234 	
0.999999955750158 	
2.99999706222308 	
0.999999674307175 	
0.999999955750158 	
1.99999934861435 	
1.99999798830505 	
0.999999674307175 	
5.49999429187832 	
2.74999868578572 	
1.49999945202234 	
3.99999702371486 	
3.99999684642244 	
2.9999987603962 	
1.49999945202234 	
0 	
1.74999938758003 	
2.99999763182403 	
0.999999955750158 	
1.49999980424771 	
3.49999855763678 	
0 	
3.74999608685512 	
2.74999845705593 	
1.9999991944008 	
4.99999659268101 	
2.99999766908829 	
3.99999567660315 	
0 	
4.99999628482284 	
4.49999711574232 	
0 	
2.99999809674709 	
4.99999582951108 	
0.999999834909781 	
3.74999540900744 	
5.49999633299061 	
0.999999834909781 	
3.49999788281855 	
3.49999703637007 	
1.99999873116473 	
2.49999907915258 	
1.99999934861435 	
3.4999963301631 	
4.99999506749482 	
6.49999504835879 	
2.99999902292153 	
0.999999834909781 	
0.999999834909781 	
3.99999733513549 	
0.999999955750158 	
4.4999956173509 	
3.49999679074338 	
3.4999972009573 	
4.49999734685228 	
1.99999864104431 	
1.99999858228381 	
3.99999794051884 	
3.99999703698722 	
2.9999987603962 	
2.49999892545067 	
5.24999404056349 	
2.99999792922475 	
0.999999834909781 	
2.49999931067901 	
1.99999934861435 	
4.49999620050515 	
3.99999702371486 	
0.999999955750158 	
5.4999945892795 	
4.49999586287 	
5.99999631991929 	
5.24999466267755 	
1.74999935938636 	
0.999999834909781 	
3.99999716456762 	
3.49999692791977 	
1.74999953715819 	
3.99999563250846 	
3.99999684642244 	
0.999999955750158 	
3.99999693620874 	
4.49999629953916 	
1.99999966981956 	
3.74999571656292 	
2.74999687922652 	
