0 	
1.49999930449515 	
1.99999892320964 	
0 	
0 	
0 	
0 	
0.999999834909781 	
0 	
0 	
1.99999966981956 	
1.99999864104431 	
1.99999932513795 	
2.49999803046948 	
1.99999858228381 	
1.99999873116473 	
0 	
0 	
1.99999892320964 	
1.4999988019434 	
1.99999966981956 	
3.49999826920482 	
1.74999935938636 	
2.49999806833803 	
2.49999870718043 	
1.49999955366899 	
0 	
1.99999892320964 	
0.999999291141904 	
0 	
0.999999955750158 	
0 	
2.99999838481446 	
0 	
1.99999892320964 	
1.99999873116473 	
0.999999874489039 	
0 	
0.999999955750158 	
1.99999966981956 	
1.74999953715819 	
1.99999858228381 	
0.999999834909781 	
2.99999809674709 	
0 	
0 	
0 	
2.99999763182403 	
0 	
0 	
1.99999873116473 	
1.99999856400582 	
0.999999834909781 	
1.74999938758003 	
0.999999955750158 	
0.999999955750158 	
0 	
0 	
0 	
0 	
0.999999674307175 	
0 	
2.99999787342571 	
0 	
0.999999287943178 	
0.999999291141904 	
3.49999788281855 	
2.99999751078127 	
3.99999702371486 	
1.99999966981956 	
1.99999858228381 	
0 	
2.49999870718043 	
0 	
1.49999955366899 	
0.999999834909781 	
0 	
0.999999955750158 	
1.99999826243543 	
0 	
0.999999834909781 	
2.49999794416527 	
0 	
0 	
0 	
0.999999625291197 	
0 	
1.99999856400582 	
1.99999858228381 	
0 	
1.49999980424771 	
1.99999858228381 	
0.999999834909781 	
0 	
0.999999291141904 	
1.99999858228381 	
2.49999870718043 	
0 	
0 	
0.999999291141904 	
2.99999792922475 	
0 	
1.7499992723221 	
1.49999955366899 	
0 	
0 	
1.99999873116473 	
2.49999818726856 	
1.99999966981956 	
0.999999955750158 	
0 	
0 	
1.99999873116473 	
0 	
2.49999931067901 	
0.999999834909781 	
0 	
0.999999674307175 	
0 	
0.999999674307175 	
0.999999834909781 	
2.49999931067901 	
0 	
2.99999792922475 	
4.49999783122922 	
0 	
0 	
1.9999983690794 	
1.49999980424771 	
1.99999873116473 	
0 	
0 	
0.999999674307175 	
0 	
0.999999834909781 	
0 	
1.9999983690794 	
1.49999894686314 	
1.49999955366899 	
0 	
0.999999834909781 	
0 	
0 	
1.49999980424771 	
0 	
0.999999834909781 	
0.999999834909781 	
1.99999892320964 	
0.999999291141904 	
0 	
0 	
0.999999955750158 	
1.99999858228381 	
1.99999873116473 	
0 	
1.99999966981956 	
0 	
0.999999955750158 	
2.99999766908829 	
0.999999674307175 	
2.49999841878483 	
0.999999834909781 	
0.999999955750158 	
1.4999988019434 	
0.999999955750158 	
2.49999870718043 	
0.999999131217715 	
0.999999955750158 	
0 	
1.99999864104431 	
0 	
0 	
1.99999858228381 	
0.999999674307175 	
2.49999892545067 	
0.999999291141904 	
1.99999873116473 	
0 	
0 	
0 	
1.74999841678421 	
0 	
1.99999864104431 	
0 	
1.49999955366899 	
1.99999864104431 	
1.99999934861435 	
1.99999966981956 	
1.49999955366899 	
2.49999762885037 	
0 	
0 	
0.999999955750158 	
1.99999807596109 	
0 	
0.999999365582363 	
0 	
0.999999955750158 	
0 	
0 	
0.999999874489039 	
