0 	
0 	
0 	
0 	
0 	
0.999999955750158 	
0.999999955750158 	
0 	
0.999999365582363 	
0 	
0 	
0 	
0 	
0.999999461604821 	
0 	
0 	
0.999999461604821 	
0 	
1.74999953715819 	
0.999999955750158 	
0 	
0.999999955750158 	
1.99999873116473 	
0 	
0.999999955750158 	
0 	
1.99999879853398 	
0.999999365582363 	
0 	
0 	
0 	
0 	
0 	
0.999999955750158 	
0.999999955750158 	
0 	
0.999999461604821 	
0.999999365582363 	
0 	
0 	
0 	
0 	
0 	
0.999999955750158 	
0.999999461604821 	
0.999999955750158 	
0 	
1.49999980424771 	
0 	
1.99999879853398 	
0 	
0 	
0 	
0.999999955750158 	
1.99999858228381 	
3.49999826920482 	
0 	
0 	
0.999999955750158 	
1.99999892320964 	
0 	
0 	
0 	
0 	
1.99999864104431 	
0 	
0 	
0.999999955750158 	
0 	
0 	
0.999999955750158 	
0.999999834909781 	
0 	
0 	
1.9999983690794 	
0 	
0 	
0 	
0 	
0 	
0.999999834909781 	
0 	
0 	
0.999999365582363 	
0.999999151454652 	
0 	
0 	
0.999999365582363 	
0.999999834909781 	
0 	
0 	
1.99999864104431 	
0.999999955750158 	
0.999999834909781 	
0.999999291141904 	
0 	
0 	
0.999999834909781 	
0.999999461604821 	
0 	
0.999999955750158 	
0 	
0.999999955750158 	
0 	
0 	
0 	
0 	
0 	
0 	
0 	
0 	
0.999999461604821 	
0.999999834909781 	
0.999999834909781 	
1.99999892320964 	
0 	
0 	
1.49999980424771 	
0 	
0.999999365582363 	
0 	
1.99999856400582 	
0 	
0 	
0 	
0 	
1.49999955366899 	
0 	
0 	
0 	
0.999999674307175 	
1.99999892320964 	
0.999999365582363 	
1.99999966981956 	
0.999999955750158 	
0 	
0 	
0.999999955750158 	
0 	
0 	
1.99999864104431 	
0 	
0.999999955750158 	
1.99999892320964 	
0.999999461604821 	
0 	
1.49999894686314 	
0.999999291141904 	
0.999999955750158 	
0 	
0 	
0 	
0 	
0.999999461604821 	
0 	
0 	
0 	
0.999999291141904 	
0 	
0.999999955750158 	
0 	
0.999999955750158 	
0.999999955750158 	
0 	
0.999999461604821 	
2.99999809674709 	
0 	
0.999999955750158 	
0 	
0 	
0 	
1.49999876307492 	
0.999999955750158 	
0.999999955750158 	
0 	
0 	
0 	
0 	
0.999999461604821 	
1.99999842772729 	
0 	
0.999999955750158 	
0 	
0 	
0 	
0 	
0 	
0 	
0 	
0 	
0 	
0.999999461604821 	
0 	
0 	
0 	
0.999999461604821 	
0 	
0 	
0 	
0.999999461604821 	
0 	
0 	
2.99999838481446 	
