3.24999836459272 	
2.99999787342571 	
2.99999787342571 	
5.49999399512327 	
4.99999683756966 	
1.99999934861435 	
4.4999956173509 	
3.49999605331564 	
5.12499504398729 	
0.999999625291197 	
3.74999600281118 	
4.49999783122922 	
2.99999890404468 	
4.74999543313109 	
5.49999404244608 	
5.12499504398729 	
1.99999934861435 	
1.49999955366899 	
4.49999585522638 	
3.4999963452448 	
3.99999698921196 	
3.74999600281118 	
0 	
3.99999636976848 	
6.24999378702088 	
3.49999679074338 	
4.99999628482284 	
4.49999629953916 	
6.49999366412676 	
6.49999505922788 	
4.99999520349485 	
4.49999629953916 	
1.99999934861435 	
0.999999674307175 	
2.7499989252341 	
1.99999934861435 	
5.49999397304434 	
3.49999673121372 	
0 	
1.99999966981956 	
2.99999697869346 	
2.49999794416527 	
4.49999585522638 	
1.4999991831514 	
0 	
1.74999938758003 	
1.74999938758003 	
1.4999994342632 	
3.49999679074338 	
1.99999934861435 	
0.999999625291197 	
6.49999332483123 	
4.49999536268461 	
5.99999422160678 	
3.49999696840906 	
4.12499604800063 	
4.49999649209921 	
2.99999766908829 	
1.99999966981956 	
2.49999917739919 	
4.99999520349485 	
4.49999711574232 	
1.49999945202234 	
4.99999512656801 	
5.499995281778 	
3.74999571656292 	
2.74999675399451 	
0.999999674307175 	
4.49999556428018 	
4.99999521475729 	
5.49999540652104 	
0.999999674307175 	
0 	
3.4999961048959 	
1.49999945202234 	
1.99999932513795 	
6.12499317695286 	
0.999999632186113 	
4.7499950559816 	
3.99999537013938 	
3.74999539260116 	
3.24999783091737 	
2.9999987603962 	
3.49999842564967 	
5.99999488864626 	
0.999999674307175 	
2.49999917739919 	
0.999999674307175 	
4.99999628482284 	
5.99999428259566 	
0.999999834909781 	
2.99999826346028 	
3.99999698921196 	
2.7499989252341 	
1.9999991944008 	
2.7499989252341 	
4.99999583441714 	
1.99999926437223 	
2.7499989252341 	
1.4999994342632 	
