0 	
0 	
0 	
0 	
0 	
0 	
0 	
0 	
0 	
0 	
0 	
0 	
0.999999461604821 	
0 	
0 	
0 	
0 	
0 	
0 	
0 	
0 	
0 	
0 	
0 	
0 	
0 	
0 	
0 	
0 	
0 	
0 	
0 	
0 	
0 	
0 	
0 	
0 	
0 	
0 	
1.49999980424771 	
0 	
0 	
0.999999461604821 	
0 	
0 	
0 	
0 	
0 	
0 	
0.999999955750158 	
0 	
0.999999365582363 	
0 	
0 	
0 	
0 	
0 	
0.999999461604821 	
0.999999955750158 	
0 	
0 	
0 	
0.999999461604821 	
0 	
0 	
0 	
0 	
0 	
0 	
0 	
0 	
0 	
0 	
0 	
0 	
0 	
0 	
0 	
0 	
0 	
0 	
0 	
0 	
0 	
0 	
0 	
0 	
0 	
0 	
0 	
0.999999365582363 	
0.999999365582363 	
0 	
0 	
0 	
0 	
0.999999365582363 	
0 	
0 	
0 	
0 	
0 	
0 	
0.999999461604821 	
0 	
0 	
0 	
0 	
0.999999461604821 	
0 	
0 	
0 	
0 	
0 	
0 	
0 	
0 	
