0.999999834909781 	
0.999999834909781 	
0 	
4.49999749749811 	
1.99999944585635 	
0 	
0 	
1.49999980424771 	
0.999999674307175 	
0.999999674307175 	
1.99999890401956 	
0.999999834909781 	
0 	
0 	
0.999999481250932 	
0.999999481250932 	
1.4999991831514 	
0.999999481250932 	
1.99999934861435 	
0 	
0.999999632186113 	
1.99999890401956 	
0 	
0.999999834909781 	
0.999999632186113 	
0 	
1.99999910565601 	
2.74999825663029 	
1.9999991944008 	
1.4999991831514 	
0 	
2.99999889655834 	
1.99999871739625 	
0.999999834909781 	
0.999999632186113 	
0 	
0.999999955750158 	
0 	
0 	
0 	
0 	
1.99999890401956 	
0 	
0 	
1.99999944585635 	
0 	
0.999999632186113 	
0 	
0.99999962606188 	
0 	
0 	
1.49999945202234 	
0.999999874489039 	
3.99999719258118 	
0 	
1.99999937108649 	
0.999999955750158 	
0 	
0 	
3.999996008298 	
2.49999892545067 	
0 	
0 	
1.99999890401956 	
1.99999896250186 	
0 	
1.99999925212376 	
0.999999481250932 	
3.49999805181025 	
2.99999833166541 	
0.999999834909781 	
0.999999834909781 	
1.4999991831514 	
2.99999841113596 	
1.99999928958687 	
2.99999895380229 	
1.99999928958687 	
0.999999632186113 	
0 	
4.24999547221098 	
1.99999926437223 	
0 	
0 	
1.74999891107388 	
0.999999834909781 	
1.4999991831514 	
1.49999955366899 	
0.999999674307175 	
1.99999966981956 	
2.49999892545067 	
0 	
0 	
0.999999834909781 	
1.99999919740494 	
0.999999632186113 	
0 	
0 	
0.999999552828006 	
1.99999890401956 	
1.4999991831514 	
0.999999625291197 	
0 	
0 	
0 	
2.74999788667356 	
1.99999919740494 	
0 	
0.999999674307175 	
2.49999917739919 	
1.49999945202234 	
1.99999890401956 	
0 	
0 	
1.99999853979656 	
0 	
0 	
0.999999632186113 	
0.999999481250932 	
0.999999481250932 	
0 	
0.999999674307175 	
0.999999552828006 	
1.99999926437223 	
1.9999986613408 	
0.999999834909781 	
1.49999955366899 	
0.999999358698125 	
0.999999685543246 	
0 	
0 	
0.999999685543246 	
2.99999842137629 	
2.9999984437528 	
0 	
0.999999674307175 	
1.49999955366899 	
0.999999874489039 	
1.99999934861435 	
0 	
0 	
0 	
0 	
0.999999674307175 	
0.999999834909781 	
0.999999632186113 	
0 	
0 	
0 	
0.999999632186113 	
1.99999896250186 	
2.99999889655834 	
0.999999632186113 	
0 	
0.999999632186113 	
0 	
0 	
0.999999674307175 	
0.999999481250932 	
0.999999632186113 	
2.9999980775029 	
0 	
0 	
2.49999847834158 	
0 	
1.49999980424771 	
0.999999834909781 	
0 	
1.99999928206219 	
0 	
1.74999938758003 	
0 	
0.999999632186113 	
1.99999934861435 	
0.999999703628503 	
0 	
0 	
0 	
0 	
0.999999481250932 	
0 	
0.999999533150113 	
0.999999481250932 	
0.999999834909781 	
1.99999926437223 	
1.99999849709127 	
0 	
0.999999703628503 	
0.99999962606188 	
1.99999904501146 	
0.999999533150113 	
0 	
0.999999685543246 	
0.999999552828006 	
0.99999962606188 	
0 	
0 	
0 	
0.999999834909781 	
0.999999955750158 	
4.49999711625434 	
0 	
2.9999989755954 	
1.49999955366899 	
0 	
0.999999481250932 	
3.99999792500373 	
1.4999989542961 	
1.99999970759252 	
0.999999552828006 	
2.9999989755954 	
0.999999834909781 	
0 	
0 	
0.999999834909781 	
0.999999955750158 	
0 	
0 	
0 	
1.99999928958687 	
0.999999674307175 	
0.99999962606188 	
1.99999928958687 	
0.999999674307175 	
0.999999834909781 	
0 	
0.999999834909781 	
0 	
0.999999674307175 	
0.999999481250932 	
0 	
1.99999877993995 	
0 	
0.999999674307175 	
0 	
1.99999944585635 	
1.99999877993995 	
0 	
2.99999911337028 	
0 	
0 	
0.999999834909781 	
0.999999632186113 	
0.999999685543246 	
0.99999962606188 	
0.999999703628503 	
0.999999834909781 	
2.49999840848296 	
1.99999966981956 	
1.99999890401956 	
0 	
0.999999685543246 	
0 	
0 	
2.99999911337028 	
1.49999955366899 	
0 	
0.999999632186113 	
0.999999674307175 	
0.999999481250932 	
1.99999966981956 	
0.999999834909781 	
0 	
2.49999868368493 	
1.99999926437223 	
3.49999805181025 	
1.99999896250186 	
0.999999410540692 	
0.999999834909781 	
2.74999730406394 	
0 	
0.999999955750158 	
2.99999793553866 	
0 	
1.9999991944008 	
0 	
0.99999962606188 	
0.999999552828006 	
2.49999842879065 	
0.999999834909781 	
0 	
1.4999989542961 	
0.999999632186113 	
0.999999552828006 	
0 	
0.999999481250932 	
2.99999833166541 	
0 	
0.999999703628503 	
0.999999874489039 	
0 	
1.99999932513795 	
0.99999962606188 	
1.99999926437223 	
0.999999632186113 	
0 	
0 	
1.99999928958687 	
0 	
0.999999674307175 	
0.999999674307175 	
0 	
0.999999632186113 	
1.99999928958687 	
1.4999994342632 	
1.99999874892738 	
0.999999625291197 	
0 	
1.4999994342632 	
0 	
0.999999955750158 	
1.99999932513795 	
0 	
0 	
0 	
0 	
0 	
0.999999674307175 	
1.99999926437223 	
0 	
0.999999632186113 	
2.99999902292153 	
1.99999944585635 	
1.99999910565601 	
0 	
0 	
1.99999928958687 	
0.999999955750158 	
0 	
0 	
0.999999834909781 	
0.999999533150113 	
1.99999934861435 	
0.999999632186113 	
2.49999875736744 	
0 	
0 	
0 	
1.49999980424771 	
2.99999844332561 	
0 	
0 	
0 	
3.49999738039118 	
0.999999834909781 	
0.999999625291197 	
1.9999986613408 	
0.999999674307175 	
1.99999934861435 	
3.49999765027731 	
0.999999632186113 	
0 	
0 	
0.999999481250932 	
0 	
0 	
0 	
0 	
0.999999834909781 	
1.99999928958687 	
1.99999890401956 	
0.999999674307175 	
1.99999934861435 	
0.999999834909781 	
0.999999632186113 	
0 	
0.999999834909781 	
1.4999989542961 	
0 	
1.99999890401956 	
0.999999481250932 	
0.999999552828006 	
0 	
1.99999970759252 	
2.99999806020818 	
0 	
1.4999989542961 	
0 	
2.49999868368493 	
0 	
1.99999849709127 	
0 	
1.99999926437223 	
0.999999674307175 	
0 	
0.999999834909781 	
2.99999890404468 	
0 	
0 	
0.999999625291197 	
0 	
2.49999842879065 	
0.999999674307175 	
0.999999632186113 	
0.999999674307175 	
0.999999834909781 	
0 	
0.999999632186113 	
1.99999877993995 	
1.99999934861435 	
0.999999955750158 	
1.99999890401956 	
0.999999674307175 	
3.49999855763678 	
2.49999931067901 	
0 	
2.99999911337028 	
0 	
0.999999632186113 	
1.99999948254491 	
0.999999834909781 	
0.999999834909781 	
0.999999632186113 	
0 	
0.99999962606188 	
1.99999966981956 	
0 	
1.99999934861435 	
1.74999938758003 	
1.99999926437223 	
1.99999932513795 	
0.999999955750158 	
1.99999966981956 	
1.99999934861435 	
0 	
0.999999625291197 	
0 	
0.999999481250932 	
0 	
0 	
0.999999552828006 	
0.999999632186113 	
0 	
0.999999632186113 	
0 	
0.999999834909781 	
0.999999834909781 	
0.999999632186113 	
0.999999151454652 	
0.99999962606188 	
1.99999944585635 	
0 	
1.99999966981956 	
0.999999632186113 	
1.99999904112638 	
4.49999692202226 	
0.999999632186113 	
0 	
0 	
0 	
0.999999834909781 	
1.99999904301064 	
1.99999877993995 	
0.99999962606188 	
0 	
0 	
0.999999625291197 	
0 	
1.49999980424771 	
1.49999955366899 	
0 	
1.74999903519047 	
0 	
1.99999928206219 	
1.99999849709127 	
1.99999926437223 	
1.99999926437223 	
0.999999955750158 	
1.4999991831514 	
0.999999834909781 	
0 	
0.999999674307175 	
0 	
0.999999674307175 	
0 	
2.49999755513376 	
0 	
0 	
0 	
0.999999703628503 	
0.999999685543246 	
1.99999944585635 	
0.999999955750158 	
2.49999811683676 	
2.9999983375023 	
0 	
0 	
2.99999797408168 	
1.99999926437223 	
0.999999632186113 	
0.999999834909781 	
1.99999877993995 	
0.999999358698125 	
0 	
1.99999970759252 	
0.999999632186113 	
0.999999481250932 	
0.999999358698125 	
1.99999966981956 	
2.99999911337028 	
3.49999821972349 	
0.999999481250932 	
0 	
0.99999962606188 	
1.49999945202234 	
0 	
0 	
1.4999991831514 	
0 	
0 	
3.99999732011656 	
0 	
1.49999945202234 	
0.999999632186113 	
1.49999955366899 	
0 	
0.999999834909781 	
1.99999926437223 	
2.99999833166541 	
1.99999966981956 	
1.99999853979656 	
1.99999874892738 	
0 	
0 	
1.99999928958687 	
0.999999632186113 	
0.999999685543246 	
0.999999674307175 	
0.999999481250932 	
1.49999980424771 	
2.99999902292153 	
0.999999632186113 	
0 	
1.49999899548204 	
2.49999875736744 	
0.999999632186113 	
0 	
0.999999834909781 	
2.49999840848296 	
1.49999980424771 	
1.49999876307492 	
1.49999945202234 	
0.999999685543246 	
0.999999151454652 	
0.999999632186113 	
1.99999934861435 	
0 	
0 	
0 	
0 	
0 	
0.999999632186113 	
