1.99999877993995 	
0.999999674307175 	
2.99999846823145 	
0 	
1.99999882108138 	
2.99999911337028 	
2.99999768311486 	
1.99999928958687 	
2.9999989755954 	
0.999999685543246 	
0 	
1.99999853979656 	
3.49999805181025 	
0 	
0 	
0 	
0.999999358698125 	
1.4999991831514 	
0.999999674307175 	
0 	
1.99999928206219 	
1.99999934861435 	
2.99999833166541 	
0 	
0.999999632186113 	
0.999999552828006 	
0.999999358698125 	
0.999999481250932 	
0.999999410540692 	
0.999999674307175 	
0.999999358698125 	
1.99999890401956 	
0.999999703628503 	
1.99999890401956 	
0.999999674307175 	
1.99999937108649 	
3.49999862848395 	
3.49999805181025 	
0 	
0 	
2.99999895496878 	
3.49999710188591 	
0 	
0 	
0 	
0.999999674307175 	
0 	
0 	
1.99999926437223 	
1.4999991831514 	
