2.49999868368493 	
0 	
2.49999685300908 	
1.99999926437223 	
0.999999410540692 	
0.999999674307175 	
1.4999991831514 	
0 	
2.99999842137629 	
1.99999928958687 	
0 	
2.9999989755954 	
0.999999674307175 	
0 	
0 	
3.49999826699734 	
1.49999955366899 	
1.9999991944008 	
1.99999926437223 	
0.999999674307175 	
0 	
0.999999552828006 	
2.7499989252341 	
1.99999853979656 	
0.999999533150113 	
0 	
1.99999877993995 	
1.99999877993995 	
1.99999926437223 	
0 	
1.99999926437223 	
1.99999966981956 	
2.49999931067901 	
0.999999552828006 	
0.999999674307175 	
1.99999871739625 	
3.99999736277906 	
0 	
0.999999632186113 	
1.99999890401956 	
1.99999925212376 	
1.49999860311264 	
0 	
0.999999674307175 	
2.99999752614984 	
0.999999632186113 	
1.99999890401956 	
1.99999904112638 	
2.49999875736744 	
0.999999703628503 	
