1.99999928958687 	
3.49999710188591 	
1.99999877993995 	
0.999999674307175 	
0.999999552828006 	
1.99999849709127 	
1.99999849709127 	
0.999999533150113 	
0.999999533150113 	
3.49999767540645 	
1.99999926437223 	
2.49999840848296 	
2.99999764431886 	
2.99999902292153 	
0.999999674307175 	
1.99999928958687 	
0.999999632186113 	
3.49999767540645 	
0.999999358698125 	
0 	
1.99999926437223 	
0.999999703628503 	
3.49999686528797 	
5.99999356143962 	
0.99999962606188 	
0 	
0.999999834909781 	
0.999999834909781 	
1.99999890401956 	
2.99999841113596 	
2.9999980775029 	
1.99999926437223 	
3.99999780803912 	
0.999999358698125 	
0 	
2.49999797029267 	
3.99999644997297 	
2.99999902292153 	
2.99999713071437 	
2.99999880760855 	
0.999999632186113 	
0 	
3.49999678704988 	
3.99999736277906 	
0 	
1.99999926437223 	
1.99999896250186 	
1.9999987543582 	
0.999999410540692 	
0 	
