1.99999928958687 	
0 	
0.999999834909781 	
0 	
1.99999966981956 	
1.99999890401956 	
1.99999928958687 	
0.999999632186113 	
1.99999926437223 	
0 	
1.4999991831514 	
1.4999989542961 	
1.99999934861435 	
0.999999481250932 	
0.999999955750158 	
1.49999955366899 	
0.999999834909781 	
1.99999934861435 	
0.999999955750158 	
0 	
2.99999911337028 	
0 	
1.49999876307492 	
1.99999934861435 	
0.999999481250932 	
1.9999983029093 	
0.999999481250932 	
0.999999481250932 	
0.999999674307175 	
0.999999674307175 	
0.999999632186113 	
1.4999991831514 	
0 	
1.99999970759252 	
0.999999674307175 	
0 	
0.999999481250932 	
1.9999986613408 	
1.99999970759252 	
1.99999890401956 	
0.999999358698125 	
0 	
1.49999945202234 	
0 	
1.49999945202234 	
0.999999632186113 	
2.99999810491671 	
0.99999985379626 	
4.24999466097197 	
1.99999896250186 	
0 	
0.999999955750158 	
1.99999890401956 	
1.99999803162609 	
0.999999632186113 	
0.999999481250932 	
0.999999674307175 	
1.99999904404838 	
2.49999797029267 	
0 	
0.999999632186113 	
0.999999674307175 	
2.49999828497185 	
0 	
0.999999552828006 	
3.49999862848395 	
0.999999834909781 	
1.9999983029093 	
0 	
0.999999674307175 	
1.99999932513795 	
0.999999625291197 	
1.99999890401956 	
0.999999632186113 	
1.99999928958687 	
1.99999925212376 	
1.4999992493788 	
1.9999991944008 	
2.99999755369244 	
0.999999674307175 	
1.49999959300891 	
0.999999674307175 	
1.99999910565601 	
0.999999481250932 	
0.999999632186113 	
0 	
0.999999481250932 	
1.49999945202234 	
1.4999991831514 	
0 	
0.999999632186113 	
0 	
3.49999767540646 	
1.99999927184635 	
0.999999625291197 	
0.999999834909781 	
0 	
0 	
0.999999674307175 	
0.999999552828006 	
