2.9999983375023 	
0.999999674307175 	
0.999999674307175 	
0.999999674307175 	
1.99999934861435 	
0 	
0 	
0.999999674307175 	
1.99999934861435 	
0.999999674307175 	
0.999999674307175 	
0 	
0.999999674307175 	
0 	
0 	
0.999999674307175 	
0 	
0 	
0.999999632186113 	
0 	
0.999999632186113 	
0 	
1.49999955366899 	
0.999999632186113 	
0 	
0.999999481250932 	
1.9999983029093 	
0.999999481250932 	
0.999999410540692 	
0 	
0.999999481250932 	
1.99999944585635 	
1.9999987543582 	
2.49999892545067 	
0.999999151454652 	
0.999999632186113 	
3.74999637949617 	
0.999999703628503 	
1.99999890401956 	
2.49999842879065 	
1.49999955366899 	
1.4999991831514 	
0 	
2.99999895380229 	
0.999999632186113 	
1.99999934861435 	
1.99999944585635 	
1.49999955366899 	
2.49999892545067 	
0.999999674307175 	
0.999999674307175 	
2.49999842879065 	
0.99999962606188 	
1.99999934861435 	
1.99999928958687 	
0.999999632186113 	
0.999999481250932 	
0 	
0 	
0 	
2.99999841113596 	
1.4999991831514 	
0 	
0 	
1.4999991831514 	
0.999999685543246 	
2.49999931067901 	
0.999999834909781 	
3.49999833158347 	
1.99999966981956 	
0.999999362001564 	
0.999999632186113 	
1.99999877993995 	
0.999999358698125 	
0.999999674307175 	
0.999999632186113 	
0.999999834909781 	
1.99999849709127 	
0 	
0.999999481250932 	
2.49999931067901 	
0.999999834909781 	
0 	
0 	
2.99999833166541 	
0.999999632186113 	
0 	
0 	
0 	
1.99999934861435 	
0 	
0 	
0.99999962606188 	
0 	
0.999999481250932 	
2.9999989755954 	
0 	
1.99999890401956 	
0.999999834909781 	
0 	
0.999999552828006 	
1.99999904112638 	
0.999999151454652 	
0 	
2.49999847834158 	
0.999999674307175 	
1.99999877993995 	
0 	
0.999999685543246 	
0 	
0.99999962606188 	
0.999999674307175 	
2.49999875736744 	
1.99999890401956 	
0.999999481250932 	
2.49999931067901 	
0.999999834909781 	
2.49999892545067 	
3.49999787004346 	
1.99999890401956 	
2.99999889655834 	
0.999999552828006 	
2.49999875736744 	
0.999999552828006 	
1.99999928958687 	
0 	
0.999999358698125 	
0 	
0 	
0 	
0.999999552828006 	
2.9999980775029 	
0 	
0 	
0.999999674307175 	
0.999999552828006 	
0.999999632186113 	
0 	
0 	
0 	
0.999999834909781 	
0 	
3.99999699418255 	
0 	
0.999999625291197 	
0.999999834909781 	
2.49999892545067 	
0 	
0 	
0.999999632186113 	
0.999999674307175 	
1.4999991831514 	
1.99999926437223 	
0 	
0 	
0 	
0 	
0.999999874489039 	
1.4999989542961 	
0 	
0.999999632186113 	
0 	
0 	
0 	
0 	
0 	
1.49999876307492 	
0.999999632186113 	
2.49999875736744 	
0.999999834909781 	
0.999999674307175 	
1.99999934861435 	
0 	
0 	
0.999999685543246 	
0 	
0 	
1.49999955366899 	
0.999999834909781 	
0.999999481250932 	
0.999999358698125 	
0 	
0.999999674307175 	
2.99999889655834 	
1.99999877993995 	
2.49999892545067 	
0 	
0 	
0.999999632186113 	
0 	
0.99999962606188 	
0 	
0.999999481250932 	
2.99999833166541 	
0.999999632186113 	
0 	
0.999999674307175 	
1.99999928958687 	
0.999999685543246 	
0.999999834909781 	
0.999999674307175 	
1.99999925212376 	
