0.999999632186113 	
3.24999737093562 	
1.99999934861435 	
0.999999410540692 	
0.999999552828006 	
0.999999481250932 	
1.99999928958687 	
0.999999410540692 	
0.999999151454652 	
2.99999902292153 	
0.999999632186113 	
0 	
3.49999821972349 	
1.4999989542961 	
1.99999890401956 	
0 	
3.49999855763678 	
0 	
3.9999974347925 	
0.99999962606188 	
0.999999632186113 	
1.99999925212376 	
0.999999362001564 	
1.99999871739625 	
2.99999806020818 	
0.999999674307175 	
4.49999574690151 	
2.9999989755954 	
1.99999877993995 	
2.99999810491671 	
1.99999928958687 	
1.99999904404838 	
0.999999075432228 	
0 	
0.999999481250932 	
1.49999910692811 	
1.99999890401956 	
1.4999991831514 	
3.49999678704988 	
2.99999902292153 	
2.99999889655834 	
1.99999807596109 	
0 	
0.999999632186113 	
1.99999896250186 	
1.99999904112638 	
0.999999674307175 	
0 	
0.99999962606188 	
0.999999481250932 	
0 	
1.49999876307492 	
2.99999807609438 	
2.49999892545067 	
0.999999320815288 	
0.999999632186113 	
0.999999410540692 	
2.49999868368493 	
0.999999410540692 	
2.49999868368493 	
2.99999806020818 	
0 	
2.49999877460627 	
0.999999955750158 	
1.99999926437223 	
0.99999985379626 	
2.49999842879065 	
0 	
1.99999926437223 	
0.999999481250932 	
2.99999833166541 	
1.4999991831514 	
0 	
3.99999700034819 	
1.49999980424771 	
1.99999871739625 	
3.999996941153 	
1.74999891107388 	
2.49999840848296 	
0.999999955750158 	
2.49999875736744 	
0.999999481250932 	
0 	
1.99999871739625 	
4.49999653184584 	
0 	
1.99999928206219 	
0.999999632186113 	
2.99999833166541 	
1.99999926437223 	
0.999999410540692 	
2.49999875736744 	
2.49999868368493 	
0.999999481250932 	
0 	
1.99999928206219 	
0 	
0 	
2.99999700649377 	
3.74999637949617 	
1.99999966981956 	
1.99999928206219 	
1.99999871739625 	
2.99999890404468 	
0.99999962606188 	
1.49999945202234 	
1.99999896250186 	
0 	
1.99999896250186 	
3.49999710188591 	
2.99999790029993 	
1.4999989542961 	
2.9999983375023 	
1.99999926437223 	
1.99999966981956 	
0.999999674307175 	
1.99999966981956 	
0.999999834909781 	
0.999999674307175 	
0.999999358698125 	
0.999999362001564 	
1.99999928206219 	
0.999999481250932 	
0 	
0.999999674307175 	
2.99999846823145 	
1.99999890401956 	
0.999999674307175 	
0 	
1.99999934861435 	
1.99999877993995 	
0 	
0 	
0.999999632186113 	
0.999999674307175 	
1.49999860311264 	
2.74999868578572 	
1.99999803162609 	
1.49999945202234 	
1.99999865872454 	
2.49999811683676 	
3.49999738039118 	
2.99999720622528 	
0.999999410540692 	
0.999999674307175 	
2.49999892545067 	
1.99999934861435 	
1.49999980424771 	
1.9999987543582 	
1.99999890401956 	
1.49999955366899 	
2.99999806020818 	
0 	
1.99999944585635 	
3.99999628034687 	
0.999999151454652 	
0.999999834909781 	
1.99999926437223 	
3.99999660581861 	
2.49999892545067 	
1.99999966981956 	
1.49999945202234 	
0 	
0 	
2.49999840848296 	
0.999999481250932 	
1.4999992493788 	
1.99999877993995 	
2.9999989755954 	
2.99999846823145 	
4.49999590965427 	
2.9999979085922 	
2.9999980775029 	
4.49999636346943 	
1.74999802114021 	
1.99999934861435 	
2.99999911337028 	
3.49999842564967 	
2.99999854782064 	
2.49999892545067 	
0 	
1.99999831100449 	
2.99999880760855 	
3.49999826699734 	
0.999999481250932 	
1.99999904112638 	
2.99999806020818 	
0.99999962606188 	
2.49999849379397 	
0.999999685543246 	
0.999999955750158 	
2.49999892545067 	
2.49999892545067 	
2.49999811683676 	
2.49999875736744 	
3.49999710188591 	
2.9999978957565 	
1.99999966981956 	
2.99999833166541 	
1.99999966981956 	
1.99999849709127 	
1.99999871739625 	
2.49999892545067 	
3.9999975598799 	
0 	
0.999999834909781 	
2.99999895380229 	
2.99999757564628 	
1.99999874892738 	
2.74999822173355 	
2.99999846823145 	
3.49999805181025 	
2.7499989252341 	
1.99999877993995 	
1.49999876307492 	
2.49999877460627 	
1.99999934861435 	
0.999999481250932 	
0.999999834909781 	
0.999999674307175 	
1.99999828986197 	
2.99999895380229 	
1.99999904301064 	
1.4999992493788 	
2.99999841113596 	
1.49999945202234 	
1.4999991831514 	
2.49999828497185 	
0.999999674307175 	
0.999999674307175 	
0.999999674307175 	
0.999999674307175 	
2.49999880487935 	
1.49999945202234 	
1.99999926437223 	
0.999999632186113 	
0.999999632186113 	
1.99999890401956 	
2.99999781395104 	
0.999999481250932 	
5.49999391098234 	
2.9999989755954 	
2.49999760690388 	
0.999999834909781 	
4.99999545942731 	
0.999999834909781 	
1.99999896250186 	
2.49999842879065 	
3.49999787004346 	
2.49999892545067 	
