0.999999632186113 	
0 	
0 	
0.99999962606188 	
0.999999834909781 	
0 	
0 	
0 	
0 	
0.999999834909781 	
1.99999926437223 	
0 	
0.999999625291197 	
0.999999674307175 	
0.999999674307175 	
0 	
0 	
0 	
1.99999937108649 	
0 	
1.99999934861435 	
0 	
0 	
0 	
0.999999674307175 	
1.99999934861435 	
0 	
0 	
0 	
0 	
0 	
2.99999836630281 	
0.999999834909781 	
0 	
0 	
0 	
0 	
0.999999674307175 	
0 	
0 	
0 	
0.999999632186113 	
0 	
0 	
0 	
0.999999632186113 	
0 	
0 	
0 	
0 	
1.99999925212376 	
0.999999674307175 	
1.49999945202234 	
0.999999674307175 	
1.99999890401956 	
0 	
0 	
0.999999625291197 	
2.49999842879065 	
0 	
0 	
0 	
0.99999962606188 	
0 	
0 	
0 	
2.9999989755954 	
0 	
0 	
0.999999834909781 	
0.999999834909781 	
0 	
0 	
0.999999625291197 	
