0 	
1.49999945202234 	
0.999999834909781 	
1.49999980424771 	
0 	
0.99999962606188 	
0 	
0 	
0.999999834909781 	
0 	
0.999999955750158 	
0.999999674307175 	
0 	
0 	
0 	
2.99999902292153 	
0 	
0.999999834909781 	
0 	
2.49999875736744 	
0 	
0 	
0.999999674307175 	
0 	
1.99999896250186 	
0 	
0 	
0.999999674307175 	
0 	
1.99999896250186 	
0 	
0 	
0 	
0.999999632186113 	
2.49999892545067 	
0.999999358698125 	
0 	
0.999999632186113 	
0.999999955750158 	
0 	
0.999999834909781 	
1.99999926437223 	
0.99999962606188 	
0 	
0 	
0 	
1.99999926437223 	
0 	
0 	
0 	
0 	
2.49999892545067 	
0.999999955750158 	
0 	
0 	
0 	
0 	
0.999999955750158 	
0.999999362001564 	
1.49999924937879 	
0.999999533150113 	
0.999999632186113 	
0 	
0 	
0 	
0 	
1.99999926437223 	
0.999999632186113 	
0 	
0 	
0.999999358698125 	
0 	
1.99999934861435 	
0.999999552828006 	
0.999999674307175 	
0.99999985379626 	
0 	
0.999999955750158 	
0 	
1.4999994342632 	
1.99999919740494 	
0.99999985379626 	
1.99999948254491 	
0.999999632186113 	
1.49999955366899 	
0 	
1.99999934861435 	
0.999999632186113 	
0.999999674307175 	
0.999999552828006 	
0 	
0 	
0 	
0.999999955750158 	
0 	
0 	
0 	
0 	
0.999999674307175 	
0.999999955750158 	
0 	
0 	
0.999999955750158 	
0.999999481250932 	
0.99999962606188 	
1.99999934861435 	
0.99999962606188 	
0 	
0 	
0 	
0 	
0.999999703628503 	
0.999999834909781 	
0 	
0.999999685543246 	
0.999999674307175 	
1.74999903519047 	
0 	
1.49999945202234 	
0 	
0 	
0.999999955750158 	
0.99999962606188 	
0.999999674307175 	
0 	
2.99999846823145 	
0.999999674307175 	
0 	
0.999999834909781 	
1.99999890401956 	
0.99999962606188 	
0 	
0 	
0 	
0.999999685543246 	
0.99999962606188 	
0 	
0 	
0 	
2.49999931067901 	
0.999999674307175 	
0.999999625291197 	
0 	
0 	
0 	
0.999999834909781 	
1.9999986613408 	
1.99999966981956 	
0 	
0 	
0 	
0 	
1.4999989542961 	
1.49999955366899 	
0.999999674307175 	
0 	
1.99999966981956 	
0 	
1.99999966981956 	
0.999999834909781 	
0.99999962606188 	
1.74999891107388 	
0.999999358698125 	
0 	
2.49999931067901 	
0 	
0 	
0 	
0.999999685543246 	
0.999999625291197 	
1.99999926437223 	
0 	
0 	
0 	
