0 	
0 	
1.99999937108649 	
0 	
0 	
1.49999945202234 	
0 	
0.999999632186113 	
0 	
1.99999890401956 	
0 	
0 	
0 	
1.99999966981956 	
0.999999955750158 	
0 	
0.999999834909781 	
0 	
0 	
0 	
0 	
0 	
1.99999966981956 	
1.4999992493788 	
0 	
0 	
0 	
0 	
1.74999938758003 	
0.999999674307175 	
0.99999962606188 	
0.999999632186113 	
0 	
0 	
1.99999928958687 	
0 	
0 	
0 	
0 	
0 	
0 	
1.49999955366899 	
0.999999955750158 	
0 	
0 	
0.999999703628503 	
0 	
0.999999834909781 	
0.999999674307175 	
0 	
0 	
0.999999834909781 	
0 	
0 	
0.999999834909781 	
0.999999674307175 	
0.999999632186113 	
0.999999955750158 	
0 	
0 	
0 	
0 	
1.4999989542961 	
0.999999632186113 	
0 	
0 	
0 	
0 	
0 	
0 	
1.49999945202234 	
1.99999966981956 	
0 	
0 	
0.999999834909781 	
0 	
0 	
0 	
0 	
0.999999955750158 	
0.999999685543246 	
0.999999674307175 	
0 	
2.49999901334407 	
1.99999932513795 	
0.999999632186113 	
0 	
0 	
0.99999962606188 	
1.49999955366899 	
0.999999834909781 	
1.49999955366899 	
1.99999925212376 	
1.99999928958687 	
0 	
0 	
0 	
0 	
0.999999834909781 	
0.999999674307175 	
0 	
0 	
0 	
0 	
0 	
0 	
0 	
0 	
0.999999552828006 	
0 	
0 	
0.999999834909781 	
1.49999980424771 	
0 	
0.999999834909781 	
0.999999632186113 	
0.999999834909781 	
0 	
0.999999632186113 	
0 	
0 	
0 	
0 	
0.999999685543246 	
0 	
0.999999834909781 	
0 	
0 	
1.4999991831514 	
0.999999674307175 	
0 	
0 	
0.999999632186113 	
0.999999481250932 	
0.999999874489039 	
0.999999834909781 	
0 	
0.999999955750158 	
2.9999989755954 	
0 	
0.999999632186113 	
0.999999955750158 	
0 	
0 	
0.999999674307175 	
0.999999834909781 	
0 	
0 	
2.49999892545067 	
0 	
0 	
0.999999481250932 	
0.999999685543246 	
0.99999985379626 	
0.999999632186113 	
0 	
0 	
0 	
0 	
0.999999834909781 	
0.999999834909781 	
1.99999871739625 	
0.999999632186113 	
1.99999890401956 	
0 	
2.99999895380229 	
0 	
0.999999703628503 	
1.4999991831514 	
0 	
0 	
0.999999685543246 	
0 	
0 	
0.999999834909781 	
0 	
0.999999955750158 	
0 	
0 	
0 	
0.999999674307175 	
0.999999674307175 	
0 	
0 	
0 	
0 	
0 	
0.999999834909781 	
0.999999834909781 	
0 	
0.999999625291197 	
0 	
0 	
0.999999955750158 	
0 	
0 	
0 	
0.999999703628503 	
0 	
0 	
0 	
2.49999931067901 	
0 	
0.999999955750158 	
0.999999481250932 	
0 	
1.99999966981956 	
0 	
0.999999834909781 	
0 	
0 	
0 	
2.99999833166541 	
0 	
0.999999834909781 	
1.99999890401956 	
0 	
0 	
0 	
0 	
0 	
0.999999674307175 	
0.999999955750158 	
0 	
1.49999945202234 	
0 	
0 	
0 	
0 	
1.4999991831514 	
0.999999674307175 	
0 	
1.49999955366899 	
0 	
0.999999674307175 	
1.99999928958687 	
0 	
0.999999834909781 	
0.999999674307175 	
0 	
0 	
0.999999685543246 	
0 	
0.999999632186113 	
0 	
0 	
2.99999836630281 	
0 	
0 	
1.99999890401956 	
0 	
0.999999955750158 	
0 	
0 	
0 	
0 	
0.99999985379626 	
0 	
1.49999945202234 	
1.99999934861435 	
1.99999896250186 	
0 	
0 	
0 	
0 	
0 	
2.49999868368493 	
0.999999674307175 	
0 	
0 	
0 	
0.999999685543246 	
0.999999674307175 	
0 	
0.999999834909781 	
0 	
0 	
1.4999989542961 	
0 	
0.999999834909781 	
0.999999834909781 	
1.99999890401956 	
0.999999552828006 	
0 	
0 	
0.999999834909781 	
0 	
0 	
0 	
0 	
0 	
0.999999632186113 	
0.999999674307175 	
0 	
0 	
0.999999955750158 	
0 	
0.999999674307175 	
0.999999834909781 	
0 	
0.999999674307175 	
0 	
0.999999834909781 	
0 	
1.99999896250186 	
0 	
0.999999674307175 	
0.999999834909781 	
1.99999926437223 	
0 	
0.999999632186113 	
0.999999834909781 	
0.999999552828006 	
0 	
0 	
0.999999674307175 	
0 	
0 	
0 	
0 	
0 	
0.999999481250932 	
0.999999674307175 	
0 	
0 	
0 	
0.999999358698125 	
0 	
0.999999481250932 	
0.999999834909781 	
0 	
0 	
0.999999955750158 	
0 	
0 	
0.999999674307175 	
0.999999674307175 	
1.4999991831514 	
0 	
1.9999991944008 	
0.99999985379626 	
0.99999962606188 	
1.99999928958687 	
0.999999625291197 	
0.999999674307175 	
0 	
0 	
0 	
0.999999955750158 	
0 	
0 	
0 	
0 	
1.99999925058239 	
0.999999685543246 	
2.99999889655834 	
0 	
0.999999632186113 	
0 	
0.999999481250932 	
0.99999962606188 	
0 	
0 	
0 	
0 	
0 	
0.999999834909781 	
0.999999955750158 	
0 	
0.999999674307175 	
0 	
0 	
0 	
0.99999962606188 	
0 	
0.999999625291197 	
0 	
0 	
0 	
0.999999685543246 	
0 	
0 	
0 	
0.999999625291197 	
0.999999955750158 	
0 	
0 	
1.99999934861435 	
0.999999674307175 	
2.99999833166541 	
0 	
0 	
0 	
0.999999834909781 	
0 	
0.999999955750158 	
0 	
0 	
0 	
0.99999962606188 	
0.999999632186113 	
0 	
0 	
0 	
1.99999896250186 	
0 	
0 	
0.999999625291197 	
0 	
0 	
0.99999962606188 	
1.99999966981956 	
0 	
0 	
0.999999685543246 	
1.99999934861435 	
0.999999674307175 	
0 	
0 	
0 	
0 	
0 	
0.999999955750158 	
0 	
0.999999674307175 	
0 	
0 	
0.999999632186113 	
0.999999552828006 	
0.999999834909781 	
0 	
1.49999945202234 	
0 	
0 	
0.999999674307175 	
0 	
0 	
0.999999481250932 	
0.999999685543246 	
0 	
0.999999955750158 	
0.999999834909781 	
1.49999980424771 	
0.999999955750158 	
0 	
0 	
0.999999834909781 	
2.49999901334407 	
0.999999955750158 	
0 	
1.99999937108649 	
1.49999980424771 	
0 	
0.999999955750158 	
0 	
1.99999890401956 	
0.999999632186113 	
0 	
0.99999985379626 	
1.99999966981956 	
0 	
0 	
0.999999834909781 	
0 	
0.999999674307175 	
0 	
0.999999955750158 	
0.999999955750158 	
1.49999945202234 	
0 	
0 	
0 	
0 	
0 	
0 	
0 	
0.999999674307175 	
0 	
0.999999674307175 	
0.999999955750158 	
0 	
0 	
0.999999955750158 	
0 	
0 	
0 	
0 	
0 	
0.999999834909781 	
0 	
0 	
0 	
0 	
0 	
0 	
0 	
0 	
0 	
0 	
0 	
0 	
0.99999962606188 	
0 	
0 	
0.999999632186113 	
0 	
0 	
0 	
0 	
0 	
0 	
0.999999834909781 	
0 	
1.99999934861435 	
0 	
0.999999685543246 	
0 	
1.99999944585635 	
0 	
0.99999962606188 	
0.999999632186113 	
0 	
1.99999926437223 	
0 	
0 	
0 	
0 	
0 	
0 	
0 	
0.99999985379626 	
0.999999955750158 	
0 	
0.999999955750158 	
0 	
0 	
1.99999948254491 	
1.4999994342632 	
0.999999674307175 	
0.999999955750158 	
0 	
0.99999962606188 	
0 	
0 	
0 	
0.999999955750158 	
0 	
0 	
0.999999674307175 	
0 	
0 	
0.999999632186113 	
0 	
0 	
0.999999834909781 	
0 	
0.999999674307175 	
1.99999890401956 	
0 	
0 	
0 	
0.999999834909781 	
0.999999685543246 	
0 	
0 	
0 	
0 	
1.49999955366899 	
1.99999934861435 	
0 	
0.999999955750158 	
0.999999674307175 	
0 	
0.999999834909781 	
0.999999674307175 	
0 	
0 	
0.999999955750158 	
0.999999955750158 	
0.999999834909781 	
0 	
0 	
0 	
0 	
1.49999955366899 	
0 	
0.999999632186113 	
0 	
0 	
0 	
0.999999481250932 	
0 	
0 	
0 	
0 	
1.99999934861435 	
0 	
0.999999674307175 	
0 	
0.999999632186113 	
0.999999685543246 	
0.999999834909781 	
1.99999934861435 	
0.999999674307175 	
2.9999980775029 	
0 	
0.99999962606188 	
0 	
0.999999674307175 	
1.99999937108649 	
0 	
0.999999481250932 	
1.99999877993995 	
0.999999481250932 	
0 	
0.999999834909781 	
0 	
0 	
0.999999674307175 	
0.999999481250932 	
0 	
0 	
0.999999685543246 	
0.999999481250932 	
0 	
0 	
0 	
0.999999674307175 	
0 	
0 	
1.9999987543582 	
0 	
0.999999955750158 	
0.999999632186113 	
0.999999674307175 	
0 	
0.999999834909781 	
0.999999674307175 	
0 	
2.99999846823145 	
0 	
0.999999674307175 	
0 	
0 	
0.999999834909781 	
0 	
0.999999955750158 	
0 	
0 	
0.99999962606188 	
0.999999552828006 	
0 	
0 	
1.99999934861435 	
0.999999625291197 	
0.999999685543246 	
0 	
0 	
1.99999934861435 	
0.999999834909781 	
0.999999685543246 	
0.999999632186113 	
0 	
0.99999962606188 	
0 	
0.999999674307175 	
0 	
0 	
0.999999685543246 	
0 	
1.4999991831514 	
0.999999674307175 	
1.99999944585635 	
0 	
0.999999685543246 	
0.999999955750158 	
0.999999955750158 	
0 	
0.99999985379626 	
0 	
0.999999685543246 	
1.99999966981956 	
0 	
0 	
0 	
0 	
0 	
0 	
0 	
0 	
0.999999674307175 	
0 	
1.99999890401956 	
0.999999685543246 	
0.999999834909781 	
0 	
0.99999985379626 	
0.999999481250932 	
0.999999674307175 	
3.99999777926127 	
0 	
0 	
0 	
0.999999955750158 	
0 	
0 	
0.999999674307175 	
0 	
2.99999846823145 	
0.999999834909781 	
0 	
0 	
0.999999481250932 	
0.999999834909781 	
0.99999962606188 	
0 	
1.49999945202234 	
0.999999362001564 	
0 	
0.999999320815288 	
0 	
0.99999962606188 	
0 	
0.999999955750158 	
0.999999685543246 	
0.999999674307175 	
0 	
0 	
0.999999533150113 	
0.999999685543246 	
0 	
0.999999632186113 	
0 	
0.999999674307175 	
2.74999848457192 	
0.999999674307175 	
0 	
0.999999632186113 	
1.99999937108649 	
0 	
2.49999849379397 	
0 	
0 	
0.999999674307175 	
0.999999674307175 	
0.999999674307175 	
0 	
1.99999926437223 	
0.999999834909781 	
0 	
1.99999966981956 	
0 	
0 	
0.999999955750158 	
0 	
0.999999834909781 	
1.49999945202234 	
0.999999955750158 	
0 	
0.999999632186113 	
0.999999481250932 	
0 	
0 	
0.999999632186113 	
0 	
0 	
0 	
0 	
0.999999834909781 	
0.999999834909781 	
0.999999481250932 	
0 	
0 	
0 	
0 	
1.49999980424771 	
0 	
0 	
0 	
0 	
0 	
0 	
0.999999674307175 	
0.999999834909781 	
0 	
0 	
1.99999853979656 	
0 	
0.999999834909781 	
0.999999632186113 	
1.99999937108649 	
0 	
0 	
0.999999685543246 	
0.999999632186113 	
0.999999834909781 	
1.99999926437223 	
0 	
0.999999481250932 	
2.49999931067901 	
0 	
2.99999806020818 	
1.99999934861435 	
0 	
1.99999966981956 	
1.4999991831514 	
0 	
0.999999874489039 	
2.9999984437528 	
0.999999834909781 	
0 	
0.999999955750158 	
0 	
0 	
0 	
0 	
0.999999834909781 	
0.999999410540692 	
0.999999552828006 	
0 	
0.999999834909781 	
0 	
0 	
1.99999928958687 	
0.999999674307175 	
0 	
1.49999980424771 	
0.999999834909781 	
0.999999632186113 	
1.99999904112638 	
0 	
1.99999928958687 	
0 	
2.49999931067901 	
0 	
0 	
1.49999945202234 	
3.49999805181025 	
0 	
0 	
0.999999632186113 	
0 	
0.999999685543246 	
0.999999685543246 	
1.4999994342632 	
0 	
0.999999955750158 	
0 	
0 	
0.999999874489039 	
1.49999955366899 	
0 	
0 	
0 	
0 	
0 	
0 	
0 	
0 	
0 	
0 	
0.999999632186113 	
0 	
0.999999955750158 	
0 	
0 	
0.999999955750158 	
0 	
0.999999632186113 	
0 	
0 	
0.999999834909781 	
0 	
0 	
0.999999674307175 	
0.99999962606188 	
0 	
0.999999674307175 	
1.49999980424771 	
0 	
2.99999833166541 	
0 	
0 	
0.999999834909781 	
0.999999955750158 	
1.99999890401956 	
0 	
0 	
0.999999674307175 	
0.999999834909781 	
0.999999674307175 	
0 	
0 	
0.999999632186113 	
0 	
0.999999674307175 	
1.99999926437223 	
0 	
0.999999674307175 	
0.999999834909781 	
0.999999703628503 	
0.999999955750158 	
0 	
0.999999481250932 	
0 	
0.999999834909781 	
0.999999674307175 	
1.99999934861435 	
0.999999674307175 	
0 	
0 	
0.999999955750158 	
0.999999703628503 	
0 	
0.999999632186113 	
0.999999834909781 	
1.4999989542961 	
0 	
1.99999896250186 	
0 	
0.99999962606188 	
0.999999685543246 	
0.999999674307175 	
0.999999834909781 	
0 	
0.999999834909781 	
0 	
0 	
0 	
0 	
0.999999674307175 	
0.999999685543246 	
0.999999533150113 	
0 	
0 	
0 	
0 	
0 	
0 	
0.999999481250932 	
0.999999674307175 	
0 	
0 	
0 	
0 	
0 	
0 	
0 	
0 	
0.999999674307175 	
0 	
0 	
0 	
0 	
0 	
0 	
0 	
0 	
0 	
0 	
0 	
0.999999632186113 	
1.99999928206219 	
0.999999632186113 	
0 	
0 	
0 	
0 	
0 	
0 	
0 	
0 	
0 	
0.999999674307175 	
0 	
0.999999358698125 	
0 	
0 	
0 	
0 	
0.999999674307175 	
0 	
1.99999896250186 	
0.999999674307175 	
0 	
1.99999966981956 	
0.999999834909781 	
0.999999632186113 	
0.999999703628503 	
0 	
0.999999834909781 	
0 	
2.49999892545067 	
0 	
2.49999901334407 	
0.99999962606188 	
0 	
0 	
0 	
1.99999944585635 	
0 	
0.999999358698125 	
0 	
0 	
0 	
0 	
0 	
0 	
0 	
0.999999674307175 	
0 	
0.999999674307175 	
0 	
1.99999937108649 	
0 	
0.99999962606188 	
1.74999953715819 	
0 	
0.999999834909781 	
0 	
0.999999834909781 	
0.999999552828006 	
0 	
1.99999896250186 	
1.99999966981956 	
0.999999834909781 	
0 	
0 	
0 	
0 	
0.999999674307175 	
0 	
0 	
0 	
0 	
0.999999632186113 	
1.99999928958687 	
0 	
0 	
0 	
0 	
0 	
0 	
0 	
0.999999674307175 	
0 	
1.99999896250186 	
0 	
0 	
0 	
0.99999985379626 	
0 	
1.49999980424771 	
0 	
0 	
0 	
0.999999834909781 	
0 	
0.999999834909781 	
0 	
0.999999834909781 	
0 	
0 	
0.999999481250932 	
0.99999962606188 	
0 	
1.99999944585635 	
2.49999892545067 	
0 	
2.49999931067901 	
0 	
1.99999904404838 	
1.99999934861435 	
0 	
0 	
0 	
0.999999674307175 	
0.99999962606188 	
0 	
0 	
0 	
0 	
0.999999674307175 	
0.999999955750158 	
0 	
0.999999685543246 	
0.999999674307175 	
0.999999632186113 	
0 	
0 	
0 	
0.999999358698125 	
0.999999674307175 	
0 	
0 	
0.999999955750158 	
1.99999970759252 	
0 	
0 	
0 	
0.999999674307175 	
0.999999674307175 	
0.999999533150113 	
0 	
0 	
2.49999875736744 	
0.999999834909781 	
2.7499989252341 	
0 	
0 	
0 	
0 	
0 	
0 	
0.999999834909781 	
0.999999955750158 	
0 	
0.999999955750158 	
0 	
0 	
0.999999632186113 	
1.99999928958687 	
0 	
0 	
0 	
0.999999834909781 	
0.999999481250932 	
0 	
0.999999481250932 	
0 	
0 	
0 	
0.99999962606188 	
0.999999674307175 	
0 	
0.999999481250932 	
1.99999877993995 	
0.999999481250932 	
0 	
0.999999632186113 	
0.999999674307175 	
0 	
0 	
0 	
1.99999970759252 	
0.999999955750158 	
0 	
0 	
0 	
0 	
0.999999685543246 	
0 	
0 	
0.999999834909781 	
1.49999980424771 	
0 	
1.49999955366899 	
0 	
0 	
0 	
2.7499989252341 	
0.999999955750158 	
0.99999985379626 	
0 	
0.999999674307175 	
0 	
0.999999685543246 	
0 	
0.99999962606188 	
0 	
2.99999895380229 	
0 	
0 	
0.999999674307175 	
1.49999980424771 	
1.99999925212376 	
0.999999674307175 	
0 	
1.9999986613408 	
0.999999632186113 	
1.99999904112638 	
1.9999991944008 	
0.999999955750158 	
0.999999632186113 	
0 	
0 	
0 	
0 	
0.999999625291197 	
0 	
0 	
0 	
0.999999674307175 	
1.9999983029093 	
0.999999632186113 	
0 	
0 	
0.999999674307175 	
0 	
0.999999834909781 	
1.99999849709127 	
1.99999871739625 	
0.999999481250932 	
0 	
0.999999632186113 	
0.999999674307175 	
0 	
0.999999632186113 	
0 	
0.999999674307175 	
0.999999674307175 	
0 	
0.999999358698125 	
0 	
0 	
0.999999874489039 	
0.999999674307175 	
0 	
0.999999834909781 	
0 	
0 	
0 	
0 	
0.999999481250932 	
1.99999928958687 	
