0 	
2.99999902292153 	
0 	
0 	
0 	
0.999999834909781 	
0 	
0 	
1.99999900820924 	
0.999999674307175 	
0 	
0 	
0 	
0 	
0.999999955750158 	
0.999999955750158 	
0 	
0.999999834909781 	
0 	
0.999999955750158 	
0 	
0 	
0 	
0 	
0 	
0 	
0 	
0 	
0 	
0 	
0.999999955750158 	
0 	
0 	
0.999999674307175 	
0.999999955750158 	
0 	
0 	
0 	
0 	
0 	
0 	
0 	
0 	
0 	
0 	
1.99999935032798 	
0 	
0 	
0 	
0 	
0 	
0 	
0 	
0 	
0 	
0.999999834909781 	
0 	
0 	
0 	
0 	
0 	
0 	
0.999999955750158 	
0 	
0 	
0 	
0 	
0 	
0 	
0 	
1.99999934861435 	
0 	
0 	
0 	
0.999999955750158 	
0 	
0 	
0 	
0 	
0 	
0 	
0 	
0 	
0 	
0 	
0 	
0.999999955750158 	
0 	
0 	
0 	
0 	
0 	
0 	
0 	
0 	
0 	
0 	
0.999999674307175 	
0.999999834909781 	
0 	
0 	
0 	
