0.999999955750158 	
0.999999955750158 	
0 	
0 	
0.999999955750158 	
0 	
0.999999955750158 	
0.999999674307175 	
0.999999955750158 	
0 	
0 	
0 	
0 	
0 	
0 	
2.99999890404468 	
0.999999955750158 	
0 	
1.99999918908834 	
0 	
0 	
0 	
0 	
0.999999955750158 	
0 	
0 	
0 	
0 	
0 	
0.999999955750158 	
1.99999918908834 	
0.999999955750158 	
0 	
0.999999955750158 	
0.999999955750158 	
0 	
0 	
0 	
0 	
0 	
0 	
0.999999834909781 	
0.999999955750158 	
0 	
0 	
0.999999632186113 	
0 	
0 	
0 	
0.999999955750158 	
0 	
0 	
2.99999890404468 	
0 	
0 	
0 	
0 	
0 	
0 	
0 	
0 	
0 	
0 	
0 	
0 	
0 	
0 	
0 	
0 	
0 	
0 	
0 	
0 	
0 	
0.999999955750158 	
0.999999955750158 	
0 	
0.999999955750158 	
0 	
0 	
0 	
0 	
0 	
0 	
1.99999966981956 	
0 	
0 	
0 	
0 	
0 	
0.999999955750158 	
0 	
0 	
0 	
0 	
0 	
0 	
0 	
0.999999674307175 	
0 	
0.999999955750158 	
0 	
0.999999955750158 	
0 	
