1.99999966981956 	
0 	
0 	
0 	
0 	
0.999999955750158 	
0 	
0.999999674307175 	
1.99999935032798 	
0 	
0.999999674307175 	
0 	
0 	
1.99999934861435 	
0 	
0.999999955750158 	
0 	
0.999999955750158 	
1.99999935032798 	
0.999999834909781 	
0.999999674307175 	
0 	
0 	
0 	
1.99999934861435 	
0.999999834909781 	
0.999999834909781 	
0 	
0 	
1.99999918908834 	
0 	
0 	
0 	
2.99999836630281 	
0.999999955750158 	
0 	
0 	
0 	
0 	
1.99999966981956 	
0.999999955750158 	
0 	
0.999999834909781 	
0 	
0 	
0 	
0 	
0.999999955750158 	
0.999999955750158 	
1.99999935032798 	
0.999999674307175 	
0 	
0.999999955750158 	
0.999999834909781 	
0 	
0.999999955750158 	
0 	
0 	
0.999999674307175 	
0 	
0 	
0 	
0.999999955750158 	
0 	
0 	
0 	
0.999999674307175 	
0 	
0 	
0 	
0.999999834909781 	
0 	
1.99999926437223 	
0 	
0 	
0.999999955750158 	
0 	
0.999999834909781 	
0 	
1.99999918908834 	
0.999999955750158 	
0 	
0.999999834909781 	
0 	
0 	
1.99999900820924 	
2.99999836630281 	
0.999999674307175 	
1.99999934861435 	
0 	
0.999999834909781 	
2.99999836630281 	
0 	
0 	
0.999999955750158 	
0 	
0 	
0 	
0 	
0.999999834909781 	
0 	
0.999999674307175 	
3.99999794051884 	
1.99999935032798 	
1.99999918908834 	
0 	
0.999999834909781 	
0 	
1.99999935032798 	
0 	
0 	
0.999999955750158 	
0.999999955750158 	
0 	
0 	
2.99999902292153 	
1.99999935032798 	
2.99999890404468 	
0.999999955750158 	
0.999999955750158 	
1.99999966981956 	
0 	
0 	
0 	
0.999999674307175 	
1.99999900820924 	
0 	
0 	
0 	
0.999999834909781 	
0 	
1.99999918908834 	
0.999999955750158 	
1.99999934861435 	
0 	
1.99999934861435 	
0 	
0 	
0.999999674307175 	
2.99999836630281 	
0 	
0.999999834909781 	
0 	
1.99999918908834 	
0 	
0 	
0 	
0 	
0.999999955750158 	
0.999999834909781 	
0 	
0.999999955750158 	
2.99999890404468 	
0.999999674307175 	
0 	
0 	
0.999999834909781 	
0.999999834909781 	
1.99999966981956 	
2.99999836630281 	
0 	
0 	
0 	
0 	
0 	
2.99999890404468 	
1.99999934861435 	
0.999999955750158 	
0 	
0 	
2.99999890404468 	
0.999999834909781 	
1.99999934861435 	
0 	
0.999999834909781 	
0 	
1.99999935032798 	
0 	
1.99999966981956 	
0 	
1.99999966981956 	
0 	
0.999999834909781 	
0.999999834909781 	
0.999999834909781 	
1.99999868409949 	
0 	
0.999999674307175 	
0.999999674307175 	
0.999999674307175 	
0 	
0.999999955750158 	
0 	
0 	
0 	
0 	
0 	
0 	
0.999999674307175 	
0 	
