2.99999836630281 	
0.999999674307175 	
0.999999834909781 	
1.99999966981956 	
1.99999918908834 	
3.99999736277906 	
1.99999966981956 	
0 	
0.999999834909781 	
0.999999834909781 	
1.99999934861435 	
2.99999836630281 	
1.99999918908834 	
2.9999979085922 	
2.99999902292153 	
0.999999834909781 	
2.99999902292153 	
2.99999836630281 	
1.99999934861435 	
1.99999934861435 	
0.999999834909781 	
2.99999890404468 	
0.999999834909781 	
1.99999966981956 	
1.99999934861435 	
1.99999934861435 	
0 	
2.99999836630281 	
1.99999900820924 	
0 	
0 	
2.99999890404468 	
1.99999934861435 	
2.99999890404468 	
1.99999934861435 	
3.99999794051884 	
0.999999955750158 	
0 	
0.999999834909781 	
0 	
0 	
0.999999955750158 	
0.999999632186113 	
1.99999934861435 	
0.999999955750158 	
0.999999834909781 	
0.999999632186113 	
0 	
1.99999966981956 	
0.999999674307175 	
2.99999890404468 	
0.999999834909781 	
0.999999834909781 	
0 	
0 	
0 	
0.999999674307175 	
0.999999955750158 	
0 	
0.999999674307175 	
0.999999834909781 	
0.999999674307175 	
0 	
1.99999966981956 	
1.99999966981956 	
0 	
0.999999955750158 	
3.99999794051884 	
0.999999674307175 	
0 	
0.999999955750158 	
3.99999794051884 	
0 	
0 	
0.999999955750158 	
0.999999834909781 	
0.999999955750158 	
1.99999966981956 	
0 	
0 	
2.99999836630281 	
3.99999794051884 	
0.999999955750158 	
2.99999889655834 	
0.999999955750158 	
0.999999955750158 	
0.999999834909781 	
1.99999918908834 	
0 	
3.99999794051884 	
1.99999926437223 	
1.99999934861435 	
0 	
0.999999955750158 	
0.999999834909781 	
1.99999918908834 	
1.99999918908834 	
0.999999955750158 	
0.999999834909781 	
3.99999794051884 	
