0.999999481250932 	
0.999999392296995 	
0 	
2.9999965766986 	
0 	
0.999999481250932 	
0.999999288422124 	
0 	
0.999999946669962 	
0.999999675607026 	
1.49999860311264 	
0.999999410540692 	
2.49999721096031 	
0.999999632186113 	
0.999999834909781 	
0.99999962606188 	
0 	
1.99999784615793 	
0.999999364845566 	
3.99999630941416 	
0.999999075432228 	
0 	
3.99999463445718 	
0 	
0 	
1.99999894104466 	
0.999999632186113 	
0 	
0.999999625291197 	
1.99999904404838 	
0 	
0 	
1.99999926437223 	
0.999999834909781 	
3.99999586681906 	
0.99999985379626 	
0 	
1.49999910692811 	
0.999999632186113 	
0 	
0 	
0 	
0 	
0 	
0 	
1.49999853159738 	
0 	
1.99999872969113 	
0 	
0.999999834909781 	
1.99999896250186 	
1.99999865224598 	
3.99999569231585 	
0 	
0.999999625450423 	
0 	
1.9999983029093 	
0.999999480761447 	
0 	
0 	
0 	
3.49999833158347 	
0 	
2.99999770292916 	
0.999999364845566 	
0.999999552828005 	
1.99999934861435 	
2.99999774832884 	
1.99999833751845 	
0 	
1.99999926437223 	
2.999998590577 	
1.49999860311264 	
1.99999865224599 	
0.999999632186113 	
0 	
0 	
1.49999980424771 	
1.99999865224599 	
2.99999656319816 	
0 	
0 	
2.9999989755954 	
0.999999358698125 	
1.49999945202234 	
1.99999926437223 	
0 	
3.99999730449197 	
0 	
0.999999358698125 	
0 	
0.999999481250932 	
0 	
0.999999481250932 	
0 	
1.99999672985805 	
0 	
0.999999075432228 	
1.99999909483913 	
0 	
0 	
0 	
5.99999221031545 	
0 	
1.99999966981956 	
2.99999702665085 	
0.999999481250932 	
1.4999989542961 	
0.999999090522717 	
0.999999481250932 	
0 	
1.99999906940444 	
