0 	
0 	
0 	
0.999999122584073 	
0 	
0 	
0 	
0 	
0 	
0 	
0 	
0 	
1.99999636930981 	
2.99999374991672 	
5.99998910792944 	
0 	
0.999999874489039 	
0 	
0 	
2.99999368438399 	
4.7499915840905 	
4.99998947397333 	
0 	
0 	
0 	
4.99999092327454 	
5.99998910792944 	
6.99998544980075 	
5.99998910792944 	
1.99999636930981 	
0 	
5.74999215806327 	
2.99999410879411 	
0 	
5.99998910792944 	
2.99999410879411 	
0 	
0 	
2.99999152747298 	
7.99997742982846 	
0 	
0 	
7.99998429011762 	
2.99999740162305 	
2.99999410879411 	
0 	
0 	
0 	
0 	
2.99999455396472 	
0 	
0.99999784937672 	
0 	
6.74997972054823 	
0 	
0 	
0.999998773333598 	
0 	
8.99997253042003 	
3.99998624661772 	
2.9999905958733 	
4.99998947397333 	
0 	
2.99999740162305 	
7.74997018077616 	
0 	
5.99998713248511 	
0 	
0 	
7.99997465120037 	
4.99998947397333 	
0 	
1.49999959300891 	
4.99998479757045 	
1.99999778365342 	
3.99998747497252 	
5.49999033043239 	
5.99998096599047 	
0 	
0.999998886163273 	
2.99999455396472 	
2.9999905958733 	
8.99997163469312 	
3.99999126203272 	
10.9999656016786 	
1.49999959300891 	
5.99998175708453 	
7.99998547723926 	
0 	
0 	
0 	
5.9999814125624 	
0 	
2.99999455396472 	
0 	
0 	
0 	
2.99999455396472 	
7.99998547723926 	
3.99998690495949 	
3.74999621941548 	
5.49999033043239 	
7.99997726030766 	
0 	
0 	
5.74998300509296 	
6.10647258052484 	
0 	
0 	
0 	
9.42820417541005 	
0 	
5.99998910792944 	
2.99999153618567 	
0 	
2.99999152747298 	
0 	
0 	
5.42823119908506 	
0 	
2.99999455396472 	
4.12499611277325 	
4.99999092327454 	
0 	
7.99998429011762 	
0 	
5.99998713248511 	
0 	
3.99999523901481 	
4.9999843153251 	
7.99998547723926 	
2.99999455396472 	
2.99999700873163 	
4.99999092327454 	
0 	
0 	
7.99997742982846 	
0 	
0 	
7.99998547723926 	
0.999999133874351 	
0 	
2.99999455396472 	
0 	
0 	
0 	
0 	
0.999998905533304 	
4.99999018132352 	
6.42823044048607 	
4.74999124672709 	
2.99999368438399 	
3.99998833558387 	
0 	
2.99999368438399 	
0 	
2.9999905958733 	
3.74999621941548 	
0.999999874489039 	
0 	
0 	
7.99998547723926 	
3.99999554465309 	
0 	
0.999999133874351 	
1.99999636930981 	
0 	
2.99999740162305 	
0 	
7.42821483228313 	
1.99999636930981 	
0 	
2.99999665848982 	
0.999999874489039 	
7.9999738880607 	
0 	
0.999999133874351 	
2.99999740162305 	
0.999997767409885 	
0 	
4.99998432645549 	
1.99999636930981 	
2.9999905958733 	
2.99999634615809 	
0 	
7.99997742982846 	
0 	
4.99999092327454 	
5.99998267235461 	
5.99998629266969 	
0.999999874489039 	
3.99999150475071 	
0 	
0 	
6.99997960249627 	
0 	
0 	
6.99998544980075 	
1.99999578958933 	
4.9999858936428 	
0 	
0 	
3.99999512821079 	
2.99999665848982 	
4.74999294284631 	
0 	
5.99998736876799 	
