0 	
2.99999628202966 	
4.66665714728776 	
6.8147814468478 	
5.99996745417366 	
6.66663033026158 	
7.7592201828597 	
6.66664333126599 	
3.6666617225908 	
2.99999587293378 	
4.99999026001582 	
7.66663973511817 	
1.99999752135311 	
6.66662555370511 	
10.4814205732744 	
7.33329258805229 	
4.66665715272714 	
7.49996505483875 	
2.99999395848074 	
6.42591009686105 	
2.99999628202966 	
4.66665714728776 	
6.8147814468478 	
5.99996745417366 	
6.66663033026158 	
7.7592201828597 	
6.66664333126599 	
3.6666617225908 	
2.99999587293378 	
4.99999026001582 	
