8.70366161335471 	
11.0925325464844 	
11.7036227266083 	
11.7036202951131 	
9.81476579485859 	
9.70363253975023 	
10.9258613815002 	
10.0369608986062 	
5.3333210725293 	
9.81476579485859 	
11.9443806050731 	
9.48141849977253 	
5.3333210725293 	
12.1480622557968 	
9.33327851045419 	
11.7036202951131 	
9.59254568286919 	
9.64809922431019 	
8.70366161335471 	
11.0925325464844 	
11.7036227266083 	
11.7036202951131 	
9.81476579485859 	
9.70363253975023 	
10.9258613815002 	
10.0369608986062 	
5.3333210725293 	
9.81476579485859 	
