10.5925191399881 	
11.0925325464844 	
1.99999875457656 	
11.7036202951131 	
10.1480799437681 	
9.70363253975023 	
7.33329222022467 	
10.0369608986062 	
7.33329837657376 	
9.14809576790327 	
11.9443806050731 	
9.48141849977253 	
10.1480991605294 	
12.1480622557968 	
7.7036764152433 	
11.7036202951131 	
9.59254568286919 	
9.64809922431019 	
10.5925191399881 	
11.0925325464844 	
1.99999875457656 	
11.7036202951131 	
10.1480799437681 	
9.70363253975023 	
7.33329222022467 	
10.0369608986062 	
7.33329837657376 	
9.14809576790327 	
