0 	
0 	
0 	
0 	
0 	
0 	
0 	
0 	
0 	
2.99999740162305 	
0 	
0 	
0 	
0 	
0 	
0 	
0 	
0 	
0 	
0 	
0 	
2.99999153618567 	
2.99999455396472 	
0 	
0 	
2.99999455396472 	
0 	
5.99998910792944 	
0 	
0 	
0 	
0.999999133874351 	
0 	
0 	
0 	
0 	
0 	
0 	
2.99999455396472 	
0 	
0 	
0 	
0 	
2.99999740162305 	
0 	
0 	
0 	
2.99999368438399 	
0 	
0 	
0 	
0 	
0 	
2.99999455396472 	
0 	
0 	
0 	
0 	
0.99999784937672 	
4.99999092327454 	
0 	
0 	
0 	
0 	
0 	
0 	
0 	
2.99999455396472 	
0 	
0 	
0 	
0 	
2.99999455396472 	
2.99999152747298 	
0 	
0 	
0 	
0 	
0 	
0 	
0 	
0 	
0 	
0 	
2.99999455396472 	
0 	
0 	
0 	
0 	
0 	
0 	
0 	
0 	
0 	
0 	
0 	
0 	
0 	
0 	
0 	
0 	
0 	
0 	
0 	
0 	
2.99999455396472 	
0.999999874489039 	
0 	
