0 	
0 	
0.99999937728828 	
0.99999937728828 	
0 	
0 	
0 	
0 	
0 	
0 	
0 	
0.999999133874351 	
0 	
0 	
0 	
5.99998307237135 	
0 	
0 	
0 	
0 	
0 	
0 	
0 	
0 	
0 	
0 	
0 	
0 	
0 	
0 	
2.99999455396472 	
0 	
0 	
0 	
0 	
2.99999368438399 	
0 	
0 	
2.99999368438399 	
0 	
0 	
0 	
0 	
1.99999607252941 	
0 	
5.99998910792944 	
0 	
0 	
0 	
0 	
0 	
0.999999133874351 	
0 	
0.999998861590164 	
4.9999858936428 	
0.999999874489039 	
0 	
0 	
0 	
0 	
0 	
0 	
0 	
0 	
0 	
5.99998736876799 	
0 	
0 	
0 	
2.99999740162305 	
1.99999636930981 	
0 	
0 	
0 	
0 	
0 	
0 	
1.99999771166429 	
0 	
0 	
0 	
4.99998479757045 	
0 	
0 	
0 	
0 	
7.74997278171318 	
0 	
0 	
0 	
1.99999636930981 	
0 	
0 	
0 	
2.99999665848982 	
0 	
0 	
3.9999965354974 	
5.99998736876799 	
2.99999740162305 	
2.99999455396472 	
0 	
2.99999740162305 	
0 	
5.99998736876799 	
0 	
0 	
2.99999152747298 	
0 	
0 	
