7.92588823494406 	
1.66666535574341 	
9.03699850176772 	
10.4258649541368 	
8.75921315040265 	
9.66659948131441 	
1.66666626191368 	
4.9999740118824 	
9.98142844154612 	
2.66666355432764 	
10.2591947177042 	
8.37032589249991 	
4.66664324698558 	
1.66666535574341 	
6.92588397438911 	
6.88885681251623 	
7.81477633276141 	
8.48143855869622 	
5.3333210725293 	
7.92588823494406 	
1.66666535574341 	
9.03699850176772 	
10.4258649541368 	
8.75921315040265 	
9.66659948131441 	
1.66666626191368 	
4.9999740118824 	
9.98142844154612 	
2.66666355432764 	
