0 	
0 	
0 	
0 	
0 	
0 	
0 	
0 	
0 	
0.999999706003063 	
0.999999685543246 	
0 	
0 	
0 	
0 	
0.999999903791583 	
0 	
0 	
0 	
0 	
0 	
0 	
0 	
0 	
0 	
0 	
0 	
0 	
2.99999760360247 	
0 	
0 	
2.999998590577 	
0 	
0.999999480761447 	
0 	
0 	
0 	
0 	
0 	
0 	
0 	
0 	
1.99999865224599 	
0 	
0 	
0.999999834909781 	
0 	
0 	
0 	
0 	
0 	
0 	
0.999999834909781 	
0 	
1.99999906940444 	
0 	
0 	
1.74999935938636 	
0 	
0 	
0.999999481250932 	
1.99999784615793 	
0 	
0 	
0 	
0 	
0.999999151454652 	
0 	
0 	
0 	
0 	
0 	
0 	
0 	
0 	
0 	
0 	
0 	
0 	
0 	
0 	
0 	
0 	
0 	
0 	
0 	
1.99999966981956 	
1.49999955366899 	
0 	
0 	
0 	
0 	
0 	
0 	
0 	
2.999998590577 	
0 	
0 	
0 	
0 	
0 	
0.999999494572601 	
0 	
0 	
0 	
0 	
0 	
0 	
0 	
0 	
0 	
0 	
0 	
0 	
0 	
0 	
0 	
0 	
0 	
0 	
0 	
0 	
1.99999932899716 	
1.99999932899716 	
