0.99999937728828 	
2.66665840285475 	
0 	
0 	
0.999999072191512 	
0 	
0.999998773333598 	
0 	
4.99998947397333 	
5.99998165036501 	
2.99999368438399 	
0 	
0 	
2.99999151809473 	
0 	
3.9999965354974 	
11.4281983194909 	
4.7499915840905 	
0 	
5.99998910792944 	
4.99999092327454 	
0 	
6.74997442012264 	
0 	
1.99999578958933 	
4.99999092327454 	
0 	
0 	
7.99997641435036 	
1.49999959300891 	
4.99999092327454 	
5.99998096599047 	
0 	
0 	
4.99999092327454 	
4.49998536035506 	
2.99999032679549 	
10.4999596832277 	
5.99998736876799 	
0 	
4.99999092327454 	
0 	
0 	
2.99999455396472 	
3.9999887032973 	
3.99999601164217 	
5.99998736876799 	
0.999999874489039 	
0 	
0 	
1.99999383293549 	
0 	
4.99999092327454 	
3.99999523901481 	
2.99999410879411 	
2.9999905958733 	
0.999999674307175 	
1.99999349814721 	
0 	
2.99999455396472 	
3.99999563535765 	
0 	
0 	
0 	
0 	
4.49999316316141 	
0 	
0.999998886163273 	
0 	
4.99998479757045 	
6.44557681213588 	
0.999999133874351 	
0 	
0.999999703628503 	
2.49999907915258 	
5.99998910792944 	
0.999998609333551 	
6.74997768377496 	
5.99998303121062 	
9.74997080293845 	
0 	
0 	
5.99998736876799 	
0.999998905533304 	
0 	
4.74999124672709 	
5.87498943845362 	
0 	
0 	
1.99999373058219 	
0 	
2.99999740162305 	
3.74999621941548 	
0.999998861590164 	
2.99999455396472 	
3.99998747497252 	
0 	
0 	
0.999998782052696 	
4.49999016238913 	
8.99997331596602 	
7.99998429011762 	
0.999998905533304 	
0.999996940802589 	
