4.49999120276609 	
3.49999786266982 	
2.99999719331746 	
1.99999761588545 	
3.49999521840127 	
2.9999952170047 	
2.9999962083309 	
2.49999509256109 	
1.99999676251478 	
2.99999530053002 	
6.99999041754984 	
0.999999481250932 	
2.99999817778914 	
5.49999313066359 	
3.99999473351869 	
7.99998595892253 	
1.49999945202234 	
2.99999702665085 	
5.49999475636902 	
1.99999871739625 	
3.99999625214899 	
2.99999757564628 	
4.49999380855133 	
3.99999499807174 	
4.99999304666776 	
0.999999151454652 	
5.99999273951984 	
0.999998445704328 	
1.99999738232222 	
2.9999980945367 	
4.49999184693956 	
5.24999374762618 	
6.99999055687739 	
5.49999391098234 	
4.99999387783723 	
1.99999756780734 	
2.99999754788487 	
5.99999210027804 	
0.999999358698125 	
2.49999827234222 	
0 	
1.99999822615458 	
3.9999935301051 	
4.49999506434652 	
3.99999730449197 	
3.4999960258705 	
0.999999288422124 	
3.49999678514168 	
0 	
6.99999139725955 	
2.99999722629668 	
1.99999723903273 	
6.99998784506892 	
3.99999755634211 	
0.999999151454652 	
4.99999391099683 	
3.49999619119434 	
0 	
2.99999807609438 	
3.99999443733421 	
1.9999983029093 	
6.4999899415744 	
0.999999481250932 	
5.24999371532816 	
0.999999358698125 	
5.99999292921049 	
1.74999864733229 	
3.49999590600733 	
2.49999608207606 	
7.99998744613015 	
6.99998908123872 	
3.74999303552975 	
0.999998750673143 	
1.99999815231109 	
4.74999442001281 	
4.99999330574216 	
5.49999396240551 	
0 	
4.49999425755775 	
1.49999842573893 	
3.49999699442077 	
4.74999326097841 	
5.9999911520913 	
4.99999329243291 	
4.99999524875729 	
2.99999650019688 	
5.49998950883118 	
3.99999562145477 	
5.49999281238915 	
4.74999348786873 	
5.99999072413836 	
4.49999636765262 	
1.99999750075051 	
5.99999233860449 	
5.99999173666654 	
3.99999832226947 	
1.99999871739625 	
3.99999358129039 	
0.999999151454652 	
9.99997438340042 	
0.999999358698125 	
3.99999552553918 	
2.99999553875682 	
2.99999604449536 	
1.99999709151139 	
3.49999732503904 	
5.99998949720932 	
6.9999853677424 	
0.999999632186113 	
0 	
