1.49999980424771 	
0.999999685543246 	
0 	
0 	
0 	
0 	
0 	
0 	
0 	
0 	
1.99999944585635 	
1.99999925502094 	
0 	
0 	
0 	
0 	
0 	
0 	
0 	
0 	
1.99999784615793 	
1.99999932899716 	
0 	
0 	
0 	
0 	
0 	
1.99999815470708 	
0 	
0 	
0 	
0 	
0 	
0.99999985379626 	
0 	
0 	
0 	
0 	
0 	
0 	
0 	
0 	
0.999999481250932 	
0 	
1.99999932899716 	
0 	
0 	
0 	
0 	
0 	
0 	
0.999999955750158 	
0 	
0 	
0.999999685543246 	
0 	
0 	
0 	
0 	
0 	
3.99999865799432 	
0 	
0 	
0 	
0 	
0 	
0 	
0 	
0 	
0 	
0 	
0.999999632186113 	
0 	
0 	
0 	
0 	
0 	
0 	
0 	
0 	
0 	
0 	
0 	
0 	
0 	
0.999999481250932 	
0 	
0 	
0 	
0 	
0 	
0.999999955750158 	
0 	
0 	
0 	
0.999999746982215 	
0 	
0.99999962606188 	
0 	
1.99999906940444 	
0.999999746982215 	
0 	
0 	
0 	
0 	
0 	
0 	
0 	
0 	
0 	
0 	
0 	
0 	
0 	
0 	
0 	
0 	
0.999999743847612 	
0 	
0 	
