8.81476493662729 	
8.33329742421945 	
7.20367826514088 	
6.66663033026158 	
2.66666442304116 	
9.37031169793908 	
7.66662326015927 	
9.14810423043914 	
9.70365170966101 	
1.66666533669673 	
1.66666533669673 	
1.66666471536728 	
6.59256454244737 	
7.44440005689174 	
3.66665602790908 	
5.66664693680217 	
4.66666027889231 	
8.59255451897884 	
2.99999371624077 	
8.81476493662729 	
8.33329742421945 	
7.20367826514088 	
6.66663033026158 	
2.66666442304116 	
9.37031169793908 	
7.66662326015927 	
9.14810423043914 	
9.70365170966101 	
1.66666533669673 	
