0 	
0 	
2.99999395848074 	
3.66665121044753 	
2.66666063364295 	
1.99999682798504 	
1.99999771662815 	
0.999999122584073 	
1.99999730794195 	
2.66666355432764 	
5.77774697553936 	
1.66666471536728 	
1.99999833945067 	
0 	
1.99999682798504 	
0 	
3.99997931072484 	
8.33327810868441 	
0.99999937728828 	
1.99999687811143 	
4.92590417937341 	
2.99999395848074 	
3.66665121044753 	
2.66666063364295 	
1.99999682798504 	
1.99999771662815 	
0.999999122584073 	
1.99999730794195 	
2.66666355432764 	
5.77774697553936 	
1.66666471536728 	
