1.9999966988078 	
0 	
3.49999659446946 	
2.49999840848296 	
0.99999962606188 	
0.999999358698126 	
0 	
1.9999972186671 	
0 	
0.999998905533303 	
1.49999860311264 	
3.99999435304134 	
0.999999685543246 	
0.999999358698125 	
3.49999689189154 	
0.999999625291197 	
2.99999762131516 	
4.99999302823792 	
3.99999334765052 	
2.49999775110914 	
0.999999674307175 	
0.999999481250932 	
0.999999151454652 	
1.9999981544939 	
0 	
3.74999603315492 	
0 	
0.999999075432228 	
5.49999244484808 	
1.74999864733229 	
4.12499513266882 	
2.99999833166541 	
1.99999925090085 	
0 	
2.49999608207606 	
0.999999271778113 	
0.999999075432228 	
2.9999979085922 	
4.99999387783723 	
0.999998883927388 	
1.99999833751845 	
0.999999151454652 	
1.49999945202234 	
0.999999358698125 	
3.9999949593647 	
1.4999989542961 	
0.999999632186113 	
0 	
1.99999896152289 	
1.99999816560928 	
2.4999975295227 	
3.4999960258705 	
3.99999625214899 	
0 	
4.99999452766652 	
1.99999928958687 	
4.99999620977545 	
1.49999853159738 	
0.999999481250932 	
3.99999569231586 	
0.999999364845566 	
2.99999573352498 	
0.999999552828005 	
3.99999813880887 	
2.4999977233637 	
3.99999687991167 	
3.99999417701987 	
2.99999676907883 	
1.99999750683481 	
0.999999151454652 	
0.999999364845566 	
2.49999842879065 	
0 	
1.99999894104466 	
2.99999690852732 	
2.99999722629668 	
0 	
5.99999274494796 	
0 	
1.49999980424771 	
4.99999041126205 	
0.999999674307175 	
2.99999582005996 	
0.999998750375256 	
5.49999508951576 	
0 	
0.999999703628503 	
2.49999806946416 	
2.99999833166541 	
2.99999643125794 	
0.999999674307175 	
4.9999947821625 	
0 	
0 	
0.999999834909781 	
0.999998807942727 	
2.9999979085922 	
0.999999151454652 	
2.99999806020818 	
1.99999865224599 	
0.999999481250932 	
2.99999759762819 	
3.99999776829517 	
1.99999894104466 	
3.99999660581861 	
0 	
0.999999632186113 	
1.99999773781891 	
1.99999803162609 	
0.999998923012306 	
