4.66665714728776 	
8.44439611505717 	
7.66661919139798 	
9.33327394685437 	
10.3703026751003 	
9.98142768020565 	
11.0925363269128 	
8.05551750798149 	
3.99997947943257 	
3.33332950211925 	
9.11104805964649 	
5.3333210725293 	
10.1110407431112 	
8.48142658209356 	
4.66665773903545 	
3.99999512251111 	
7.92588982815796 	
4.66666027889231 	
7.66662395349243 	
4.66665714728776 	
8.44439611505717 	
7.66661919139798 	
9.33327394685437 	
10.3703026751003 	
9.98142768020565 	
11.0925363269128 	
8.05551750798149 	
3.99997947943257 	
3.33332950211925 	
