2.24999878459421 	
1.99999947467011 	
0 	
1.49999876307492 	
0 	
0 	
0.999999884905103 	
0.999998905533304 	
0 	
0 	
0.999999874489039 	
0 	
0.999999674307175 	
0 	
0 	
0 	
0 	
1.99999833751845 	
0 	
0 	
0 	
0 	
0 	
0 	
1.99999925212376 	
1.99999928958687 	
0 	
0 	
0 	
1.9999983029093 	
0 	
1.74999891107388 	
0.999999674307175 	
0 	
0 	
0 	
0 	
0 	
0 	
0 	
1.49999853159738 	
0.999999685543246 	
1.99999840465054 	
0 	
0 	
0 	
1.99999865224598 	
0 	
2.99999702665085 	
2.99999617382484 	
0.999999632186113 	
0 	
1.99999900820924 	
0 	
0.999999834909781 	
0 	
0 	
0.999999685543246 	
0 	
1.99999966981956 	
0.999999410540692 	
0 	
0 	
0.999999481250932 	
0 	
0 	
0 	
0 	
0.999999674307175 	
0 	
0 	
0 	
0 	
0 	
0.999999480761447 	
0 	
0 	
0.999999410540692 	
0.999999625450423 	
0 	
0 	
0 	
0 	
0 	
0 	
0.99999962606188 	
0 	
0 	
0 	
0.999999632186113 	
0.999999955750158 	
0 	
0 	
0 	
1.99999874892738 	
0 	
0 	
1.9999991944008 	
0.999999834909781 	
0 	
1.99999926437223 	
0 	
0 	
0.99999962606188 	
2.49999847834158 	
2.99999702665085 	
0 	
0 	
1.99999815470708 	
0 	
