8.99995914784602 	
11.0925364909496 	
9.98143132463837 	
7.87034610397026 	
10.2592000673103 	
11.3147565085185 	
9.09256189057371 	
8.59255490157758 	
7.77774710917512 	
4.66664324719864 	
8.33328585767131 	
9.92587861993493 	
5.66665528849508 	
7.55551958760442 	
8.83329269993484 	
10.4814111916333 	
8.33328585767131 	
9.31476301104149 	
8.99995914784602 	
11.0925364909496 	
9.98143132463837 	
7.87034610397026 	
10.2592000673103 	
11.3147565085185 	
9.09256189057371 	
8.59255490157758 	
7.77774710917512 	
4.66664324719864 	
