0 	
0 	
0 	
0 	
0 	
0 	
0 	
0 	
4.99999092327454 	
0 	
0.999999874489039 	
0 	
0 	
0 	
2.99999455396472 	
0 	
0 	
0 	
0 	
2.99999455396472 	
0 	
5.99998910792944 	
0 	
0 	
0 	
0 	
0 	
0 	
1.99999578958933 	
0 	
0 	
0 	
0 	
0 	
0 	
0.999999133874351 	
0 	
0 	
0 	
0 	
0.999999133874351 	
0 	
0 	
0.999997175824324 	
0 	
0 	
0 	
0 	
0 	
0 	
0 	
0 	
0 	
2.99999368438399 	
0 	
0 	
2.99999153618567 	
0 	
0.999999874489039 	
2.99999455396472 	
0 	
2.99999740162305 	
2.99999368438399 	
0 	
0 	
0 	
0 	
4.74999251919805 	
0 	
0 	
4.99999092327454 	
0 	
0 	
0 	
0 	
0 	
1.99999636930981 	
2.99999455396472 	
0 	
0 	
4.74999294284631 	
0 	
0 	
0 	
0 	
2.99999455396472 	
0 	
0 	
0 	
0 	
0 	
0 	
0 	
0 	
0 	
0 	
0.999997175824324 	
0 	
0 	
0 	
2.99999455396472 	
0 	
0 	
0 	
0 	
0 	
0 	
0 	
