1.99999791459437 	
4.66665170164909 	
4.66665510457528 	
3.99998737204593 	
6.49997363633003 	
2.99999517387434 	
6.03700944657504 	
7.7777383199386 	
4.99998027019188 	
2.99999628202966 	
1.99999838323212 	
8.33328719616073 	
5.92589246118963 	
2.99998685208895 	
2.66666141768279 	
6.59257813400388 	
3.6666618405374 	
0 	
5.92589968165594 	
4.66665600592079 	
4.66665170164909 	
4.66665510457528 	
3.99998737204593 	
6.49997363633003 	
2.99999517387434 	
6.03700944657504 	
7.7777383199386 	
4.99998027019188 	
2.99999628202966 	
1.99999838323212 	
4.99999092327454 	
2.99999665848982 	
11.4281968327174 	
5.99998736876799 	
3.49999187302364 	
7.99998315835732 	
11.7846777559387 	
5.99998629266969 	
8.10646314285517 	
0 	
7.99997492232877 	
4.99998947397333 	
6.78470990026607 	
6.9999763795499 	
5.99998736876799 	
7.99998315835732 	
3.99999512821079 	
9.49997719005711 	
6.44558976937263 	
7.99998429011762 	
0 	
6.49998423462772 	
9.4999644552923 	
0 	
4.99998947397333 	
7.99998315835732 	
6.49998449338667 	
12.7499594724714 	
0 	
11.749951196567 	
2.9999987603962 	
2.49999630218439 	
7.99998315835732 	
9.99996314935991 	
6.1064712333311 	
8.4999710080726 	
5.99998910792944 	
6.10646946819812 	
11.9999621795908 	
6.42822764486055 	
9.99996833176227 	
11.4281968327174 	
7.49998246339158 	
9.99996833176227 	
7.99997641435036 	
5.99998821758822 	
4.7499915840905 	
8.28470479948863 	
7.4999712211744 	
0 	
0.999999874489039 	
0 	
5.99998736876799 	
5.99998713248511 	
10.1782011565966 	
0 	
10.8749589259 	
6.49998449338667 	
7.99998208073499 	
6.10647258052484 	
10.2499579457437 	
6.24998967118722 	
4.99998880045937 	
6.24998699923445 	
3.9999965354974 	
6.99998221881084 	
7.99998315835732 	
7.99997742982846 	
7.10646618388117 	
5.99998307237135 	
7.9282267805523 	
6.10647188031751 	
8.99998105243352 	
7.78470582614486 	
7.49998211004953 	
2.99999634615809 	
5.99998656055124 	
7.99998429011762 	
