10.5925191399881 	
11.5925100906692 	
1.99999875457656 	
7.66663973511817 	
4.66665715272714 	
10.0369706927605 	
7.33329222022467 	
8.14810860563809 	
11.7036227266083 	
9.14809576790327 	
8.33328585767131 	
11.1480707988134 	
10.7036299299974 	
6.66663171032156 	
7.7036764152433 	
10.70362756484 	
12.0925249314054 	
9.64809922431019 	
10.5925191399881 	
11.5925100906692 	
1.99999875457656 	
7.66663973511817 	
4.66665715272714 	
10.0369706927605 	
7.33329222022467 	
8.14810860563809 	
11.7036227266083 	
9.14809576790327 	
