2.74999618706537 	
0 	
0 	
0.999999247119337 	
2.66666308013646 	
1.99999812793649 	
0.99999962606188 	
1.49999916440833 	
0.999999187240597 	
0 	
3.7499960994204 	
0.999999151454652 	
0 	
0.999999271778113 	
0 	
0.999999632186113 	
0.999998750375256 	
2.99999811899866 	
0.999999480761447 	
0.999999685543246 	
0 	
0.999999834909781 	
1.99999925212376 	
0 	
1.99999750683481 	
0.999999834909781 	
0 	
0 	
1.99999906940444 	
0.999999632186113 	
0 	
1.99999872969113 	
0.999999481250932 	
0 	
1.99999906940444 	
0.999999364845566 	
0 	
1.99999784615793 	
1.99999896152289 	
1.99999966981956 	
0 	
0 	
0 	
0 	
0.999999955750158 	
1.99999925090085 	
0.999998481277345 	
0.999999552828006 	
0 	
0.999999834909781 	
1.99999928958687 	
0 	
1.99999966981956 	
2.99999656319816 	
0 	
0 	
1.99999906940444 	
1.99999934861435 	
0.999998609333551 	
4.99999620977545 	
1.49999944158655 	
0 	
0 	
2.99999604608293 	
0.999999481250932 	
1.99999909483913 	
0 	
0 	
1.99999849423867 	
1.99999906940444 	
3.99999813880887 	
0 	
0 	
0 	
2.49999786280304 	
0 	
0 	
0 	
0.999999387104186 	
0.999999834909781 	
0.999998445704328 	
0 	
0 	
0.999999632186113 	
0 	
0 	
0 	
0 	
0 	
2.99999855923089 	
1.99999926437223 	
0.999999481250932 	
0 	
0 	
0.999999358698125 	
0.999998905533304 	
0.999999481250932 	
0.999999632186113 	
0 	
0.999999075432228 	
1.49999793618377 	
0 	
1.4999991831514 	
1.99999906940444 	
0 	
1.99999784615793 	
1.99999909483913 	
0 	
1.99999871739625 	
0.999999632186113 	
0.999999481250932 	
1.99999935032798 	
