1.99999875457656 	
0.999998957297187 	
1.99999875457656 	
0 	
5.9999814125624 	
7.99998315835732 	
2.99999368438399 	
7.99998208073499 	
4.9999837345225 	
0 	
9.99996608751347 	
8.99998038537402 	
2.99999455396472 	
4.99998947397333 	
0 	
1.49999959300891 	
0 	
11.7499627655212 	
6.99998544980075 	
10.4282047105003 	
0 	
10.4282047105003 	
1.99999636930981 	
8.99997163469312 	
0 	
6.78470808329061 	
4.99998947397333 	
9.49996747195139 	
0 	
1.49999769690853 	
3.99999554465309 	
6.42823147999921 	
0.999999874489039 	
9.49996927259126 	
10.9999656016786 	
6.85646976067137 	
6.51735015643128 	
3.99999554465309 	
0 	
0 	
0 	
10.4455623078348 	
9.74996571162124 	
6.99998433020901 	
9.17820653689271 	
5.99998736876799 	
2.99999244952898 	
0.999998773333598 	
3.99999127045603 	
0.999999674307175 	
0 	
5.99998910792944 	
6.92822732291057 	
0 	
5.99998910792944 	
3.99999126203272 	
7.99998547723926 	
4.99998330457755 	
9.10644935745877 	
0 	
2.99999049336725 	
6.49997870567912 	
7.4999834420662 	
0 	
7.74996968096658 	
6.99997884367261 	
6.92822732291057 	
9.85644353160517 	
6.99998433020901 	
0.999996940802589 	
6.10647162801446 	
7.85646694370353 	
0.999998773333598 	
6.92822732291057 	
1.49999959300891 	
5.99998267235461 	
2.99999740162305 	
8.42821033715694 	
4.49999435826374 	
0 	
5.74998964753565 	
6.99998455490479 	
0 	
5.99998629266969 	
4.99999262109178 	
7.57058776275238 	
5.99998736876799 	
6.99998544980075 	
5.99998736876799 	
4.9999837345225 	
6.42822809957358 	
0 	
0 	
3.99999150475071 	
2.49999917739919 	
0 	
0 	
2.99999368438399 	
8.99997044885247 	
6.99997847886864 	
6.99997814223596 	
