8.70366161335471 	
11.7036202951131 	
11.7036227266083 	
11.7036202951131 	
11.1480720291362 	
9.70363253975023 	
10.9258613815002 	
10.0369608986062 	
5.3333210725293 	
9.81476579485859 	
9.81476579485859 	
9.81476579485859 	
5.3333210725293 	
12.1480622557968 	
9.33327851045419 	
9.33327851045419 	
9.59254568286919 	
11.1480720291362 	
8.70366161335471 	
11.7036202951131 	
11.7036227266083 	
11.7036202951131 	
11.1480720291362 	
9.70363253975023 	
10.9258613815002 	
10.0369608986062 	
5.3333210725293 	
9.81476579485859 	
