0.999998658614294 	
0 	
0 	
0 	
0.999999585877299 	
0 	
0 	
0.999999834909781 	
0.99999962606188 	
0 	
0 	
0 	
0 	
1.99999926437223 	
0 	
2.49999931067901 	
0 	
0 	
1.74999903519047 	
0 	
1.99999906940444 	
0 	
0 	
0 	
0 	
0 	
1.49999830080934 	
0 	
0 	
1.99999934861435 	
0 	
0.999999632186113 	
0 	
0 	
2.99999889655834 	
0 	
0.999999834909781 	
0 	
0.999999271778113 	
0 	
0 	
0 	
0 	
0.999999625291197 	
0 	
1.99999925212376 	
0 	
0 	
0.999999075432228 	
0 	
0 	
0 	
0 	
0 	
0.999999834909781 	
0 	
0.999999955750158 	
0 	
0 	
0.999999288422125 	
0 	
0 	
0 	
0 	
1.99999932899716 	
0 	
0 	
0.99999985379626 	
0 	
0.999999632186113 	
0.999999632186113 	
0 	
0 	
0.999999955750158 	
0 	
0 	
0 	
0 	
0.999998750375256 	
0 	
1.99999861524161 	
0 	
0 	
0 	
0 	
0 	
0 	
0 	
0.999999955750158 	
0 	
0 	
0 	
0 	
0 	
0 	
0 	
0 	
0 	
1.49999819346348 	
1.4999991831514 	
1.49999955366899 	
0 	
0 	
0 	
0 	
0 	
0.99999985379626 	
0 	
0 	
0 	
3.99999865799432 	
3.99999513561469 	
1.4999992493788 	
