0 	
0 	
0 	
0 	
0 	
0.999999813948963 	
0.999999955750158 	
1.99999856727011 	
0 	
0.999999358698125 	
0 	
0.999999481250932 	
0.999999720253968 	
0 	
0 	
0.999999703628503 	
0 	
0.999999625450423 	
0 	
1.99999818104543 	
0 	
0 	
0 	
0 	
0 	
0 	
0.999999674307175 	
0 	
0 	
0 	
1.99999937108649 	
0 	
0 	
0 	
1.49999842573893 	
0 	
0 	
0 	
0 	
0 	
0 	
0 	
0 	
0.999999685543246 	
0 	
1.99999906940444 	
0 	
0 	
0 	
1.99999849423867 	
0 	
0 	
0 	
0 	
0 	
0.999999481250932 	
0.999999674307175 	
0 	
0 	
2.99999803582339 	
0 	
0 	
0 	
0.999999834909781 	
0 	
0.999999955750158 	
0 	
0 	
0 	
0 	
0.999999955750158 	
0 	
0 	
0 	
0 	
0 	
0 	
1.99999906940444 	
0 	
0 	
1.99999756780734 	
0 	
0 	
4.99999652459213 	
0 	
0 	
0 	
0 	
0.999999358698125 	
0 	
0 	
0 	
0 	
0.999999834909781 	
0 	
0 	
1.99999925090085 	
0 	
0 	
0 	
0 	
0 	
0 	
1.99999865224599 	
0.999999481250932 	
0.999999834909781 	
0 	
0 	
0 	
0 	
0 	
1.99999926437223 	
0.999999955750158 	
0 	
0 	
0 	
