0 	
2.99999668561451 	
0 	
2.49999628946518 	
0 	
0 	
0 	
0 	
0 	
0.999999674307175 	
0 	
0.999999932880625 	
0 	
1.99999793327603 	
0 	
0 	
0 	
0 	
0 	
0.999999364845566 	
0.99999985379626 	
0 	
0 	
0.99999962606188 	
0 	
1.99999865224599 	
0 	
0 	
0.999999358698125 	
0 	
0 	
0 	
0.999999358698125 	
0 	
0 	
0 	
0 	
1.99999918908834 	
1.99999865224599 	
0.999999190685501 	
0 	
0 	
0 	
0 	
1.99999925090085 	
0 	
2.49999811683675 	
1.49999876307492 	
0 	
0 	
0 	
0 	
0 	
0 	
6.99999003957752 	
0.999999834909781 	
0 	
0 	
0.999999151454652 	
1.99999906940444 	
2.99999702665085 	
0 	
0.999999632186113 	
0 	
0 	
0.999999271778113 	
0.999999685543246 	
0.999999481250932 	
0 	
0 	
0.999999481250932 	
0.999999834909781 	
1.99999784602461 	
0 	
1.49999945202234 	
0 	
0.999999077246953 	
0 	
0 	
0 	
0.999999358698126 	
0.999999075432228 	
0 	
0 	
1.99999865224599 	
0 	
0 	
1.99999932899716 	
0 	
0.999999674307175 	
0 	
0 	
0 	
0 	
0 	
0 	
0 	
0 	
0.999999481250932 	
0.999999834909781 	
1.99999865224599 	
0.999999552828005 	
0 	
1.99999882108138 	
1.99999868409949 	
0.999999358698125 	
0 	
0 	
0.999999834909781 	
0 	
0.999999362001564 	
1.99999932899716 	
0 	
0.999999320815289 	
0 	
