0 	
4.99998043881268 	
5.3333210725293 	
3.66665971405141 	
6.38886127287142 	
2.99999072677347 	
9.70365914706534 	
5.48145351731958 	
2.99999757484818 	
2.99999587293378 	
7.48144310165055 	
3.33332950211925 	
3.99998218595064 	
5.9999736527979 	
6.92588130357933 	
4.9999740118824 	
4.59258040906835 	
4.99997441029068 	
7.72218183584005 	
1.99999833945067 	
4.99998043881268 	
5.3333210725293 	
3.66665971405141 	
6.38886127287142 	
2.99999072677347 	
9.70365914706534 	
5.48145351731958 	
2.99999757484818 	
2.99999587293378 	
7.48144310165055 	
7.87382723468457 	
1.49999980424771 	
3.99999512821079 	
0 	
0.999999955750158 	
5.99998910792944 	
6.92822676537161 	
7.10646997533955 	
10.9999630053882 	
8.94558206251953 	
0 	
1.49999959300891 	
7.99998208073499 	
0 	
8.99998105243352 	
7.99997465120037 	
6.99997915846845 	
7.99998429011762 	
7.99998429011762 	
9.74996275384823 	
7.99998315835732 	
8.99997163469312 	
7.99998429011762 	
7.99998547723926 	
7.9999738880607 	
7.99997465120037 	
7.99998429011762 	
6.85646976067137 	
6.99997960249627 	
6.49998254142122 	
7.10646860408979 	
13.1249586439748 	
7.10646618388117 	
5.99998736876799 	
3.99999554465309 	
7.99997073961506 	
8.99997136614675 	
5.99998821758822 	
0 	
2.99999665848982 	
5.99998096599047 	
7.99998315835732 	
9.42820628343384 	
8.99997685083382 	
1.49999769690853 	
0 	
8.4999674676932 	
4.9999872919726 	
7.76734371890169 	
7.17822755167474 	
0 	
8.99997422922666 	
2.99999665848982 	
3.99999512821079 	
9.49997833141409 	
0 	
2.99999368438399 	
3.99999512821079 	
7.4999834420662 	
6.24998815761451 	
9.99996833176227 	
5.99998736876799 	
1.49999959300891 	
6.99998221881084 	
7.78470546079019 	
10.7499580774842 	
3.99999554465309 	
1.49999959300891 	
2.99999574317323 	
6.99998455490479 	
7.99997641435036 	
7.99998429011762 	
8.99997323028783 	
8.99997455428418 	
7.49997546811562 	
10.1782011565966 	
9.99997148442588 	
10.9999656016786 	
5.99998656055124 	
7.49997339147796 	
0.999998782052696 	
4.99999262109178 	
6.49998423462772 	
10.7499594311148 	
