0 	
0 	
0 	
0 	
7.74997278171318 	
0 	
3.99999150475071 	
1.99999636930981 	
5.99998267235461 	
1.4999966748203 	
0.999998861590164 	
4.99999092327454 	
2.99999634615809 	
0 	
0 	
5.99998910792944 	
0 	
5.99998910792944 	
2.99999368438399 	
4.99999092327454 	
0.999999955750158 	
0 	
8.74996865039525 	
4.74999294284631 	
0 	
3.99999150475071 	
0 	
0 	
2.99999740162305 	
0 	
0 	
0 	
0 	
2.99999087854227 	
0 	
2.99999152747298 	
5.74999048625442 	
5.74998880157982 	
5.99998910792944 	
2.99999740162305 	
0 	
0 	
1.99999636930981 	
4.99998947397333 	
2.99999368438399 	
7.99998547723926 	
4.74999294284631 	
0 	
0 	
0 	
0.999999133874351 	
4.99999092327454 	
4.99998432645549 	
0 	
0 	
0 	
0 	
2.99999740162305 	
0 	
3.74999621941548 	
0 	
2.99999740162305 	
0 	
0 	
2.99998881400733 	
4.99999092327454 	
0 	
0.999999874489039 	
3.99999523901481 	
0 	
2.99999455396472 	
6.99998433020901 	
1.99999578958933 	
0 	
2.99999368438399 	
0 	
0 	
5.99998821758822 	
4.99999092327454 	
5.7673528814602 	
4.99999092327454 	
0 	
0.999999874489039 	
5.99998910792944 	
2.99999455396472 	
2.99999665848982 	
0 	
0.999999133874351 	
0 	
0 	
3.99999150475071 	
0 	
0 	
1.99999578958933 	
4.99999092327454 	
0 	
0 	
0 	
2.99999740162305 	
2.99999153618567 	
5.99998910792944 	
2.99999368438399 	
1.49999641366449 	
1.99999607252941 	
7.99998547723926 	
0 	
0 	
0 	
0 	
6.99997960249627 	
0 	
0 	
5.99998821758822 	
0 	
0 	
0.999999874489039 	
2.99999368438399 	
2.99999087854227 	
0 	
4.99999092327454 	
0 	
0 	
0 	
0.999998861590164 	
0 	
8.42821126002828 	
0.999999874489039 	
0 	
4.9999858936428 	
0 	
0 	
7.99997726030766 	
5.99998910792944 	
0 	
2.99999368438399 	
2.99999665848982 	
2.99999368438399 	
4.99999092327454 	
0 	
0 	
0 	
1.99999932513795 	
2.99999740162305 	
1.99999373058219 	
0 	
0 	
5.99998910792944 	
0.999999955750158 	
0 	
0 	
8.99997455428418 	
4.99998479757045 	
10.999967828023 	
5.99998910792944 	
0 	
0 	
3.9999944833785 	
0 	
0 	
7.99998547723926 	
3.9999965354974 	
0.999999133874351 	
3.74999572512549 	
0 	
0.999997520552696 	
0 	
0 	
2.99999368438399 	
0 	
0.999998886163273 	
0 	
2.99999087854227 	
0 	
0 	
0 	
0 	
0 	
9.99996821260535 	
0 	
0 	
0 	
0 	
2.99999153618567 	
5.42823291082357 	
0.999997715236771 	
0 	
2.99999082240777 	
0 	
0 	
4.99998947397333 	
0.999998886163273 	
2.99999740162305 	
3.99999523901481 	
0.999999874489039 	
0 	
0 	
5.42823291082357 	
1.49999959300891 	
5.99998910792944 	
0.999998886163273 	
0 	
0 	
0 	
0 	
