1.99999584276542 	
0 	
7.10646860408979 	
7.99998547723926 	
0.999999874489039 	
6.49998254142122 	
0 	
0.999999703628503 	
7.2314691503428 	
10.4999606357571 	
5.99998910792944 	
0.999999133874351 	
5.99998119174659 	
0.999999133874351 	
6.99997462212653 	
0 	
1.49999959300891 	
8.17822819176988 	
5.99998736876799 	
4.99998381968089 	
4.99999092327454 	
1.49999959300891 	
0.999998886163273 	
11.9999567210758 	
0 	
11.1064430822306 	
0.999999874489039 	
4.49998925486996 	
0.999999955750158 	
6.42822809957358 	
0.999999874489039 	
4.49999435826374 	
5.42823291082357 	
6.10647013941324 	
0.999999874489039 	
6.10646946819812 	
5.99998267235461 	
0 	
2.9999905958733 	
1.49999945202234 	
2.99999368438399 	
4.49999316316141 	
5.99998910792944 	
0 	
4.74999294284631 	
2.49999655020541 	
9.99997148442588 	
7.99997726030766 	
9.99996833176227 	
0 	
10.6064396261758 	
7.99998429011762 	
3.99999523901481 	
2.99999455396472 	
9.99996575184946 	
3.74999572512549 	
10.999964566098 	
5.99998910792944 	
8.12497414945228 	
2.99999740162305 	
4.99998162750435 	
0.999999955750158 	
2.99999328027562 	
0 	
4.99998432645549 	
6.99997392416461 	
5.42823072965747 	
7.99997742982846 	
2.99999153618567 	
1.99999373058219 	
2.99999455396472 	
10.999967828023 	
0.999999133874351 	
0.999999874489039 	
8.42820996751874 	
3.99999554465309 	
2.99999455396472 	
3.9999965354974 	
10.9999656016786 	
5.99998307237135 	
9.42820417541005 	
8.99997422922666 	
6.85646876592451 	
3.99999554465309 	
4.99998479757045 	
5.99998096599047 	
0 	
9.99997148442588 	
4.99998436936898 	
5.99998736876799 	
2.99999700873163 	
0 	
2.99999374991672 	
5.99998736876799 	
2.9999905958733 	
4.99999092327454 	
