0 	
3.88888431966574 	
0 	
0 	
1.99999875457656 	
0 	
0 	
0.999999703628503 	
7.99997465120037 	
0 	
0 	
1.49999959300891 	
7.99997742982846 	
6.42822857499263 	
0 	
7.99997567611271 	
0 	
0 	
5.9999814125624 	
2.99999328027562 	
7.99997465120037 	
7.99998547723926 	
5.99998656055124 	
0 	
2.99999049336725 	
5.9999814125624 	
0 	
7.99997420478798 	
2.99999368438399 	
6.42822809957358 	
0.999998905533304 	
6.99997729339457 	
2.99999740162305 	
0 	
0 	
3.99999554465309 	
8.49996791536739 	
7.99998547723926 	
5.42823119908506 	
5.99998629266969 	
2.99999368438399 	
0.99999784937672 	
0 	
0 	
0.999999703628503 	
0 	
1.99999552018375 	
0 	
0.999999874489039 	
0 	
4.99999092327454 	
0.999998886163273 	
5.99998910792944 	
2.99999368438399 	
5.42823119908506 	
5.42823119908506 	
5.99998736876799 	
0 	
0.999998886163273 	
0.999998886163273 	
6.99997960249627 	
6.99998544980075 	
0.999998886163273 	
4.49999316316141 	
5.99998202773516 	
4.99998947397333 	
2.99999740162305 	
5.99998910792944 	
0 	
0.999999955750158 	
2.9999905958733 	
0 	
2.99999665848982 	
2.99999455396472 	
0 	
9.74997080293845 	
0 	
4.99998947397333 	
0 	
6.1064712333311 	
0 	
0.999999874489039 	
3.9999965354974 	
0 	
2.99999455396472 	
5.99998910792944 	
0 	
9.99996314935991 	
5.99998010270248 	
4.99999092327454 	
2.99999328027562 	
0.999998886163273 	
0.999998886163273 	
0.999998886163273 	
1.9999972472893 	
0 	
5.99998736876799 	
9.99996581675887 	
5.99998910792944 	
10.4282013368395 	
2.99999318699572 	
7.99997465120037 	
2.99999368438399 	
3.74999621941548 	
0 	
3.99999523901481 	
