0 	
0.999999834909781 	
0 	
0.999999903791583 	
0.999999287989574 	
0 	
0.999999834909781 	
0.999999834909781 	
0.99999962606188 	
0.999999685543246 	
0 	
0 	
0 	
0 	
0.999999903791583 	
0 	
0 	
0 	
0 	
0 	
0.99999962606188 	
0.999999674307175 	
0 	
0 	
0 	
0.999999674307175 	
0 	
0 	
0.999999746982215 	
0 	
0 	
0.999999480761447 	
0 	
0 	
0.999999625450423 	
0 	
0.999998923012306 	
0.999999703628503 	
0 	
0 	
0 	
0 	
0 	
0 	
0.999999364845566 	
0 	
0 	
0.999999955750158 	
0 	
0.999999625450423 	
0 	
0 	
0 	
0 	
0 	
0.999999632186113 	
0.999999834909781 	
0.999999674307175 	
0 	
0 	
0 	
0.999999364845566 	
0 	
0 	
0 	
0 	
0 	
0 	
0 	
0 	
0.999999552828006 	
0 	
0 	
1.99999865224599 	
0.999999674307175 	
0 	
0.999999151454652 	
0 	
0 	
0 	
0.999999358698125 	
0 	
0 	
0.999999480761447 	
0.999999955750158 	
0 	
0.999999632186113 	
0 	
0 	
0 	
0.999999955750158 	
0 	
0 	
0 	
0.999999834909781 	
0 	
1.99999932899716 	
0 	
0.999999685543246 	
0 	
0.999999301397666 	
0 	
0 	
0 	
0 	
0 	
0.999999955750158 	
0 	
1.99999906940444 	
0 	
0.999999743847612 	
0 	
1.99999928958686 	
1.99999784615793 	
0 	
0 	
