1.99999831309266 	
0 	
1.99999791459437 	
0 	
8.42820944878766 	
7.42822470593159 	
5.99998736876799 	
8.99996958404184 	
2.99999700873163 	
10.9999656016786 	
0.999999874489039 	
2.99999410879411 	
0 	
5.49997919688306 	
0 	
0 	
12.2314358568768 	
0 	
0 	
8.99997163469312 	
4.99998330457755 	
0.999998886163273 	
5.99998656055124 	
3.99999150475071 	
5.99998307237135 	
7.99997742982846 	
4.99998947397333 	
0.999999002910543 	
6.44559125636139 	
6.10647188031751 	
0 	
5.9999814125624 	
4.99998947397333 	
0 	
3.99999127045603 	
4.99999092327454 	
2.99999455396472 	
0 	
7.99998429011762 	
10.428202372014 	
0.999999874489039 	
7.99997742982846 	
2.99999665848982 	
1.49999980424771 	
5.74998964753565 	
7.49997589438304 	
0.999998886163273 	
0 	
5.99998202773516 	
2.99999740162305 	
8.99997078073982 	
0 	
5.99998821758822 	
0.999999133874351 	
3.99998624661772 	
0 	
5.42823072965747 	
0.999999874489039 	
0 	
10.7499594311148 	
0 	
1.49999980424771 	
2.99999700873163 	
4.99998947397333 	
2.99999087854227 	
11.1064430822306 	
5.99998910792944 	
10.7499603676088 	
7.10646860408979 	
0 	
5.99998119174659 	
2.99999368438399 	
2.99999665848982 	
0 	
6.99998544980075 	
2.99999740162305 	
4.99998432645549 	
11.4999546742042 	
0.999998861590164 	
2.99999328027562 	
0.999999133874351 	
0 	
0 	
1.49999514619177 	
5.99998165036501 	
10.7499612406048 	
0.999998782052696 	
7.99997465120037 	
2.99999455396472 	
0 	
6.10646992695714 	
0 	
7.49998246339158 	
0 	
0 	
4.99999092327454 	
0 	
7.99998315835732 	
0 	
4.99999092327454 	
7.99997742982846 	
0 	
8.99998105243352 	
