0 	
0 	
0 	
0 	
0.999999122584073 	
0 	
0 	
0 	
0 	
0 	
0 	
0 	
0 	
0.999999874489039 	
0 	
0 	
0 	
0 	
4.99999018132352 	
0 	
0 	
5.9999814125624 	
4.9999843153251 	
0 	
10.999967828023 	
2.99999455396472 	
0.999999133874351 	
0 	
0 	
0 	
0 	
0 	
0 	
0 	
0 	
0 	
5.99998821758822 	
2.99999455396472 	
2.99999700873163 	
0.999999955750158 	
0.999999955750158 	
2.99999455396472 	
0.999999874489039 	
2.99999153618567 	
5.99998269304099 	
2.99999700873163 	
0 	
1.99999636930981 	
0.999999002910543 	
0 	
0 	
0 	
0 	
3.74999621941548 	
0 	
0 	
1.99999771166429 	
2.99999368438399 	
0.999999874489039 	
2.99999740162305 	
0 	
0 	
0 	
0 	
2.99999740162305 	
0.999998861590164 	
5.99998736876799 	
0 	
0 	
0 	
5.99998267235461 	
5.74998964753565 	
2.99999455396472 	
0 	
0 	
0 	
0 	
0 	
4.99999092327454 	
0 	
1.99999771166429 	
0 	
0 	
0 	
9.99997042359542 	
0 	
0 	
5.99998736876799 	
2.99999665848982 	
1.4999966748203 	
0 	
0 	
5.42822068664676 	
2.99999153618567 	
0.999999874489039 	
2.99999665848982 	
0 	
0 	
0 	
0 	
0.999999133874351 	
4.99998947397333 	
2.99999368438399 	
0.999999133874351 	
0 	
0 	
2.99999368438399 	
0 	
0 	
0 	
0 	
0 	
0 	
0 	
0 	
1.99999636930981 	
0 	
0 	
5.49999033043239 	
0 	
2.99999368438399 	
5.49997908428 	
1.99999636930981 	
0.999996831122417 	
0 	
2.99999740162305 	
0 	
0 	
0 	
2.99999740162305 	
5.99998307237135 	
0 	
7.99998547723926 	
2.99999368438399 	
1.99999578958933 	
0 	
7.99998547723926 	
0 	
0 	
0 	
0 	
3.74999621941548 	
4.74999472048844 	
0 	
0 	
0 	
2.99999634615809 	
0 	
0 	
0 	
2.99999740162305 	
4.12499611277325 	
2.99999740162305 	
5.74999048625442 	
0 	
0 	
0 	
0 	
0 	
0.999999874489039 	
0 	
0 	
0 	
0 	
0 	
0 	
3.99998833558387 	
0 	
0.999999133874351 	
0.999999955750158 	
2.99999455396472 	
0 	
0 	
2.99999665848982 	
0 	
4.99999092327454 	
7.99997465120037 	
4.74999294284631 	
0 	
0 	
2.99999455396472 	
0 	
0 	
0 	
0 	
0 	
2.99999368438399 	
0 	
0 	
0 	
7.99998315835732 	
2.99999049336725 	
1.99999607252941 	
2.99999045561041 	
2.99999368438399 	
0 	
0 	
0 	
1.99999578958933 	
0 	
2.99999368438399 	
2.99999153618567 	
0 	
0 	
0 	
1.99999636930981 	
1.99999552018375 	
0.999999874489039 	
1.99999636930981 	
0 	
4.9999858936428 	
