3.49999548693579 	
3.99999214784735 	
0.999998905533304 	
0.999999077353539 	
5.49998839110267 	
1.99999762164241 	
2.99999760927965 	
1.99999706496941 	
2.99999792146954 	
0.999999481250932 	
0 	
2.24999771953463 	
0 	
0.999999480761447 	
0.999998750375256 	
3.49999663375546 	
0 	
1.99999887928238 	
3.99999473984385 	
1.74999828965112 	
3.9999935301051 	
0.999999481250932 	
3.99999432417681 	
1.99999857684425 	
2.49999806946416 	
2.99999846823145 	
3.99999805797361 	
3.49999570161236 	
4.99999418422676 	
3.49999833761148 	
4.99999258494615 	
2.99999762964022 	
3.99999784433042 	
0.999998923012306 	
4.9999947821625 	
2.49999760690388 	
4.99999156974073 	
3.49999703415153 	
0.999998750375256 	
5.99999030692495 	
0.999999481250932 	
3.49999792003494 	
2.99999811297737 	
3.99999412993882 	
0.999999481250932 	
0.999998364929023 	
4.99999075145895 	
0.999999955750158 	
0.999998923012306 	
0 	
3.74999535571261 	
1.99999849423867 	
5.99999298876069 	
0.99999804752187 	
0.999999151454652 	
2.99999702665085 	
0.999999481250932 	
2.99999791025315 	
2.99999797201033 	
1.99999781106661 	
0 	
3.99999480446609 	
4.74999539379422 	
2.49999840848296 	
0.999999151454652 	
2.49999760690388 	
0 	
2.99999582800066 	
0.999999481250932 	
2.74999788667356 	
0 	
1.99999757044182 	
0.999999481250932 	
3.99999588789611 	
0 	
0.999999955750158 	
2.99999684415597 	
1.99999822615458 	
0 	
7.99998595892253 	
3.99999503277048 	
1.99999810182898 	
5.49999238654811 	
4.49999305904883 	
0.999999364845566 	
5.499991812792 	
0.999999481250932 	
0.999999288422124 	
3.74999492990436 	
2.49999685300908 	
1.4999989542961 	
2.99999714424788 	
0.999999090522717 	
7.49998726666235 	
1.49999934669477 	
0.999999481250932 	
1.99999709151139 	
1.99999756780734 	
0.999998481277345 	
4.49999549923086 	
5.99999366343482 	
0.999999632186113 	
1.99999910565601 	
4.99999331095742 	
3.99999569231585 	
3.9999935301051 	
2.49999800989876 	
2.49999792471679 	
0 	
4.99999660458382 	
3.12499892047952 	
