2.99999593542658 	
0 	
0.999999955750158 	
1.99999525773202 	
3.4999966206634 	
2.74999585878064 	
0.999999552828005 	
3.99999399237187 	
5.7499882423704 	
4.99999029785042 	
3.99999705583221 	
3.99999479508984 	
3.99999633121856 	
4.99999304666776 	
2.99999702665085 	
4.99999614876454 	
5.49999195436515 	
4.99999213119229 	
2.99999548648872 	
1.99999815470708 	
5.99999031732556 	
3.99999358129039 	
4.99999304456704 	
1.99999815086445 	
8.2499871579536 	
1.99999896250186 	
4.24999579218673 	
5.9999936433658 	
3.99999622109296 	
2.999998590577 	
2.9999984570559 	
3.99999580199835 	
1.99999890401956 	
1.99999926437223 	
0 	
7.9999893702648 	
4.2499953232717 	
0.999999077246953 	
2.74999589256675 	
4.49999331929001 	
0.999998905533304 	
5.99999273951983 	
3.49999522183751 	
1.99999932899716 	
6.49998308083735 	
9.49998188829418 	
2.49999659205559 	
5.49999141888155 	
0 	
2.49999931067901 	
6.99998843930791 	
1.99999815086445 	
2.49999825838657 	
3.99999388754834 	
1.99999815470708 	
3.99999334448303 	
0.999998905533304 	
1.99999709151139 	
1.49999910692811 	
7.74998483941287 	
3.99999543601867 	
6.99999231174657 	
0.999999674307175 	
4.49999509574845 	
0.999999151454652 	
5.99999439204555 	
2.99999702665085 	
1.99999618262083 	
0.999998905533304 	
2.99999636975992 	
3.99999674675641 	
5.99999023501214 	
3.99999698847735 	
7.49998665871454 	
2.49999840848296 	
1.99999756780734 	
0.999999077246953 	
4.49999626261206 	
0 	
3.74999397764485 	
3.49999663375546 	
2.99999582005996 	
2.99999539381705 	
4.4999937877639 	
3.99999507880145 	
0 	
1.99999810182898 	
4.49999439009464 	
2.99999720714993 	
0.999999271778113 	
2.49999766510279 	
0.999999480761447 	
2.49999587100862 	
2.99999573352498 	
4.99999238354012 	
3.74999641739142 	
3.49999471961525 	
4.99999418422676 	
0.999999632186113 	
2.99999804022799 	
6.49999221698622 	
4.49999458039044 	
2.99999722629668 	
5.49998901917109 	
2.99999636975992 	
0.999998619516363 	
1.99999776785478 	
1.99999784615793 	
2.9999984570559 	
2.99999702665085 	
