1.99999949396443 	
1.49999980424771 	
0.999999552828005 	
0.999999834909781 	
0.99999962606188 	
0.999999480761447 	
2.49999892545067 	
1.99999970759252 	
0.999999632186113 	
0 	
0.99999962606188 	
1.99999944585635 	
0.999999480761447 	
1.99999925212376 	
0 	
2.49999870819152 	
0 	
0 	
0 	
2.49999931067901 	
0 	
0 	
3.99999753156984 	
0.999999834909781 	
1.99999872969113 	
0.999999674307175 	
0.999999685543246 	
0 	
0 	
0.999999685543246 	
2.49999870819152 	
1.99999928958687 	
2.49999870819152 	
1.99999871739625 	
0.999999955750158 	
2.49999870819152 	
2.7499967291899 	
2.99999806817296 	
0 	
2.9999982291818 	
0.99999985379626 	
0.999999271778113 	
1.99999944585635 	
2.49999800989876 	
0.999999834909781 	
5.49999573525838 	
1.99999890401956 	
0.999999674307175 	
1.99999937108649 	
2.99999772759547 	
0 	
0 	
1.99999902799006 	
0 	
0 	
1.99999970759252 	
3.49999774021743 	
0.99999962606188 	
0 	
1.99999928958687 	
2.99999844228434 	
0 	
1.49999980424771 	
1.99999958196979 	
2.49999901334407 	
0 	
0 	
0 	
0.999999625450423 	
2.99999895380229 	
1.99999896152289 	
1.74999938758003 	
3.99999805598013 	
0 	
3.99999805797361 	
1.99999872969113 	
3.49999805181025 	
2.87499821440985 	
0 	
0.999999834909781 	
0.999999632186113 	
0.999999625291197 	
0.999999834909781 	
0.999999685543246 	
1.99999894104466 	
1.99999872969113 	
1.99999925212376 	
0.999999410540692 	
0.99999985379626 	
0.999999625450423 	
0 	
0 	
2.99999872598333 	
0 	
2.99999855923089 	
1.99999925090085 	
2.99999924094665 	
0 	
1.74999938758003 	
0 	
