0 	
0 	
1.99999949396443 	
0 	
2.99999872598333 	
0 	
0 	
0 	
0 	
0 	
0 	
0.999999955750158 	
0 	
0 	
0 	
0 	
0 	
0.999999834909781 	
0.99999962606188 	
0 	
0 	
0 	
0 	
0 	
0 	
0 	
0.999999674307175 	
0 	
0 	
0 	
0 	
0.999999955750158 	
0 	
0 	
0.999999746982215 	
1.49999980424771 	
0 	
1.99999861524161 	
0.999999955750158 	
0 	
0 	
1.99999970759252 	
0 	
0 	
1.99999861524161 	
0.999999480761448 	
0.999999632186113 	
0.999999410540692 	
0 	
0 	
0 	
0 	
0 	
0 	
0 	
0.99999985379626 	
0.999999834909781 	
0 	
0 	
2.99999911337028 	
0 	
1.99999949396443 	
0 	
0 	
0 	
0 	
0 	
1.99999937108649 	
0 	
0 	
0.999999685543246 	
0 	
0 	
0 	
0.99999985379626 	
0.999999955750158 	
0.999999625450423 	
0.999999746982215 	
0 	
0 	
0.999999955750158 	
0 	
0.999999685543246 	
0 	
0.999999955750158 	
0 	
0 	
0 	
0 	
0.999999410540692 	
0 	
0.999999552828006 	
0 	
0.999999480761447 	
0.999999834909781 	
0 	
0 	
0 	
0 	
2.49999870819152 	
0 	
