0.99999985379626 	
1.99999876578492 	
0 	
0 	
0.999999625450423 	
0 	
0 	
0 	
0 	
1.99999896152289 	
0 	
0.999999552828005 	
0 	
0.999999685543246 	
0 	
0 	
0.999999480761447 	
1.99999925090085 	
0 	
0.999999625450423 	
0 	
1.99999931263766 	
1.99999872856566 	
0 	
0 	
0 	
0 	
0.999999625450423 	
1.99999861524161 	
0 	
0 	
0 	
0.999999480761447 	
0.999999955750158 	
0.99999962606188 	
0 	
0 	
2.99999887635127 	
2.99999817778914 	
0 	
0 	
0 	
1.99999931263766 	
0 	
0 	
0 	
0 	
0 	
0.999999834909781 	
0 	
0 	
0.99999985379626 	
0 	
0.999999480761447 	
0 	
0 	
0 	
0 	
0.999999632186113 	
0 	
0 	
0.999999685543246 	
0 	
0 	
0.999999746982215 	
1.49999980424771 	
1.99999970759252 	
0 	
0.999999481250932 	
3.4999971604552 	
0 	
0 	
0 	
1.4999991831514 	
0 	
1.99999925090085 	
0 	
0.999999746982215 	
0.999999685543246 	
0 	
0 	
0 	
1.99999931263766 	
0 	
0 	
0 	
1.99999876578492 	
0 	
2.9999979852231 	
1.99999904301064 	
0 	
0 	
0.999999685543246 	
0 	
0 	
0 	
0.999999955750158 	
0 	
0.999999746982215 	
0.999999481250932 	
1.99999902799006 	
