0 	
0.999999625450423 	
0 	
0 	
0 	
0 	
0.999999746982215 	
0 	
0 	
0 	
0 	
0 	
0 	
0 	
0 	
0 	
0 	
0 	
0.999999955750158 	
0 	
0 	
0 	
0 	
0.99999985379626 	
0 	
0 	
0 	
2.99999811899866 	
0 	
0 	
0 	
0 	
0.999999364845566 	
0.999999674307175 	
0 	
0.999999834909781 	
0.999999746982215 	
1.99999949396443 	
0 	
0 	
0 	
1.99999894104466 	
0 	
0 	
0.999999955750158 	
0.99999985379626 	
0 	
0 	
0 	
0.999999625450423 	
0.999999746982215 	
0 	
0.99999985379626 	
0 	
1.99999902799006 	
0 	
0 	
0 	
0.999999358698125 	
0.999999632186113 	
0 	
0.999999674307175 	
0 	
0 	
0 	
0 	
0 	
0.999999685543246 	
0 	
0 	
0 	
0 	
0 	
0.999999685543246 	
0 	
0.999999955750158 	
0 	
0 	
0.999999703628503 	
0 	
0 	
0 	
0 	
0 	
0.99999985379626 	
0 	
0 	
0.99999985379626 	
0 	
0 	
1.99999944585635 	
0.999999746982215 	
0 	
0.999999955750158 	
0 	
0 	
0 	
0 	
0 	
0 	
