0 	
4.49999555568104 	
1.99999944585635 	
0.999999480761447 	
0.999999746982215 	
0.999999625450423 	
0.999999625450423 	
0 	
0.999999533150113 	
0.999999632186113 	
1.74999953715819 	
0.999999674307175 	
0 	
1.99999894104466 	
0.999999625450423 	
1.49999955366899 	
0 	
0 	
2.99999855923089 	
2.99999817778914 	
0 	
1.99999861524161 	
0.999999685543246 	
0.999999703628503 	
1.99999966981956 	
0 	
0.999999625450423 	
1.74999903519047 	
0 	
1.99999944585635 	
3.49999775266075 	
0 	
0 	
0 	
0 	
0.999999685543246 	
0 	
2.74999848457192 	
1.99999896152289 	
1.99999872856566 	
0.999999674307175 	
0.999999874489039 	
1.99999949396443 	
0.999999685543246 	
1.99999944585635 	
2.99999836178995 	
1.99999928206219 	
0 	
2.99999836178995 	
0.999999552828005 	
1.99999902799006 	
0.999999090522717 	
0.999999632186113 	
1.74999864733229 	
0.999999674307175 	
0.999999480761447 	
0 	
0 	
0.999999955750158 	
0.99999985379626 	
0.999999834909781 	
2.99999836178995 	
0.999999625291197 	
0 	
0.999999632186113 	
1.99999905893944 	
1.99999927184635 	
0 	
0.99999985379626 	
0.999999834909781 	
1.99999927184635 	
0 	
1.49999899548204 	
0.999999834909781 	
0 	
0.999999674307175 	
2.49999901334407 	
0.999999625450423 	
1.99999949396443 	
0 	
2.49999845876156 	
3.99999669255844 	
2.49999868368493 	
2.9999980775029 	
0 	
1.99999970759252 	
0.999999834909781 	
1.99999876578492 	
0.999999685543246 	
1.74999903519047 	
0 	
2.49999767239903 	
1.99999925212376 	
0 	
3.99999753156984 	
0.999999625450423 	
0.999999685543246 	
0.999999955750158 	
0.999999685543246 	
0.999999746982215 	
