1.99999949396443 	
0.999999552828005 	
3.49999629851282 	
1.99999896152289 	
1.99999949396443 	
0 	
2.74999848457192 	
1.99999944585635 	
2.99999887635127 	
0.999999955750158 	
2.99999754788487 	
2.49999870819152 	
1.4999991831514 	
1.99999843843719 	
0.999999685543246 	
3.87499472605026 	
2.99999895496878 	
0.999999625450423 	
0.999999834909781 	
2.49999868368493 	
1.49999959300891 	
4.49999696514198 	
1.99999905893944 	
1.99999966981956 	
0 	
1.4999991831514 	
2.99999872598333 	
1.4999994342632 	
0 	
0 	
1.99999810182898 	
1.99999882108138 	
3.49999710779926 	
1.99999937108649 	
2.49999870819152 	
2.99999911337028 	
1.99999928958687 	
3.49999773424646 	
0 	
0.999999685543246 	
1.99999931263766 	
1.99999872969113 	
2.99999924094665 	
2.49999892545067 	
2.49999868368493 	
1.99999948254491 	
1.99999854805305 	
0.999999874489039 	
1.9999991944008 	
1.99999896152289 	
2.99999746721055 	
2.99999727156815 	
2.99999844228434 	
1.99999894104466 	
0 	
1.99999970759252 	
0 	
4.99999528950756 	
0.999999834909781 	
0.999999625291197 	
2.49999755513376 	
1.99999925090085 	
2.9999982291818 	
1.99999876578492 	
2.49999931067901 	
1.4999991831514 	
2.49999874417881 	
2.99999734840337 	
3.99999619028261 	
2.7499989252341 	
3.99999723048323 	
4.49999588335661 	
2.99999734840337 	
0.99999985379626 	
0.999999674307175 	
0.999999874489039 	
0.99999962606188 	
1.99999966981956 	
1.99999857684425 	
1.49999980424771 	
2.87499799203973 	
2.49999875736744 	
2.99999860559658 	
1.99999925212376 	
0.999999625450423 	
0.999999834909781 	
3.49999775266075 	
1.49999876307492 	
2.99999887635127 	
3.49999805181025 	
2.74999708253506 	
0 	
0.999999625450423 	
0.999999834909781 	
2.9999982291818 	
3.99999753156984 	
2.99999758204806 	
0.999999955750158 	
1.74999864733229 	
1.99999931263766 	
