0 	
0 	
0 	
0 	
0.999999746982215 	
0 	
0.999999874489039 	
0 	
0 	
0 	
0.999999955750158 	
0 	
0 	
0.999999955750158 	
0 	
0 	
0.999999746982215 	
0 	
0 	
0 	
0 	
0 	
0 	
0.999999955750158 	
0 	
0 	
0 	
0.999999625450423 	
0 	
0.999999674307175 	
0 	
0 	
0 	
1.99999966981956 	
0 	
0 	
0 	
0 	
0 	
0 	
0.999999955750158 	
0 	
1.49999980424771 	
0 	
0 	
0 	
0 	
0 	
0 	
0.999999834909781 	
0 	
0.999999625450423 	
0 	
0 	
0 	
0 	
0 	
0 	
0 	
0 	
0.999999746982215 	
0.999999480761447 	
0 	
0.999999746982215 	
0 	
0 	
0 	
0 	
0 	
0.999999955750158 	
0 	
0 	
0 	
0.999999955750158 	
0 	
0.999999955750158 	
0 	
0.999999834909781 	
0 	
0.999999955750158 	
0 	
0 	
0 	
0 	
0.999999955750158 	
0 	
0 	
0 	
0 	
0 	
0.999999625450423 	
0 	
0 	
0 	
0 	
0 	
0 	
0 	
0 	
0 	
0 	
0.999999955750158 	
0 	
