1.49999945202234 	
0.999999834909781 	
2.99999855923089 	
1.99999925090085 	
1.99999833751845 	
0.999999874489039 	
4.74999490403545 	
0.999999955750158 	
2.99999811297737 	
0.99999962606188 	
2.99999860559658 	
0.999999481250932 	
4.49999718720329 	
1.99999861524161 	
0 	
1.99999970759252 	
0 	
0 	
0.999999674307175 	
0.99999962606188 	
2.74999788667356 	
1.74999953715819 	
2.49999868368493 	
0.999999625450423 	
0.999999552828005 	
1.99999876578492 	
0.999999364845566 	
3.74999804944191 	
2.74999815330529 	
0 	
1.4999989542961 	
0 	
0 	
2.49999905745234 	
3.49999767540646 	
0 	
2.49999868368493 	
1.49999955366899 	
1.99999872969113 	
1.99999925090085 	
0.999999685543246 	
1.99999931263766 	
1.99999937108649 	
2.99999746721055 	
1.99999925090085 	
1.99999854805305 	
0.999999834909781 	
2.49999842879065 	
0.999999874489039 	
2.99999887635127 	
0.999999364845566 	
1.4999989542961 	
1.99999925090085 	
0 	
0.99999962606188 	
3.24999836459272 	
0 	
1.99999877993995 	
2.99999817778914 	
0.999999685543246 	
0.999999632186113 	
1.49999955366899 	
0.999999834909781 	
0.99999962606188 	
3.74999604988124 	
2.9999982291818 	
1.99999925090085 	
0 	
2.49999845876156 	
2.9999971697926 	
0 	
0 	
1.99999872969113 	
0.999999358698125 	
0 	
0 	
0.999999481250932 	
0 	
0.999999674307175 	
0 	
0.999999834909781 	
2.49999936894846 	
2.49999868368493 	
1.99999926437222 	
0.99999985379626 	
1.99999894104466 	
2.99999803776103 	
1.99999948254491 	
0.999999685543246 	
3.49999676116575 	
2.99999911337028 	
0 	
1.9999986613408 	
1.99999925090085 	
0.999999703628503 	
0 	
2.49999931067901 	
1.99999904301064 	
1.99999854805305 	
0 	
