0.999999955750158 	
0 	
0 	
0 	
0.999999746982215 	
0 	
0 	
0 	
0 	
0.99999985379626 	
0 	
0 	
0 	
0 	
0 	
0 	
0.999999625450423 	
0 	
0 	
0 	
0 	
0 	
0 	
0.999999674307175 	
0 	
0 	
0 	
0 	
0 	
0 	
0 	
0 	
0 	
0.999999685543246 	
0 	
0.999999955750158 	
0 	
0 	
0 	
0 	
0 	
0 	
0 	
0 	
0 	
0 	
0 	
0 	
0 	
0.999999834909781 	
0 	
1.4999991831514 	
0 	
0 	
0 	
0 	
0 	
0.999999955750158 	
0 	
0 	
0 	
0 	
0 	
0 	
0 	
0 	
0 	
0.999999834909781 	
0.999999955750158 	
0.999999746982215 	
0 	
0.999999834909781 	
0 	
0 	
0 	
0 	
0.99999985379626 	
0 	
0 	
0 	
0.999999955750158 	
0 	
0 	
0 	
0 	
0.999999746982215 	
0 	
0 	
0 	
0 	
1.99999910565601 	
0.999999746982215 	
0 	
0 	
0 	
0 	
0.99999985379626 	
1.99999949396443 	
0 	
0 	
0 	
0 	
0 	
