0.999999271778113 	
0 	
0.999999821773781 	
0.999999659358369 	
0 	
0 	
0 	
3.49999725680793 	
0 	
0 	
0 	
2.49999868701623 	
1.99999949396443 	
0.999999874489039 	
0 	
2.99999924094665 	
0 	
0 	
0.999999632186113 	
0 	
0 	
0 	
0 	
1.99999949396443 	
0 	
1.99999949396443 	
0 	
0 	
1.49999945202234 	
0.999999674307175 	
0 	
0 	
0 	
0 	
0.999999874489039 	
0.999999362001564 	
0 	
0 	
1.99999949396443 	
0 	
0 	
0 	
0 	
0 	
0.999999955750158 	
0 	
0 	
0.999999703628503 	
2.99999817778914 	
0 	
0 	
2.99999836178995 	
0 	
0.999999632186113 	
1.49999945202234 	
0 	
0.999999703628503 	
3.99999699197437 	
0 	
0.999999364845566 	
0 	
0.999999533150113 	
0.999999874489039 	
0 	
0.999999703628503 	
0 	
0 	
0 	
0 	
0 	
0 	
0 	
3.49999886509781 	
0 	
0.999999955750158 	
2.49999907915258 	
2.99999872598333 	
0 	
0 	
0.999999834909781 	
2.9999972440904 	
0 	
4.499996295139 	
1.49999980424771 	
0.999999703628503 	
0 	
0 	
2.99999703753079 	
1.99999854355623 	
0 	
0 	
0 	
0 	
0 	
0 	
0 	
0 	
0 	
0 	
1.99999900820924 	
1.99999949396443 	
0.999999746982215 	
0 	
2.99999872598333 	
2.99999805451666 	
0 	
0 	
0.999999533150113 	
0.999999746982215 	
1.99999918908834 	
0.999999874489039 	
