0 	
0 	
0 	
0 	
0 	
0 	
0 	
0.99999953092783 	
0.999999746982215 	
2.99999633482744 	
0.999999480761447 	
0.999999948466456 	
0 	
1.99999896152289 	
0 	
0.999999874489039 	
2.9999979085922 	
1.99999872969113 	
0 	
0 	
0 	
2.99999745151624 	
0 	
1.99999896152289 	
1.99999918908834 	
1.99999918908834 	
0 	
1.99999935032798 	
2.49999892615434 	
0.999999874489039 	
0 	
0 	
0 	
0 	
0 	
1.99999840465054 	
0 	
2.99999887635127 	
0 	
4.9999966465684 	
0.999999364845566 	
0 	
0 	
0 	
0.999999874489039 	
1.99999935032798 	
0.999999481250932 	
0 	
2.99999924094665 	
0 	
2.9999980945367 	
1.99999900820924 	
2.49999845850451 	
0.999999874489039 	
0 	
1.99999872856566 	
0 	
1.99999896152289 	
0 	
0.999999874489039 	
0 	
0 	
0 	
1.99999918908834 	
1.49999932924201 	
0 	
2.99999851777518 	
0 	
0 	
0 	
0.999999955750158 	
0 	
4.499997173115 	
0.999999703628503 	
0 	
1.49999980424771 	
0 	
1.99999925090085 	
0 	
0.999999955750158 	
0.999999703628503 	
2.99999890404468 	
0.999999533150113 	
0.999999955750158 	
0 	
0 	
1.99999918908834 	
1.49999945202234 	
1.99999868409949 	
0.999999874489039 	
0.999999874489039 	
0.999999874489039 	
0 	
0 	
1.99999949396443 	
0 	
0 	
0 	
1.99999872969113 	
0 	
0 	
0 	
0 	
0 	
0 	
0 	
3.49999833078835 	
0 	
0 	
0 	
0 	
1.49999955366899 	
