0.999999674307175 	
0 	
1.99999925212376 	
4.99999645570952 	
2.99999721411359 	
0 	
0 	
0 	
3.99999733513549 	
0 	
1.99999934861435 	
0 	
0.999999674307175 	
0 	
0 	
2.99999809674709 	
0 	
1.99999925212376 	
0 	
2.99999806020818 	
0 	
3.99999636976848 	
0 	
0.999999955750158 	
0 	
2.99999889655834 	
0 	
0 	
0 	
0.999999481250932 	
0.999999632186113 	
0.999999955750158 	
1.74999891107388 	
0.999999358698125 	
0.999999632186113 	
3.99999577796991 	
1.99999925212376 	
0 	
0.999999834909781 	
0.99999898587223 	
1.99999925212376 	
0 	
0 	
0 	
2.99999846823145 	
0 	
0 	
0 	
0 	
0 	
