4.99999492936115 	
2.99999772204389 	
4.99999412148027 	
1.99999926437223 	
7.99998665343708 	
1.99999846070846 	
0.999999632186113 	
1.99999934861435 	
0.999998736686984 	
5.20311395375073 	
0.999999632186113 	
0.999999151454652 	
3.99999588361527 	
5.99999084878192 	
2.74999788667356 	
0 	
5.99999356703616 	
5.01562109298406 	
0.999999632186113 	
0 	
5.99999376440462 	
0 	
5.99999200652434 	
3.99999594348892 	
2.99999772204389 	
2.74999788667356 	
0 	
3.99999626666339 	
0.999999358698125 	
3.99999746232945 	
5.99999132648056 	
0 	
2.99999846823145 	
4.99999616790255 	
2.49999892545067 	
0.999999481250932 	
1.99999925212376 	
4.99999427370881 	
2.74999729780421 	
4.99999575727326 	
5.12499323408662 	
2.9999984437528 	
0 	
4.99999554601327 	
3.99999594348892 	
1.74999891107388 	
1.4999989542961 	
3.9999975598799 	
2.9999984437528 	
0.999999834909781 	
3.49999404620985 	
3.99999494674793 	
1.99999896596004 	
0.999999533150113 	
7.99998920042553 	
2.99999745436395 	
4.99999488760696 	
6.99998639659199 	
3.99999403523884 	
2.99999722629668 	
5.74999196766838 	
5.99999197061713 	
6.49998931213276 	
2.99999722629668 	
5.99999138494515 	
4.99999465710992 	
2.99999895380229 	
0.999999632186113 	
2.99999806020818 	
0.999999674307175 	
0.999999632186113 	
2.74999675399451 	
0.999999358698125 	
5.99999384826812 	
0.999999632186113 	
3.99999524581483 	
1.99999882108138 	
5.99999282791772 	
2.74999726695012 	
4.99999554601327 	
3.4166633880893 	
1.99999896250186 	
1.74999938758003 	
0 	
3.49999833158347 	
0 	
0.999999632186113 	
1.99999934861435 	
5.99999197061713 	
0.999999151454652 	
0.999999481250932 	
1.99999925212376 	
2.99999772204389 	
0.999999632186113 	
3.99999606325218 	
0 	
0 	
0 	
1.99999937108649 	
6.99999173410502 	
