0 	
0 	
0.999999358698125 	
1.99999937108649 	
0 	
0 	
0 	
0.999999632186113 	
0 	
0 	
3.99999652487086 	
0 	
2.99999695761669 	
0.999999481250932 	
0 	
0.999999075432228 	
0 	
0.999999674307175 	
0.999999674307175 	
0 	
0 	
1.99999815086446 	
0 	
0.999999834909781 	
0 	
0.999999632186113 	
0.999999674307175 	
2.99999809674709 	
0 	
0 	
3.99999702371486 	
0.999999834909781 	
2.99999739365314 	
0 	
0.999999533150113 	
3.99999594348892 	
0 	
0 	
0 	
0 	
2.99999806020818 	
0 	
0.999999632186113 	
1.49999959300891 	
0 	
0.999999075432228 	
0 	
0 	
0 	
0 	
