3.99999524860292 	
0.999999481250932 	
0.999999151454652 	
0.999999625291197 	
3.99999476798685 	
6.99999286561625 	
0.999999955750158 	
0 	
3.99999780803911 	
4.49999510850544 	
1.99999910565601 	
2.49999875736744 	
0.999999151454652 	
1.99999896250186 	
1.99999966981956 	
0.999999481250932 	
1.9999983029093 	
1.99999910565601 	
0.999999674307175 	
5.99999538940792 	
1.74999938758003 	
3.99999594348892 	
0 	
2.99999846823145 	
1.99999896250186 	
0.999999358698125 	
1.99999934861435 	
4.99999374135718 	
1.74999903519047 	
0.999999632186113 	
1.99999896250186 	
1.99999896250186 	
2.99999889655834 	
0.999999632186113 	
0.999998905533304 	
2.74999819208227 	
0 	
1.99999925212376 	
0 	
1.99999794180763 	
2.99999711734673 	
0.999999358698125 	
3.99999403523884 	
1.99999926437223 	
1.9999981544939 	
3.99999606325218 	
0 	
0.999999632186113 	
1.9999981544939 	
2.49999621090924 	
4.49999456789488 	
2.49999741172188 	
1.99999926437223 	
0.999999632186113 	
1.49999875378739 	
1.99999910565601 	
5.99999333383517 	
0 	
1.87499820575276 	
4.99999565608857 	
1.99999896250186 	
2.49999840848296 	
1.99999896250186 	
0 	
0.999999674307175 	
3.99999594348892 	
3.99999572301031 	
0.999999358698125 	
0.999999481250932 	
0.999999674307175 	
3.9999936879728 	
4.99999240638673 	
5.99999356703616 	
0.99999898587223 	
2.99999809674709 	
2.99999889655834 	
3.9999975598799 	
4.49999515591058 	
0.999999834909781 	
1.99999934861435 	
5.99999538940792 	
3.9999975598799 	
2.99999787342571 	
4.99999488760696 	
2.99999809674709 	
0 	
1.99999896250186 	
4.99999503319116 	
5.99999298061378 	
3.99999350576501 	
0.999999481250932 	
3.99999639367031 	
0.999999674307175 	
0.999999703628503 	
2.87499675823559 	
0.999999481250932 	
1.99999926437223 	
4.99999488760696 	
0 	
0 	
