0 	
6.99999273705398 	
3.49999678514168 	
3.99999630172891 	
5.999993797615 	
2.99999807609438 	
5.99999265094525 	
0.999999632186113 	
7.49999014356469 	
1.7499992723221 	
2.99999638584049 	
3.99999776829517 	
1.99999896250186 	
2.9999984437528 	
2.1249980251543 	
0.999999358698125 	
0.999999358698125 	
4.99999319247548 	
1.99999904112638 	
1.99999794180763 	
3.99999565587162 	
0.999998905533304 	
1.99999904112638 	
2.99999722629668 	
4.99999277929909 	
1.99999857684425 	
4.4999958249819 	
0.999998609333551 	
2.99999772204389 	
1.49999910692811 	
2.24999819708486 	
6.99998919852386 	
3.99999564523104 	
0.999999674307175 	
3.74999464760289 	
2.99999745436395 	
0.999999674307175 	
0.999999151454652 	
4.4999971588194 	
0.999999674307175 	
0.999999481250932 	
4.24999224886238 	
3.99999433577172 	
4.9999932308393 	
7.49998521996195 	
5.4999935047288 	
7.99999052369954 	
2.99999822086715 	
0 	
0.999999358698125 	
0.999999358698125 	
3.24999697756257 	
6.49999441329344 	
0 	
4.99999488760696 	
3.99999524581483 	
5.99999298061378 	
5.49999317442957 	
2.74999825663029 	
2.99999846823145 	
2.99999683489769 	
0.999999632186113 	
4.49999434128761 	
5.49999310150124 	
1.99999874892738 	
7.49998825864709 	
3.99999652487086 	
2.99999807609438 	
1.99999871739625 	
3.74999693285922 	
5.99999456846134 	
0.999999481250932 	
2.49999760690388 	
4.74999628662106 	
3.74999767240702 	
8.99998554850704 	
5.81249223342942 	
2.99999841113596 	
3.99999626666339 	
0 	
2.74999825663029 	
3.99999699418255 	
2.99999806020818 	
5.99999200145874 	
3.66666284204352 	
5.66665871547879 	
0.999998750375256 	
4.99999554601327 	
5.9999889191461 	
5.99999282791772 	
0 	
0.999999151454652 	
5.99999082046313 	
6.99999273705398 	
3.49999786266982 	
0 	
2.99999660161867 	
7.99998725847773 	
5.99999200652434 	
5.74999325410099 	
