0 	
0 	
0 	
0 	
0 	
0 	
0 	
0 	
3.99999716456762 	
0.999999674307175 	
0 	
1.99999925212376 	
0 	
1.99999934861435 	
0 	
0 	
0 	
0 	
0 	
0 	
0 	
0 	
0 	
0 	
0 	
0 	
0.999998905533304 	
0.999999834909781 	
0 	
0 	
0.999999955750158 	
0 	
3.99999652487086 	
0 	
0 	
0 	
2.99999809674709 	
0 	
2.99999809674709 	
0 	
0 	
0.999999632186113 	
0 	
0 	
0 	
0 	
1.49999876307492 	
0 	
0 	
0 	
0 	
0 	
0 	
0 	
0 	
1.74999953715819 	
0.999999674307175 	
0 	
0 	
0.999999834909781 	
0 	
0 	
0.999999674307175 	
0 	
0 	
1.49999980424771 	
2.49999931067901 	
0 	
0 	
0 	
0.999999358698125 	
0.999999632186113 	
1.49999924937879 	
0 	
0 	
1.99999934861435 	
1.99999926437223 	
0 	
0 	
2.99999809674709 	
0.999999834909781 	
0.999999674307175 	
0 	
0 	
0 	
0.999999632186113 	
0 	
0 	
0.999999674307175 	
1.99999937108649 	
0 	
0 	
2.99999838481446 	
0 	
2.99999846823145 	
2.99999809674709 	
0 	
0.999999834909781 	
3.99999733513549 	
0 	
