0 	
0 	
0 	
0.999999632186113 	
2.99999911337028 	
0 	
0.999999632186113 	
3.99999652487086 	
2.99999721411359 	
0.999999632186113 	
0.999999632186113 	
1.99999966981956 	
0 	
2.74999825663029 	
1.99999926437223 	
0 	
4.99999682791182 	
0 	
0 	
0 	
0.999999358698125 	
3.99999636976848 	
1.49999945202234 	
0 	
0 	
1.99999896250186 	
0.999999632186113 	
0 	
1.74999903519047 	
4.99999628482284 	
0 	
0 	
0 	
0 	
1.9999983690794 	
0 	
5.49999399979143 	
0 	
2.99999695761669 	
0 	
0 	
3.99999476798685 	
0.999999632186113 	
0.999999291141904 	
0 	
0 	
0 	
0 	
0 	
0 	
