3.99999577796991 	
0.999999358698125 	
0.999999075432228 	
0 	
3.74999637991943 	
5.49999399979143 	
4.49999636346943 	
2.99999695761669 	
2.99999695761669 	
1.99999720051874 	
3.99999524860292 	
1.49999945202234 	
5.99999333383517 	
1.99999926437223 	
2.99999695761669 	
1.99999781106661 	
1.99999865872454 	
0 	
0.999999632186113 	
2.49999621090924 	
1.99999896250186 	
5.99999456846134 	
0 	
2.9999984437528 	
0.999999955750158 	
1.99999815086445 	
0.999999362001564 	
1.99999896250186 	
0 	
0 	
2.41666466903027 	
0 	
0.999999151454652 	
4.99999652061467 	
2.99999656422529 	
4.99999488760696 	
4.99999533505502 	
0.999999481250932 	
2.49999824053422 	
1.49999955366899 	
1.49999945202234 	
1.99999910565601 	
0 	
1.99999896250186 	
0.999999632186113 	
1.99999926437223 	
1.99999896250186 	
1.99999925212376 	
0 	
4.99999579815145 	
0.999999632186113 	
7.7499905695528 	
0.999999481250932 	
0.99999898587223 	
1.74999864733229 	
1.99999934861435 	
4.99999323083929 	
2.99999787342571 	
6.99999370773514 	
3.99999780803911 	
0.999999481250932 	
1.99999781106661 	
1.87499849353272 	
5.99999376440461 	
0 	
0 	
0.999999481250932 	
0 	
3.99999524581483 	
0 	
2.49999824053422 	
3.99999594348892 	
1.99999926437223 	
2.99999806020818 	
2.99999806020818 	
1.99999934861435 	
1.4999989542961 	
3.99999655503156 	
0 	
1.9999983029093 	
0.999999075432228 	
0 	
0 	
1.99999882108138 	
2.99999772204389 	
0.999999533150113 	
4.99999298849479 	
0.999999358698125 	
0.999999481250932 	
1.99999970759252 	
4.99999374135718 	
2.99999772204389 	
3.99999780803911 	
0 	
0 	
2.74999754412612 	
1.99999857684425 	
2.74999788667357 	
0.999999674307175 	
3.49999738221071 	
