5.99999526364806 	
1.4999989542961 	
1.99999896250186 	
0 	
4.49999529744195 	
5.99999384826811 	
3.9999975598799 	
2.41666327413271 	
3.99999541896705 	
3.99999577796991 	
7.74998824933581 	
3.99999652487086 	
0.999999955750158 	
1.99999871739625 	
5.24999371532816 	
0 	
0 	
3.99999732372329 	
5.99999204499704 	
3.99999476798685 	
2.99999695761669 	
4.99999323083929 	
2.99999889655834 	
0 	
4.49999311526776 	
2.99999772204389 	
0 	
0.999999358698125 	
4.99999521380775 	
4.74999489858223 	
0.999998854741762 	
2.9999984437528 	
1.99999926437223 	
2.99999616049301 	
4.99999427650853 	
3.9999975598799 	
0.999999834909781 	
0.999999625291197 	
0.999999151454652 	
0 	
0 	
1.99999926437223 	
4.49999246879728 	
5.49999399512327 	
1.99999926437223 	
0.999999632186113 	
5.99999204499704 	
2.99999807609438 	
0.999999632186113 	
4.49999311526776 	
1.99999926437223 	
2.99999711734673 	
6.99999133312859 	
6.99999050121291 	
1.99999910565601 	
0.999999481250932 	
1.99999807596109 	
4.99999554601327 	
5.49999150225143 	
1.74999935938636 	
4.87499525814049 	
3.74999374119627 	
1.9999983029093 	
7.74998972916701 	
1.99999871739625 	
4.99999157321827 	
0.999999151454652 	
0.999999674307175 	
3.41666302262853 	
0.999999481250932 	
5.99999456846134 	
3.99999541896705 	
0.999999481250932 	
5.49998999326667 	
5.99999047298064 	
4.99999323083929 	
7.99999002610749 	
3.99999699418254 	
0.999999358698125 	
1.99999896250186 	
2.99999711734673 	
4.93749157701781 	
0 	
6.74998918524388 	
2.99999739365314 	
3.99999699418255 	
2.99999772204389 	
5.99999197061713 	
1.99999871739625 	
7.74998836614628 	
2.99999697356718 	
1.99999871739625 	
4.99999269277668 	
2.99999774403838 	
5.99999384826812 	
6.49999076015961 	
0 	
6.99998869473326 	
3.99999530750972 	
3.49999678514168 	
