2.49999875736744 	
0 	
0.999999481250932 	
0 	
2.99999688220231 	
3.99999716456762 	
0.999999632186113 	
0 	
4.99999503319116 	
0.999999674307175 	
3.99999577796991 	
0 	
4.99999488760696 	
5.99999204499704 	
1.99999932513795 	
3.49999786266982 	
0.999999674307175 	
0 	
0 	
0 	
2.9999984437528 	
0.999999632186113 	
0 	
0.999999632186113 	
0.999999674307175 	
0.999999874489039 	
3.99999716456762 	
1.99999871739625 	
1.99999966981956 	
2.99999902292153 	
0 	
0.999999358698125 	
2.99999683489769 	
2.74999788667356 	
4.99999319247548 	
1.4999991831514 	
2.99999895380229 	
4.99999533505502 	
1.99999871739625 	
4.74999629132411 	
1.4999989542961 	
2.99999554744641 	
0 	
2.93749663767973 	
2.99999806020818 	
1.99999724917676 	
0 	
2.74999675399451 	
1.49999793618377 	
1.99999794180763 	
0 	
1.74999841678421 	
6.49999233195047 	
2.49999840848296 	
0.999999674307175 	
0.999999075432228 	
0 	
0 	
1.99999926437223 	
4.99999488760696 	
0.999999834909781 	
1.99999910565601 	
3.99999521918189 	
1.99999966981956 	
0.999999674307175 	
1.99999925212376 	
0.999999358698125 	
0 	
0.999999481250932 	
1.99999813835561 	
1.74999891107388 	
0.999999075432228 	
0.999999481250932 	
0.999999674307175 	
0.999999131217715 	
0 	
2.74999726695012 	
0.999999481250932 	
1.99999896250186 	
3.99999716456762 	
0 	
3.49999517463071 	
2.49999892545067 	
2.49999892545067 	
4.99999554601327 	
5.99999631991929 	
0 	
1.4999991831514 	
0.999998854741762 	
0.999999151454652 	
0 	
0.999999481250932 	
1.49999955366899 	
4.99999533505502 	
0 	
0.999998736686983 	
7.99999002610749 	
5.49999497533201 	
6.99999265747878 	
3.49999833158347 	
