3.99999140284901 	
6.16664663892049 	
7.79996633577996 	
5.49998587761018 	
1.99999757299092 	
4.49998984663745 	
5.49998822998001 	
8.61663371507961 	
8.49997261967614 	
4.74998775072893 	
4.74998954896078 	
4.74998954896078 	
11.6249652064053 	
8.49997820681893 	
9.58330252895333 	
3.74999597434793 	
3.74999597434793 	
4.99999336878114 	
8.74996309533488 	
9.3749681915758 	
9.3749681915758 	
5.99998546190413 	
4.49998939741659 	
2.74999740224708 	
6.49998927227244 	
10.8749621657384 	
4.99999183108853 	
9.62497354060562 	
7.9999836819144 	
8.37498037519857 	
9.87497237891879 	
1.99999722439121 	
4.49999323697665 	
5.99999288603737 	
1.99999900820924 	
6.87497962202727 	
7.87498599962324 	
4.99999459494069 	
3.99999521042494 	
9.12497973153154 	
5.99999377111019 	
9.87497251685546 	
9.62496627812111 	
8.49998399283725 	
3.49999735472432 	
5.37499122809318 	
8.87497780048015 	
7.12498684199162 	
9.43726455134858 	
8.99997500573193 	
2.99999628687027 	
3.4999940713283 	
9.49998579191866 	
2.49999836169689 	
7.11255965608693 	
7.11255965608693 	
7.11255965608693 	
0.999998745949259 	
7.49998097886317 	
6.49998832559529 	
6.49998832559529 	
3.74999360442366 	
3.74999360442366 	
9.12497162086207 	
7.49998722957267 	
5.8749926652154 	
8.79685016401138 	
1.99999876258743 	
7.61255448839271 	
8.87496906871085 	
3.99999562213321 	
2.99999710456456 	
7.87497830019707 	
6.99998531382147 	
10.6249744921201 	
8.62497264149187 	
2.99999489855489 	
7.9372605676709 	
7.49997978391411 	
4.49999033703312 	
5.49999060983909 	
2.49999774321355 	
2.49999774321355 	
7.49997812774111 	
7.87497966052451 	
3.49999682651278 	
7.24998013492873 	
2.99999516729797 	
5.99998583878077 	
8.49998669952898 	
8.49998669952898 	
8.84373161823225 	
5.74999032504991 	
4.99999373851264 	
3.9999971536885 	
3.74999415301194 	
8.62497546488698 	
9.93725551752914 	
3.99999355382521 	
8.87497873811826 	
8.87497873811826 	
9.12497676101595 	
2.49999802754249 	
9.49997063395797 	
10.4372506386902 	
8.49997977312425 	
6.4999909834995 	
8.99996465757929 	
3.99999283115246 	
7.53123758932305 	
