1.99999856727011 	
0 	
0.999998337581355 	
0.999999724167838 	
0.999999565929115 	
0.999999288422124 	
0.999999827192305 	
3.49999610529192 	
1.99999729120061 	
0.999999181977265 	
0.999999685543246 	
0.999998783903671 	
0.99999962606188 	
1.99999863286624 	
0.999999674307175 	
8.31226389551589 	
0.999999632186113 	
3.87499591568049 	
0 	
0 	
0 	
0.999999364845566 	
0 	
0 	
1.9999981544939 	
0.999999674307175 	
0 	
0 	
0 	
7.49998333850197 	
2.99999823162208 	
0 	
1.99999767369604 	
5.99999549044821 	
4.61256660141268 	
2.99999718558233 	
4.99999357592727 	
0.999999632186113 	
0.999998807942727 	
3.99999582774631 	
2.49999936383076 	
0 	
0 	
0.999999690865243 	
0 	
2.99999772204389 	
0 	
2.99999781533434 	
0.999999271778113 	
0 	
0.999999151454652 	
0 	
3.74999674435896 	
0 	
2.9999980945367 	
1.99999925212376 	
2.99999587236755 	
0 	
2.9999980945367 	
0 	
0 	
0.999999075432228 	
0 	
1.49999902894885 	
0 	
0.999999090522717 	
1.99999925212376 	
0.999999552828006 	
1.99999900162489 	
0.999999674307175 	
0.999999685543246 	
1.99999890401956 	
7.93726738011893 	
0.999999410540692 	
1.99999931263766 	
2.99999676903692 	
3.99999699418254 	
0 	
7.62498334861378 	
0 	
3.99999461168988 	
0 	
0 	
0 	
0 	
0.999999834909781 	
0 	
0.999999075432228 	
0 	
1.99999910565601 	
0 	
0.999999364845566 	
1.99999944585635 	
2.99999846823145 	
0 	
0 	
0 	
0.99999962606188 	
5.62498807955795 	
0.99999985379626 	
3.99999619028261 	
2.99999591431822 	
1.99999882108138 	
2.9999980945367 	
0 	
0 	
0.999999075432228 	
0.999999288422124 	
0.999998923012306 	
0 	
0 	
0.999999151454652 	
0 	
5.49999461135957 	
