3.49999215571474 	
0.999998445704329 	
2.99999604445422 	
0 	
4.16665932000274 	
1.99999910565601 	
0 	
0 	
4.41665384049615 	
1.99999934861435 	
1.99999800912044 	
0.999998991310192 	
0 	
0 	
4.99999135124868 	
0 	
1.99999803162609 	
0.999999625291197 	
0 	
1.99999815231109 	
2.99999727156815 	
2.99999772204389 	
0.999999955750158 	
2.99999844228434 	
2.99999846823145 	
3.99999357208845 	
4.09374209297746 	
3.99999522904767 	
3.99999439000544 	
0.999999410540692 	
2.9999976362296 	
0 	
4.99999374338203 	
4.99999545261358 	
5.6125641781917 	
3.99999268613219 	
5.37498667077003 	
0 	
1.99999910565601 	
4.83332563112442 	
0 	
2.99999665178217 	
0.99999985379626 	
5.62498807955795 	
0.999999834909781 	
0 	
0 	
0.999998883927388 	
0 	
1.99999761588545 	
4.99998999829403 	
0.999999632186113 	
0 	
0.999999674307175 	
0 	
3.9999968694063 	
0 	
0 	
2.99999823162208 	
2.49999836169689 	
0 	
2.49999787324433 	
1.99999857684425 	
5.8749920717035 	
4.9999916707332 	
3.99999569204922 	
3.99999364189989 	
0.999999834909781 	
1.99999854355623 	
0 	
1.99999970759252 	
2.49999662854139 	
3.8749934899 	
0 	
0 	
1.99999838050647 	
3.87499480536742 	
1.49999796193099 	
0.999998750673142 	
5.49998973757702 	
0 	
2.08333165080448 	
1.49999929000486 	
9.12498037011587 	
3.99999517619589 	
3.87499533430763 	
0.999999075432228 	
0.999999410540692 	
3.87499591568049 	
0.999999834909781 	
0 	
2.9999973003338 	
0 	
5.09374062140268 	
0 	
0 	
3.99999500642402 	
0 	
3.87499533430763 	
0.999999077246953 	
0.999999674307175 	
3.99999299373461 	
0.999999481250932 	
1.99999659471971 	
6.87498653756296 	
1.49999827617218 	
4.49999499166028 	
2.99999619427512 	
0 	
0 	
2.99999697393058 	
2.99999681448103 	
0 	
2.49999813782426 	
4.49999261889963 	
2.49999915209531 	
4.49999415207182 	
2.99999623784778 	
3.99999748717384 	
0.999998991310192 	
2.99999786047445 	
1.99999756020363 	
2.9999980945367 	
1.49999955366899 	
0 	
2.99999689529516 	
0 	
3.87499267497718 	
4.74999630541611 	
2.99999743647061 	
1.99999894104466 	
3.49999610557107 	
2.99999681448103 	
3.49999677036433 	
5.9999872507564 	
0 	
1.99999833751845 	
2.99999665178217 	
0.999999834909781 	
1.99999815231109 	
0.999999151431815 	
7.49997845306391 	
0.999999077246953 	
5.6249896059404 	
3.99999500642402 	
0.999998750673142 	
0 	
2.99999887635127 	
2.99999727156815 	
0.999999364845566 	
0 	
6.62498790121414 	
0 	
0.999999632186113 	
3.99999748717384 	
0 	
3.99999741761558 	
1.99999944585635 	
1.99999736217323 	
1.99999910565601 	
1.99999890401956 	
2.74999812798654 	
0.999998807942727 	
0 	
0.999998745949258 	
0.999999488332764 	
2.9999980945367 	
2.99999806020818 	
1.49999879763474 	
0.999999625450423 	
0.999999481250932 	
3.87499480536743 	
2.99999846823145 	
3.49999509770876 	
3.99999687853648 	
3.49999363092839 	
1.99999791673194 	
0 	
0 	
4.99999595644391 	
0 	
4.99999357592727 	
1.99999800912044 	
7.62498431341808 	
3.87499591568049 	
4.99999298835652 	
0 	
7.43726894159434 	
4.99999294204494 	
0.999999288422124 	
0.999999552828006 	
6.9999859898876 	
0.999998991310193 	
1.49999956887986 	
2.9999989755954 	
0 	
0 	
2.49999802754249 	
0.999999625450423 	
0.99999962606188 	
4.99999595644391 	
1.49999861587043 	
4.49999574690151 	
0.999999685543246 	
0 	
2.99999727156815 	
0.99999985379626 	
8.37498677288686 	
4.9999916707332 	
4.99999222813404 	
