0 	
0.999998736686983 	
0.999998905533304 	
0 	
1.99999710657856 	
2.99999553589712 	
1.99999928958686 	
0.999999675607026 	
0 	
0 	
1.99999617987134 	
0 	
1.99999689140866 	
3.49999667897655 	
3.99999520404647 	
0 	
1.99999803162609 	
1.99999871739625 	
1.99999776785478 	
5.87498950073448 	
0 	
3.99999708711245 	
1.99999882108138 	
0 	
0 	
1.49999944848054 	
6.87499078005629 	
4.99999191822513 	
2.49999813782426 	
0 	
5.87499165453696 	
0 	
1.99999777982233 	
0 	
1.49999861587043 	
1.99999767369604 	
0 	
0.999998923012306 	
0 	
0 	
1.99999831305582 	
5.8749918638367 	
0 	
4.87499352546264 	
0.999998609333551 	
7.37498535618621 	
0.999999288422124 	
4.9999951454474 	
5.62498673029638 	
0.999998991310193 	
0 	
0 	
1.99999798262039 	
0.999999271778114 	
4.49999657293502 	
2.99999664352941 	
2.49999802754249 	
1.49999955366899 	
0 	
2.49999733440115 	
3.99999687853648 	
1.9999990475393 	
0.99999962606188 	
1.99999795339407 	
0.999999552828006 	
0 	
3.99999556707539 	
0.999999077246953 	
0 	
2.99999810141313 	
2.99999781533434 	
0.999999955750158 	
2.99999676345859 	
1.99999876578492 	
2.49999754233297 	
1.74999903519047 	
0 	
0.999999364845566 	
2.99999844228434 	
0 	
0 	
0.999999151454652 	
0.999999674307175 	
1.99999937108649 	
0 	
1.99999882108138 	
3.87499591568049 	
2.99999665178217 	
4.03124733029303 	
5.62498482396403 	
0.999999090522717 	
7.99999023132603 	
0.999998906061883 	
3.87499759295482 	
0 	
0 	
0 	
2.62499801685806 	
0.999999358698125 	
0 	
1.99999872969113 	
3.2968655858089 	
0 	
3.99999461168988 	
4.87499282888296 	
1.4999991831514 	
0 	
0 	
7.59373058759394 	
3.49999795907647 	
0 	
6.49998513361562 	
0 	
1.49999932924201 	
