0.999999077246953 	
0 	
0.999998991310193 	
0.999999358698126 	
0 	
1.49999956887986 	
1.66666518538555 	
1.99999764319358 	
0.999998658614294 	
0 	
1.49999842036848 	
0 	
0 	
0 	
0 	
1.99999910565601 	
1.99999910565601 	
0 	
2.99999895380229 	
0 	
1.99999767369604 	
4.59374039422961 	
0 	
0.999999834909781 	
0.999999075432228 	
1.99999882108138 	
0 	
0 	
0 	
2.99999665178216 	
3.99999654449565 	
0.999999648406346 	
0 	
0.999999674307175 	
0 	
2.49999915348231 	
3.99999576690791 	
0.999999364845566 	
0 	
0.999999271778113 	
0 	
0 	
0.999999358698125 	
0 	
0 	
0 	
0 	
3.99999619028261 	
0.999999075432228 	
0 	
0.999998923012306 	
0.999999674307175 	
0 	
0 	
0 	
0.999998258896966 	
2.99999676903692 	
0 	
0.999999685543246 	
4.99999699496672 	
0 	
3.49999886509781 	
2.49999853092383 	
0 	
2.49999845876156 	
1.99999882108138 	
0 	
2.99999924094665 	
1.49999819346348 	
0 	
0 	
0.999999288422124 	
0 	
0 	
0.999999364845566 	
0.999999480761447 	
0 	
0 	
0.99999962606188 	
0.999999746982215 	
0 	
0.999999288422125 	
0 	
0 	
0.99999985379626 	
1.99999882108138 	
0 	
1.74999842034401 	
0 	
0 	
0.999999075432228 	
0.999998923012306 	
1.99999818104543 	
0 	
0 	
0 	
0.999999090522717 	
0 	
2.99999754788487 	
0 	
3.99999727813428 	
0 	
2.99999757564628 	
4.99999378393013 	
3.9999968694063 	
0 	
2.49999927529708 	
2.49999936383076 	
0 	
2.99999630368758 	
0 	
1.99999876578492 	
2.99999887635127 	
3.99999769257868 	
0 	
0 	
2.99999844228434 	
2.99999781533434 	
0.999999288422124 	
0 	
