0.999998905533304 	
0 	
0 	
0 	
1.99999634224922 	
0.999999683537554 	
0.999999673059295 	
0 	
0.999999955750158 	
0 	
0.99999962606188 	
1.49999911682326 	
0 	
0.999999288422125 	
0 	
4.99999357592727 	
0 	
0 	
0 	
2.99999895380229 	
0 	
0.999999834909781 	
2.99999844228434 	
0 	
2.99999745436395 	
0 	
2.49999730213149 	
0.99999962606188 	
0 	
3.99999805797361 	
0 	
0 	
7.49998145317492 	
1.99999925090085 	
0 	
0 	
0.999999077246952 	
0.99999962606188 	
2.99999844228434 	
0 	
0 	
0.999999955750158 	
0.999999271778114 	
0 	
0 	
0 	
0.999999364845566 	
0 	
0 	
0 	
1.49999848696529 	
0 	
1.99999857684425 	
0 	
0 	
0 	
0.999999288422124 	
2.49999825838657 	
0 	
0 	
0 	
0 	
0.999999364845566 	
0.999999632186113 	
0 	
1.99999854805305 	
0.999999674307175 	
0 	
3.99999859703249 	
0 	
0 	
0 	
0 	
0.999999288422124 	
0.999999480761447 	
0 	
0 	
0 	
3.87499723959595 	
1.74999903519047 	
2.9999980945367 	
5.87499370439402 	
0 	
1.9999981544939 	
0.999999090522717 	
0 	
0 	
3.87499723959595 	
0.99999962606188 	
2.99999844228434 	
0 	
1.99999925212376 	
0.999998940529728 	
0 	
0 	
2.99999887635127 	
0 	
0.999999481250932 	
0.999999632186113 	
4.87499467942037 	
0 	
0.999999685543246 	
0 	
5.62499194959717 	
0 	
0.99999962606188 	
0 	
0.999999746982215 	
0 	
0.999999090522717 	
0 	
0 	
0 	
0.999999358698125 	
0 	
0 	
0 	
0 	
0 	
1.74999938758003 	
2.99999844228434 	
0 	
