0 	
2.66666440625402 	
3.99999631333118 	
0.999999557611982 	
3.49999265889091 	
0 	
4.11110284844356 	
3.49999376086793 	
0 	
2.49999525590076 	
0.99999979579725 	
1.99999815086446 	
2.74999697757106 	
1.99999798262039 	
6.49998368178023 	
0 	
5.99999052694903 	
3.49999316655293 	
2.99999887635127 	
2.49999827693327 	
3.99999636209087 	
0.999999552828006 	
1.99999910565601 	
2.49999739385436 	
2.99999688461562 	
2.9999980945367 	
2.99999711734673 	
4.24999455115416 	
0.999999364845566 	
1.99999894104466 	
0.999998991310193 	
2.99999623784778 	
2.08333076933791 	
7.37498462944774 	
5.6249896059404 	
0 	
2.99999508021882 	
0.999999685543246 	
6.49998631897236 	
0.999998923012306 	
0.999998991310193 	
1.99999815449391 	
1.9999981544939 	
2.99999689529516 	
1.99999857684425 	
0 	
3.87499533430763 	
2.99999485309326 	
0.999999625450423 	
0 	
2.99999895380229 	
0 	
4.99999238426045 	
0 	
0 	
4.99999232780291 	
0.999999834909781 	
0.999999358698125 	
1.74999785042716 	
2.99999665178217 	
0.99999962606188 	
0.999999271778113 	
3.99999406895757 	
0 	
0.999998609333551 	
0.999999481250932 	
0.999999310022398 	
0.999999674307175 	
0.999999632186113 	
1.99999876578492 	
5.62498724154409 	
3.87499591568049 	
2.99999623784778 	
0.99999962606188 	
1.99999800912044 	
1.99999818104543 	
1.99999791215589 	
1.49999821191409 	
1.99999665060618 	
0 	
5.62499132886905 	
0.999999685543246 	
1.99999937006216 	
6.5937342315913 	
0.999999358698125 	
0.999999077246953 	
0.999999077246953 	
6.87498597734389 	
0 	
6.99998957123285 	
0.999999410540692 	
0.999998750673142 	
3.49999378202597 	
6.49998513361562 	
3.49999678300814 	
0.999999552828006 	
1.49999842036849 	
4.62498945823261 	
0 	
1.99999861524161 	
6.49998823310403 	
1.99999935032798 	
2.49999836169689 	
5.62498914736782 	
1.74999839773651 	
0.999999480761448 	
2.99999649228508 	
0.999999834909781 	
3.9999968694063 	
9.62496982722191 	
0.999999172463174 	
