0 	
0 	
0 	
0.999999461604821 	
1.99999896655795 	
1.99999892320964 	
2.99999801502899 	
1.99999882602232 	
1.99999896655795 	
0 	
3.99999660251418 	
1.99999892320964 	
2.99999859486133 	
0.999999365582363 	
0.999999461604821 	
0 	
2.99999838481446 	
0 	
0.999999461604821 	
1.99999896655795 	
0.999999365582363 	
2.4999988706989 	
0 	
3.99999706862135 	
0 	
0 	
0 	
0 	
0 	
1.99999892320964 	
1.99999896655795 	
1.99999882602232 	
0 	
1.99999864104431 	
2.99999859486133 	
0.999999461604821 	
3.99999706862135 	
1.99999896655795 	
1.99999896655795 	
1.99999882602232 	
0 	
0 	
2.4999988706989 	
2.99999859486133 	
1.99999882602232 	
0 	
3.99999753812543 	
1.99999882602232 	
1.99999892320964 	
2.99999859486133 	
0 	
0.999999365582363 	
3.74999826972216 	
0 	
0 	
0 	
1.99999873116473 	
0 	
0 	
0 	
0.999999955750158 	
0.999999365582363 	
0.999999365582363 	
0 	
2.99999859486133 	
0.999999461604821 	
2.99999810879835 	
0 	
1.99999896655795 	
1.99999864104431 	
0 	
0 	
1.99999896655795 	
0 	
1.99999896655795 	
1.99999896655795 	
0 	
1.99999882602232 	
0 	
1.99999873116473 	
0 	
0 	
0 	
0.999999955750158 	
2.99999801502899 	
1.99999892320964 	
0.999999358698125 	
0 	
0 	
2.99999859486133 	
0 	
0 	
1.99999896655795 	
0 	
0 	
0 	
0 	
0.999999461604821 	
0 	
0.999999365582363 	
2.99999810879835 	
0.999999461604821 	
3.99999753812543 	
