0.999999461604821 	
0 	
1.99999864104431 	
1.99999896655795 	
3.74999761391979 	
0.999999365582363 	
2.99999810879835 	
0.999999955750158 	
3.99999706862135 	
3.99999706862135 	
0.999999955750158 	
1.99999882602232 	
3.49999823949427 	
0 	
0 	
0 	
4.99999446243604 	
0 	
0 	
1.99999873116473 	
1.99999873116473 	
4.99999552526799 	
1.99999882602232 	
3.99999706862135 	
0.999999955750158 	
0.999999955750158 	
1.99999896655795 	
0 	
1.99999892320964 	
0 	
1.99999892320964 	
0 	
3.99999753812543 	
3.99999706862135 	
0.999999955750158 	
1.99999864104431 	
0.999999955750158 	
0 	
0 	
0.999999955750158 	
3.49999763030155 	
2.99999810879835 	
1.99999864104431 	
0 	
2.99999792922475 	
2.99999859486133 	
0 	
2.99999859486133 	
1.99999892320964 	
1.99999864104431 	
0 	
1.99999882602232 	
1.99999882602232 	
0.999999461604821 	
4.99999552526799 	
4.49999592301702 	
2.74999862595888 	
0.999999461604821 	
0 	
1.99999896655795 	
0 	
0 	
3.74999826972216 	
1.99999882602232 	
0 	
2.99999859486133 	
0.999999461604821 	
1.99999896655795 	
0.999999461604821 	
2.74999862595888 	
1.99999882602232 	
0.999999955750158 	
3.99999706862135 	
0 	
0.999999461604821 	
0 	
1.99999896655795 	
1.99999864104431 	
0 	
1.99999892320964 	
0 	
1.99999892320964 	
3.99999706862135 	
1.99999864104431 	
0 	
1.99999892320964 	
2.99999810879835 	
2.99999809674709 	
1.99999882602232 	
0.999999461604821 	
2.99999792922475 	
0.999999461604821 	
3.99999753812543 	
1.99999892320964 	
3.99999706862135 	
3.99999753812543 	
0.999999955750158 	
3.49999826920482 	
1.99999896655795 	
2.99999810879835 	
