0 	
0 	
0 	
2.99999810879835 	
2.49999824652952 	
1.74999890877075 	
1.99999896655795 	
3.49999823949427 	
1.99999882602232 	
0 	
0.999999365582363 	
0.999999365582363 	
0.999999955750158 	
1.99999882602232 	
2.99999810879835 	
1.99999896655795 	
0.999999365582363 	
0 	
1.99999896655795 	
2.99999859486133 	
0.999999955750158 	
0.999999955750158 	
1.99999892320964 	
0 	
2.99999859486133 	
3.99999706862135 	
1.99999896655795 	
1.99999882602232 	
0.999999365582363 	
2.99999859486133 	
0 	
1.99999896655795 	
0.999999955750158 	
0 	
1.99999873116473 	
2.99999810879835 	
0.999999461604821 	
0 	
0 	
0 	
0.999999955750158 	
2.99999859486133 	
0 	
1.99999892320964 	
0 	
0.999999955750158 	
1.99999864104431 	
0.999999461604821 	
0 	
1.99999892320964 	
0 	
2.99999859486133 	
0.999999358698125 	
0.999999955750158 	
1.99999896655795 	
0.999999461604821 	
0 	
0 	
0.999999461604821 	
0 	
1.99999892320964 	
0.999999955750158 	
0 	
0 	
1.99999892320964 	
0.999999955750158 	
0 	
1.99999873116473 	
1.99999896655795 	
2.99999801502899 	
0.999999955750158 	
0 	
2.99999859486133 	
0 	
1.99999864104431 	
0 	
2.99999859486133 	
0.999999955750158 	
0 	
0 	
0 	
2.99999838481446 	
0.999999461604821 	
0 	
3.99999706862135 	
0 	
3.49999823949427 	
0 	
1.99999896655795 	
0 	
0.999999461604821 	
0.999999461604821 	
2.99999859486133 	
1.99999882602232 	
2.99999792922475 	
0 	
0.999999955750158 	
0 	
0.999999461604821 	
1.99999892320964 	
3.99999660251418 	
