0 	
0 	
0 	
0 	
0 	
0 	
0 	
0 	
0 	
0 	
0 	
0 	
2.99999859486133 	
0 	
0.999999461604821 	
0.999999365582363 	
0 	
0.999999461604821 	
0.999999461604821 	
0.999999461604821 	
0 	
0.999999461604821 	
0 	
0 	
0 	
0 	
0 	
0 	
0 	
0 	
1.99999892320964 	
0.999999365582363 	
1.99999882602232 	
0 	
0 	
0.999999461604821 	
0.999999461604821 	
0 	
0 	
0 	
0 	
0.999999955750158 	
0 	
0 	
0.999999461604821 	
0 	
0 	
0.999999955750158 	
0.999999461604821 	
0 	
0 	
0.999999461604821 	
0 	
0 	
0 	
0 	
0 	
1.99999896655795 	
0.999999461604821 	
2.99999859486133 	
0 	
0.999999365582363 	
0 	
0 	
0 	
0 	
0 	
0.999999365582363 	
0 	
0 	
0.999999461604821 	
0 	
0.999999461604821 	
0 	
0 	
0 	
0 	
0.999999365582363 	
0 	
0.999999955750158 	
0 	
0 	
0 	
0 	
0 	
0 	
1.99999892320964 	
0 	
1.99999896655795 	
0 	
0 	
0.999999461604821 	
0 	
0 	
0 	
1.99999896655795 	
1.99999896655795 	
0 	
0 	
0 	
0 	
0 	
0 	
0 	
0 	
0 	
0 	
0 	
0 	
0 	
0.999999461604821 	
1.99999896655795 	
