0 	
2.99999763182403 	
4.99999659268101 	
1.99999858228381 	
0.999999955750158 	
2.49999931067901 	
1.49999980424771 	
2.49999931067901 	
0.999999834909781 	
0.999999365582363 	
3.99999702371486 	
0.999999955750158 	
2.99999763182403 	
1.99999873116473 	
0.999999955750158 	
1.49999980424771 	
1.99999966981956 	
2.49999803046948 	
1.49999980424771 	
2.99999838481446 	
3.99999784641928 	
0 	
3.99999746232945 	
0 	
0 	
0 	
0 	
3.49999682573215 	
0.999999955750158 	
0 	
0.999999955750158 	
1.99999864104431 	
0 	
0.999999955750158 	
0 	
0 	
0.999999291141904 	
1.49999980424771 	
2.99999787342571 	
0.999999955750158 	
1.49999955366899 	
2.99999838481446 	
1.9999983690794 	
2.49999931067901 	
3.99999746232945 	
1.99999873116473 	
4.99999730802411 	
1.49999955366899 	
0.999999834909781 	
3.99999746232945 	
3.99999702371486 	
0 	
3.99999746232945 	
0.999999834909781 	
1.99999864104431 	
2.99999838481446 	
3.99999784641928 	
0 	
0.999999461604821 	
1.99999864104431 	
0.999999955750158 	
0.999999955750158 	
3.99999746232945 	
0.999999955750158 	
0.999999955750158 	
0 	
0.999999955750158 	
0.999999955750158 	
0.999999834909781 	
1.99999892320964 	
2.99999809674709 	
2.99999809674709 	
0 	
2.99999792922475 	
0 	
3.99999784641928 	
0.999999955750158 	
0 	
0.999999955750158 	
3.99999733513549 	
4.99999682791182 	
3.99999733513549 	
4.99999606563288 	
0 	
0.999999955750158 	
3.49999685220456 	
1.99999873116473 	
4.99999628482284 	
0 	
1.99999892320964 	
0 	
0.999999955750158 	
2.99999838481446 	
0 	
2.99999792922475 	
2.99999838481446 	
1.49999980424771 	
3.99999784641928 	
0.999999955750158 	
3.99999702371486 	
