0 	
0 	
0 	
0.999999365582363 	
0 	
2.99999838481446 	
2.99999792922475 	
0 	
0 	
1.49999980424771 	
0 	
0 	
0.999999291141904 	
0 	
0 	
0 	
0.999999365582363 	
1.99999966981956 	
0 	
0.999999834909781 	
0 	
0 	
0 	
0 	
0 	
0 	
0.999999461604821 	
2.99999763182403 	
1.99999873116473 	
0.999999461604821 	
0 	
0.999999955750158 	
0 	
0.999999955750158 	
1.99999873116473 	
1.99999873116473 	
0.999999461604821 	
0 	
0 	
0.999999834909781 	
2.99999809674709 	
0 	
0.999999834909781 	
0 	
0 	
0 	
0 	
1.99999873116473 	
0 	
1.99999892320964 	
0.999999955750158 	
1.49999980424771 	
0 	
0.999999955750158 	
0.999999461604821 	
2.99999838481446 	
0.999999834909781 	
0 	
0 	
0 	
0 	
0 	
0.999999955750158 	
0 	
0.999999955750158 	
0 	
0 	
0 	
0 	
0.999999955750158 	
0 	
0 	
1.99999892320964 	
0.999999834909781 	
3.99999733513549 	
0.999999834909781 	
0 	
0.999999955750158 	
0 	
0 	
0 	
0 	
0 	
0 	
0 	
0 	
0.999999365582363 	
1.99999864104431 	
0 	
0.999999955750158 	
0 	
0.999999461604821 	
2.99999792922475 	
0 	
0 	
1.99999873116473 	
0.999999834909781 	
0 	
2.99999838481446 	
0 	
