0 	
0 	
0 	
0 	
0.999999955750158 	
0 	
0 	
1.99999873116473 	
0 	
0 	
0 	
2.99999809674709 	
1.99999892320964 	
0 	
0 	
0 	
0 	
0 	
0 	
0 	
0 	
0.999999955750158 	
0 	
0 	
1.49999980424771 	
0 	
0.999999461604821 	
0 	
0 	
0 	
0 	
0 	
0 	
0 	
0 	
1.49999876307492 	
0 	
0 	
0 	
0 	
0 	
0.999999955750158 	
0 	
0 	
0 	
0 	
0 	
0 	
0.999999365582363 	
0 	
0.999999955750158 	
0 	
0 	
0 	
0 	
0 	
0 	
0 	
0 	
0 	
1.99999892320964 	
0 	
0 	
0 	
0 	
0 	
0.999999955750158 	
0 	
0.999999461604821 	
1.99999892320964 	
0.999999365582363 	
0 	
2.99999792922475 	
0.999999955750158 	
0 	
0 	
0.999999461604821 	
0 	
0 	
0 	
0 	
0 	
0 	
0 	
0 	
0 	
0.999999955750158 	
0.999999461604821 	
0.999999834909781 	
0 	
0 	
0.999999358698125 	
1.99999858228381 	
0 	
0.999999955750158 	
0 	
0 	
0 	
0.999999461604821 	
0 	
0 	
