1.49999707979064 	
0.999999358698125 	
0.999999365582363 	
0.999999834909781 	
1.99999873116473 	
2.99999792922475 	
0.999999834909781 	
0 	
0 	
0 	
0 	
0 	
0 	
0.999999461604821 	
0 	
0 	
0 	
0 	
0.999999955750158 	
0.999999955750158 	
1.99999892320964 	
0 	
0 	
0 	
0.999999151454652 	
0 	
1.99999892320964 	
0 	
0.999999834909781 	
0 	
0.999999365582363 	
0 	
0 	
0 	
0 	
0 	
0 	
0 	
0.999999955750158 	
0 	
0 	
0 	
0.999999834909781 	
1.99999892320964 	
0 	
0 	
0.999999955750158 	
0 	
1.99999892320964 	
0 	
0.999999461604821 	
0 	
0 	
1.99999864104431 	
1.99999892320964 	
0 	
0.999999461604821 	
0 	
0.999999834909781 	
0.999999955750158 	
0 	
0 	
0 	
0 	
0 	
0.999999955750158 	
0.999999365582363 	
0.999999461604821 	
0 	
0 	
0 	
0 	
0 	
0.999999461604821 	
1.99999858228381 	
0 	
1.99999892320964 	
1.99999892320964 	
0 	
0.999999955750158 	
0 	
0 	
0 	
0 	
0.999999461604821 	
0 	
0 	
0.999999461604821 	
0 	
0.999999461604821 	
0 	
0 	
2.49999803046948 	
0.999999955750158 	
0 	
0 	
0 	
0 	
0.999999365582363 	
0 	
0.999999365582363 	
