1.99999864104431 	
0 	
0 	
0.999999365582363 	
1.99999966981956 	
0 	
0 	
1.9999983690794 	
0 	
0 	
2.99999838481446 	
1.49999980424771 	
3.99999716456762 	
2.99999792922475 	
2.99999838481446 	
0.999999955750158 	
0.999999834909781 	
4.49999575906083 	
0.999999955750158 	
0.999999955750158 	
2.99999809674709 	
1.99999873116473 	
0 	
2.99999838481446 	
0 	
0 	
0 	
2.99999792922475 	
0.999999955750158 	
3.99999733513549 	
1.99999873116473 	
4.99999659268101 	
3.99999784641928 	
0.999999365582363 	
3.49999726784329 	
0.999999834909781 	
1.99999892320964 	
0.999999955750158 	
0 	
1.99999873116473 	
0 	
0 	
0 	
0.999999365582363 	
1.49999980424771 	
0.999999955750158 	
1.49999955366899 	
3.99999746232945 	
4.99999659268101 	
2.99999838481446 	
2.99999787342571 	
1.99999892320964 	
4.49999575906083 	
0.999999834909781 	
0.999999955750158 	
1.99999966981956 	
1.99999864104431 	
1.99999892320964 	
2.99999787342571 	
0 	
1.99999873116473 	
3.99999702371486 	
0 	
0.999999955750158 	
1.49999955366899 	
2.49999803046948 	
1.99999892320964 	
0 	
0.999999955750158 	
1.99999873116473 	
4.49999621683333 	
2.99999809674709 	
0 	
2.99999792922475 	
0.999999955750158 	
0 	
0 	
0.999999834909781 	
0 	
0.999999834909781 	
0 	
4.99999606563288 	
0 	
0 	
1.99999966981956 	
0.999999461604821 	
1.99999966981956 	
1.99999873116473 	
0.999999955750158 	
0 	
0.999999358698125 	
7.49999261806469 	
0 	
2.99999792922475 	
1.99999873116473 	
0 	
3.99999733513549 	
2.99999809674709 	
1.99999873116473 	
2.99999809674709 	
