0.999999365582363 	
0 	
0 	
0 	
0 	
0 	
0 	
0 	
0 	
0 	
2.99999792922475 	
0 	
0 	
0 	
0 	
0 	
0.999999461604821 	
1.99999864104431 	
0.999999461604821 	
0 	
0 	
0 	
0 	
1.99999873116473 	
0 	
0 	
0 	
0 	
0 	
0 	
0 	
0.999999461604821 	
0 	
1.49999980424771 	
0.999999358698125 	
0 	
0 	
2.99999838481446 	
0.999999461604821 	
0 	
0 	
0 	
0 	
0 	
1.99999858228381 	
1.99999892320964 	
0 	
0 	
1.9999983690794 	
0 	
1.99999873116473 	
0.999999955750158 	
0.999999461604821 	
0 	
0 	
0 	
1.99999892320964 	
0 	
0 	
0.999999365582363 	
0 	
0.999999461604821 	
0 	
0 	
0 	
0 	
0 	
0 	
0 	
0 	
0 	
0 	
0 	
2.49999760690388 	
0 	
0 	
0 	
0 	
0 	
0 	
0 	
0 	
0 	
0 	
0 	
0 	
0 	
0 	
0 	
0 	
1.99999892320964 	
0.999999955750158 	
0 	
0 	
0 	
0 	
0.999999365582363 	
1.99999873116473 	
0 	
0.999999461604821 	
