0.999999955750158 	
2.99999787342571 	
3.99999733513549 	
0 	
4.99999659268101 	
0.999999834909781 	
1.99999873116473 	
2.99999792922475 	
0 	
0 	
0.999999365582363 	
0 	
1.99999864104431 	
1.99999873116473 	
2.99999787342571 	
0.999999358698125 	
0 	
0 	
4.49999621683333 	
0.999999955750158 	
2.99999792922475 	
1.99999966981956 	
1.99999873116473 	
0 	
2.99999838481446 	
0 	
3.99999784641928 	
0.999999955750158 	
1.9999983690794 	
3.99999733513549 	
2.99999809674709 	
0 	
1.49999955366899 	
0 	
0 	
2.99999838481446 	
3.49999682573215 	
2.99999787342571 	
0 	
0 	
0.999999955750158 	
0.999999955750158 	
0.999999834909781 	
1.99999892320964 	
2.99999792922475 	
1.99999873116473 	
0 	
1.99999892320964 	
0 	
1.99999966981956 	
2.99999809674709 	
0 	
2.99999809674709 	
2.99999809674709 	
0 	
1.9999983029093 	
3.99999746232945 	
2.49999931067901 	
3.99999784641928 	
3.49999726784329 	
1.99999873116473 	
0 	
2.99999809674709 	
1.49999955366899 	
0 	
2.99999792922475 	
0 	
0.999999955750158 	
0 	
1.99999873116473 	
1.99999966981956 	
2.99999838481446 	
0.999999955750158 	
0 	
3.99999746232945 	
3.99999702371486 	
0 	
0 	
1.99999873116473 	
1.49999980424771 	
1.99999892320964 	
1.49999980424771 	
0 	
1.99999892320964 	
1.49999980424771 	
2.99999763182403 	
0.999999955750158 	
1.49999980424771 	
1.99999892320964 	
0 	
0.999999461604821 	
3.99999733513549 	
0 	
5.49999543805603 	
0 	
3.49999726784329 	
4.49999621683333 	
0 	
0 	
1.99999892320964 	
