0 	
0.999999358698125 	
0 	
0.999999461604821 	
0.999999461604821 	
3.99999733513549 	
3.99999746232945 	
0 	
0.999999955750158 	
0 	
0 	
1.99999873116473 	
3.99999746232945 	
2.99999838481446 	
1.99999892320964 	
0 	
0.999999461604821 	
0 	
0 	
0 	
0.999999834909781 	
0.999999365582363 	
0 	
1.99999864104431 	
0 	
1.99999864104431 	
0 	
3.99999733513549 	
0 	
0 	
2.99999809674709 	
2.99999809674709 	
1.99999966981956 	
0 	
0.999999365582363 	
2.99999809674709 	
1.49999980424771 	
0.999999358698125 	
0 	
0 	
0.999999834909781 	
3.49999726784329 	
0 	
5.49999456687407 	
0 	
0.999999955750158 	
0 	
0 	
2.99999763182403 	
0 	
0 	
0 	
0 	
2.99999792922475 	
0 	
0 	
0 	
1.99999873116473 	
0 	
0 	
1.49999980424771 	
1.99999864104431 	
2.99999763182403 	
0 	
1.99999873116473 	
0 	
0 	
0 	
0 	
0 	
0 	
0 	
0 	
0.999999365582363 	
0 	
0 	
1.99999858228381 	
1.99999892320964 	
0 	
0 	
2.99999809674709 	
1.99999858228381 	
0.999999834909781 	
0 	
1.99999966981956 	
3.99999746232945 	
0.999999834909781 	
1.49999955366899 	
0 	
2.99999809674709 	
0 	
1.49999980424771 	
0 	
0 	
0.999999955750158 	
3.99999702371486 	
0 	
1.49999876307492 	
0 	
0.999999834909781 	
