0.999999674307175 	
1.49999946916253 	
0.999999552828005 	
2.66666531233869 	
0 	
0 	
0 	
3.66666312106264 	
3.49999767473812 	
0 	
1.99999840465054 	
0 	
0 	
2.66666371154694 	
1.66666592369118 	
0 	
0 	
1.99999900794397 	
3.88888507018255 	
2.49999832298266 	
1.99999816560928 	
1.99999874892738 	
0 	
1.49999909616882 	
0.999999358698125 	
1.9999990475393 	
2.66666503132655 	
0.999999674307175 	
1.9999990475393 	
0.999999834909781 	
0.999999674307175 	
1.49999980424771 	
0 	
1.6666658846222 	
0 	
0 	
0 	
1.49999959300891 	
1.99999935938627 	
3.16666484382173 	
3.4999971018859 	
2.88888625358475 	
2.49999892545067 	
2.66666462910891 	
1.49999933862931 	
0 	
2.16666539066649 	
4.38888362810002 	
0 	
0 	
0.999999674307175 	
1.49999946916253 	
0.999999552828005 	
2.66666531233869 	
0 	
0 	
0 	
3.66666312106264 	
3.49999767473812 	
0 	
1.99999840465054 	
0 	
0 	
2.66666371154694 	
1.66666592369118 	
0 	
0 	
1.99999900794397 	
3.88888507018255 	
2.49999832298266 	
1.99999816560928 	
1.99999874892738 	
0 	
1.49999909616882 	
0.999999358698125 	
1.9999990475393 	
2.66666503132655 	
0.999999674307175 	
1.9999990475393 	
0.999999834909781 	
0.999999674307175 	
1.49999980424771 	
0 	
1.6666658846222 	
0 	
0 	
0 	
1.49999959300891 	
1.99999935938627 	
3.16666484382173 	
3.4999971018859 	
2.88888625358475 	
2.49999892545067 	
2.66666462910891 	
0.999999674307175 	
1.49999946916253 	
0.999999552828005 	
2.66666531233869 	
0 	
0 	
0 	
3.66666312106264 	
3.49999767473812 	
0 	
1.99999816560928 	
1.99999874892738 	
0 	
1.49999909616882 	
0.999999358698125 	
1.9999990475393 	
2.66666503132655 	
0.999999674307175 	
1.9999990475393 	
0.999999834909781 	
