5.38888209072322 	
0.999999358698125 	
4.38888250976987 	
2.49999826320736 	
1.99999815086445 	
0.999999459819545 	
1.99999904404838 	
4.16666238270235 	
1.49999888111502 	
5.88888057184804 	
4.88888353907033 	
0 	
4.38888410296956 	
3.49999822577306 	
3.16666371330005 	
2.66666444802968 	
1.99999926437223 	
5.38888134594037 	
5.38888169278008 	
1.99999838369295 	
3.99999600526737 	
5.38888174635566 	
5.38888286091237 	
4.99999614620904 	
1.49999888111502 	
5.38888085203655 	
2.99999757564628 	
1.66666592369118 	
4.38888395926557 	
1.9999983029093 	
1.66666518538555 	
3.49999788504273 	
4.38888343977064 	
4.16666354450457 	
5.49999542649609 	
2.49999764728607 	
2.666664661164 	
3.66666312106264 	
2.666664661164 	
4.99999529785894 	
5.49999462986727 	
3.6666628734125 	
2.49999882083344 	
5.38888197168186 	
5.38888073403967 	
1.9999983029093 	
3.16666313859624 	
4.49999661843814 	
4.49999531360181 	
0.999999358698125 	
5.38888209072322 	
0.999999358698125 	
4.38888250976987 	
2.49999826320736 	
1.99999815086445 	
0.999999459819545 	
1.99999904404838 	
4.16666238270235 	
1.49999888111502 	
5.88888057184804 	
4.88888353907033 	
0 	
4.38888410296956 	
3.49999822577306 	
3.16666371330005 	
2.66666444802968 	
1.99999926437223 	
5.38888134594037 	
5.38888169278008 	
1.99999838369295 	
3.99999600526737 	
5.38888174635566 	
5.38888286091237 	
4.99999614620904 	
1.49999888111502 	
5.38888085203655 	
2.99999757564628 	
1.66666592369118 	
4.38888395926557 	
1.9999983029093 	
1.66666518538555 	
3.49999788504273 	
4.38888343977064 	
4.16666354450457 	
5.49999542649609 	
2.49999764728607 	
2.666664661164 	
3.66666312106264 	
2.666664661164 	
4.99999529785894 	
5.49999462986727 	
3.6666628734125 	
2.49999882083344 	
5.38888209072322 	
0.999999358698125 	
4.38888250976987 	
2.49999826320736 	
1.99999815086445 	
0.999999459819545 	
1.99999904404838 	
4.16666238270235 	
1.49999888111502 	
5.88888057184804 	
3.99999600526737 	
5.38888174635566 	
5.38888286091237 	
4.99999614620904 	
1.49999888111502 	
5.38888085203655 	
2.99999757564628 	
1.66666592369118 	
4.38888395926557 	
1.9999983029093 	
