4.49999568890662 	
1.66666545971434 	
6.38888004516061 	
4.49999612765503 	
3.8888843368286 	
1.49999869334124 	
3.66666406598442 	
1.99999875789179 	
4.66666247317809 	
5.8888796780524 	
4.16666292978388 	
4.16666414563856 	
6.38887962750386 	
3.16666340396677 	
4.88888353907033 	
0 	
5.88888196635645 	
3.49999832332707 	
2.99999714549964 	
2.66666549889588 	
4.99999523756259 	
2.99999708252962 	
6.16666021442752 	
0.999999481250932 	
3.16666490366999 	
6.38888047834129 	
1.99999803162609 	
3.16666417423434 	
4.16666173173321 	
5.88888005875414 	
1.99999875789179 	
6.49999321347905 	
3.16666397121419 	
6.38888121010299 	
5.88888068752629 	
3.66666426521066 	
5.99999411302525 	
6.16665905150064 	
5.16666196558905 	
0 	
6.88887755774321 	
4.4999952772725 	
3.16666417423434 	
0.999999358698125 	
0.999999481250932 	
3.38888492614202 	
5.38888216894768 	
5.88888090106999 	
4.99999612063542 	
5.49999497327953 	
4.49999568890662 	
1.66666545971434 	
6.38888004516061 	
4.49999612765503 	
3.8888843368286 	
1.49999869334124 	
3.66666406598442 	
1.99999875789179 	
4.66666247317809 	
5.8888796780524 	
4.16666292978388 	
4.16666414563856 	
6.38887962750386 	
3.16666340396677 	
4.88888353907033 	
0 	
5.88888196635645 	
3.49999832332707 	
2.99999714549964 	
2.66666549889588 	
4.99999523756259 	
2.99999708252962 	
6.16666021442752 	
0.999999481250932 	
3.16666490366999 	
6.38888047834129 	
1.99999803162609 	
3.16666417423434 	
4.16666173173321 	
5.88888005875414 	
1.99999875789179 	
6.49999321347905 	
3.16666397121419 	
6.38888121010299 	
5.88888068752629 	
3.66666426521066 	
5.99999411302525 	
6.16665905150064 	
5.16666196558905 	
0 	
6.88887755774321 	
4.4999952772725 	
3.16666417423434 	
4.49999568890662 	
1.66666545971434 	
6.38888004516061 	
4.49999612765503 	
3.8888843368286 	
1.49999869334124 	
3.66666406598442 	
1.99999875789179 	
4.66666247317809 	
5.8888796780524 	
4.99999523756259 	
2.99999708252962 	
6.16666021442752 	
0.999999481250932 	
3.16666490366999 	
6.38888047834129 	
1.99999803162609 	
3.16666417423434 	
4.16666173173321 	
5.88888005875414 	
