0 	
0 	
0 	
0.999999674307175 	
0.999999674307175 	
0 	
0 	
0 	
0 	
0 	
0 	
0 	
1.66666613259297 	
0 	
0 	
0 	
1.49999946916253 	
1.99999947878987 	
0 	
0 	
0.999999481250932 	
1.66666613259297 	
0 	
0 	
0 	
0 	
0 	
0 	
0 	
0 	
0.999999648406347 	
0.999999874489039 	
0 	
0 	
0 	
0 	
0 	
2.66666539084541 	
0 	
0 	
0 	
0 	
1.99999929864009 	
0.999999834909781 	
0 	
0 	
1.66666592369118 	
0 	
0 	
0 	
0 	
0 	
1.99999947878987 	
0 	
0 	
0 	
0 	
0 	
0 	
0 	
0 	
0 	
1.66666613259297 	
0 	
0 	
0 	
1.49999946916253 	
1.99999947878987 	
0 	
0 	
0.999999481250932 	
1.66666613259297 	
0 	
0 	
0 	
0 	
0 	
0 	
0 	
0 	
0.999999648406347 	
0.999999874489039 	
0 	
0 	
0 	
0 	
0 	
2.66666539084541 	
0 	
0 	
0 	
0 	
1.99999929864009 	
0.999999834909781 	
0 	
0 	
1.66666592369118 	
0 	
0 	
0 	
0 	
0 	
0 	
0 	
0 	
0 	
1.66666613259297 	
0 	
0 	
0 	
1.49999946916253 	
1.99999947878987 	
0 	
0 	
0.999999648406347 	
0.999999874489039 	
0 	
0 	
0 	
0 	
0 	
2.66666539084541 	
