0.999999632186113 	
5.88888152211505 	
2.66666521327161 	
3.99999654732375 	
2.66666521327161 	
2.99999713071437 	
0.999999151454652 	
6.49999332146265 	
0.999999648406347 	
1.99999871471559 	
0.999999243488919 	
2.9999973665939 	
4.38888343977064 	
2.49999832298266 	
4.49999620831654 	
3.66666340234203 	
4.88888252607378 	
3.49999740158866 	
0.999999632186113 	
4.166663001015 	
0.999999151454652 	
3.66666211654598 	
3.66666386593641 	
2.9999984570559 	
5.16666194993399 	
0.999999632186113 	
3.49999620609844 	
2.49999826320736 	
0.999999288422124 	
3.8888835417843 	
2.49999797219632 	
4.49999654019351 	
5.88888062651452 	
4.66666209612184 	
0.999999674307175 	
1.99999877993995 	
4.38888366960312 	
2.49999832298266 	
3.49999766134932 	
7.38887772344375 	
6.38888121010299 	
4.16666090074377 	
2.99999790325614 	
0.999999552828005 	
0.999999674307175 	
4.16666238270235 	
3.16666340396677 	
5.38888085203655 	
4.16666202575517 	
4.38888443901068 	
0.999999632186113 	
5.88888152211505 	
2.66666521327161 	
3.99999654732375 	
2.66666521327161 	
2.99999713071437 	
0.999999151454652 	
6.49999332146265 	
0.999999648406347 	
1.99999871471559 	
0.999999243488919 	
2.9999973665939 	
4.38888343977064 	
2.49999832298266 	
4.49999620831654 	
3.66666340234203 	
4.88888252607378 	
3.49999740158866 	
0.999999632186113 	
4.166663001015 	
0.999999151454652 	
3.66666211654598 	
3.66666386593641 	
2.9999984570559 	
5.16666194993399 	
0.999999632186113 	
3.49999620609844 	
2.49999826320736 	
0.999999288422124 	
3.8888835417843 	
2.49999797219632 	
4.49999654019351 	
5.88888062651452 	
4.66666209612184 	
0.999999674307175 	
1.99999877993995 	
4.38888366960312 	
2.49999832298266 	
3.49999766134932 	
7.38887772344375 	
6.38888121010299 	
4.16666090074377 	
2.99999790325614 	
0.999999632186113 	
5.88888152211505 	
2.66666521327161 	
3.99999654732375 	
2.66666521327161 	
2.99999713071437 	
0.999999151454652 	
6.49999332146265 	
0.999999648406347 	
1.99999871471559 	
0.999999151454652 	
3.66666211654598 	
3.66666386593641 	
2.9999984570559 	
5.16666194993399 	
0.999999632186113 	
3.49999620609844 	
2.49999826320736 	
0.999999288422124 	
3.8888835417843 	
