1.4999991831514 	
3.66666466827956 	
2.49999882083344 	
0.999999552828005 	
2.99999772090155 	
0.999999685543246 	
0 	
2.16666482195711 	
0 	
1.66666558780783 	
0.999999488332764 	
2.1666657329661 	
0.999999488332764 	
2.99999833166541 	
0.999999690865243 	
4.3888841724366 	
0 	
0 	
0 	
1.99999890401956 	
0.999999459819545 	
0 	
1.99999935938627 	
2.49999892545067 	
2.49999892545067 	
0.999999459819545 	
1.99999829502652 	
4.49999654019351 	
0.999999488332764 	
0.999999481250932 	
1.99999868409949 	
2.16666473976386 	
0.999999632186113 	
0 	
1.66666558780783 	
2.1666657329661 	
2.49999805430467 	
1.66666592369118 	
3.49999705830247 	
1.49999888111502 	
0 	
2.99999834742497 	
3.66666312106264 	
0 	
0.999999834909781 	
1.99999835976479 	
0.999999459819545 	
2.9999973665939 	
3.16666506960034 	
2.66666495591376 	
0.999999632186113 	
2.49999882083344 	
2.49999882083344 	
0.999999552828005 	
2.99999772090155 	
0.999999685543246 	
0 	
2.16666482195711 	
0 	
1.66666558780783 	
0.999999488332764 	
2.1666657329661 	
0.999999488332764 	
2.99999833166541 	
0.999999690865243 	
4.3888841724366 	
0 	
0 	
0 	
1.99999890401956 	
0.999999459819545 	
0 	
1.99999935938627 	
2.49999892545067 	
2.49999892545067 	
0.999999459819545 	
1.99999829502652 	
4.49999654019351 	
0.999999488332764 	
0.999999481250932 	
1.99999868409949 	
2.16666473976386 	
0.999999632186113 	
0 	
1.66666558780783 	
2.1666657329661 	
2.49999805430467 	
1.66666592369118 	
3.49999705830247 	
1.49999888111502 	
0 	
2.99999834742497 	
3.66666312106264 	
0 	
0.999999834909781 	
2.49999882083344 	
0.999999552828005 	
2.99999772090155 	
0.999999685543246 	
0 	
2.16666482195711 	
0 	
1.66666558780783 	
0.999999488332764 	
2.1666657329661 	
1.99999935938627 	
2.49999892545067 	
2.49999892545067 	
0.999999459819545 	
1.99999829502652 	
4.49999654019351 	
0.999999488332764 	
0.999999481250932 	
1.99999868409949 	
2.16666473976386 	
