2.66666428971385 	
2.666664661164 	
2.49999882083344 	
0 	
3.49999706620938 	
2.666664661164 	
3.88888442748962 	
2.99999704541574 	
3.49999709768181 	
2.49999788925194 	
2.16666558834941 	
1.99999890401956 	
0.999999488332764 	
3.49999729770852 	
3.66666370747477 	
4.38888364843398 	
1.49999888111502 	
0 	
1.99999929864009 	
3.66666386593641 	
2.99999742511904 	
3.66666406598442 	
3.16666371330005 	
4.88888235848356 	
1.66666518538555 	
2.88888649926286 	
4.16666258011368 	
3.66666312106264 	
3.9999965508222 	
4.66666243887662 	
3.49999833761148 	
4.88888362240711 	
0 	
0.999999955750158 	
1.49999888111502 	
2.16666473976386 	
1.9999983029093 	
0.999999703628503 	
1.66666518538555 	
2.49999832298266 	
0.999999632186113 	
0.999999552828005 	
3.1666642759462 	
0 	
2.49999892615434 	
2.49999805430467 	
0.999999481250932 	
3.66666406598442 	
4.66666070346464 	
3.99999699079499 	
2.66666428971385 	
2.666664661164 	
2.49999882083344 	
0 	
3.49999706620938 	
2.666664661164 	
3.88888442748962 	
2.99999704541574 	
3.49999709768181 	
2.49999788925194 	
2.16666558834941 	
1.99999890401956 	
0.999999488332764 	
3.49999729770852 	
3.66666370747477 	
4.38888364843398 	
1.49999888111502 	
0 	
1.99999929864009 	
3.66666386593641 	
2.99999742511904 	
3.66666406598442 	
3.16666371330005 	
4.88888235848356 	
1.66666518538555 	
2.88888649926286 	
4.16666258011368 	
3.66666312106264 	
3.9999965508222 	
4.66666243887662 	
3.49999833761148 	
4.88888362240711 	
0 	
0.999999955750158 	
1.49999888111502 	
2.16666473976386 	
1.9999983029093 	
0.999999703628503 	
1.66666518538555 	
2.49999832298266 	
0.999999632186113 	
0.999999552828005 	
3.1666642759462 	
2.66666428971385 	
2.666664661164 	
2.49999882083344 	
0 	
3.49999706620938 	
2.666664661164 	
3.88888442748962 	
2.99999704541574 	
3.49999709768181 	
2.49999788925194 	
2.99999742511904 	
3.66666406598442 	
3.16666371330005 	
4.88888235848356 	
1.66666518538555 	
2.88888649926286 	
4.16666258011368 	
3.66666312106264 	
3.9999965508222 	
4.66666243887662 	
