5.88888087056383 	
4.8888833277416 	
2.99999798688977 	
1.49999888111502 	
2.666664661164 	
0.999999410540692 	
5.99999432834389 	
6.38888047834129 	
2.99999784240278 	
3.38888536246529 	
6.88887876084827 	
2.49999826320736 	
2.99999742511904 	
4.16666162820374 	
4.16666146551051 	
4.38888366960312 	
4.16666189708146 	
1.66666558780783 	
7.38887800297947 	
1.49999933862931 	
6.38888020421559 	
3.66666211774981 	
2.99999701109448 	
3.16666516046062 	
2.16666428803948 	
3.16666371330005 	
2.49999882083344 	
5.8888815090911 	
5.16666194993399 	
2.49999764728607 	
3.66666260603941 	
4.49999559050588 	
2.666664661164 	
4.9999958936132 	
4.49999546251498 	
3.66666406598442 	
3.66666387455951 	
3.99999699079499 	
4.49999627565496 	
4.16666189708146 	
3.6666628734125 	
4.66666116160163 	
3.88888487284829 	
3.66666381091454 	
5.16666054299003 	
3.88888417791014 	
3.99999644641872 	
6.49999332146265 	
3.16666469086888 	
5.8888796780524 	
5.88888087056383 	
4.8888833277416 	
2.99999798688977 	
1.49999888111502 	
2.666664661164 	
0.999999410540692 	
5.99999432834389 	
6.38888047834129 	
2.99999784240278 	
3.38888536246529 	
6.88887876084827 	
2.49999826320736 	
2.99999742511904 	
4.16666162820374 	
4.16666146551051 	
4.38888366960312 	
4.16666189708146 	
1.66666558780783 	
7.38887800297947 	
1.49999933862931 	
6.38888020421559 	
3.66666211774981 	
2.99999701109448 	
3.16666516046062 	
2.16666428803948 	
3.16666371330005 	
2.49999882083344 	
5.8888815090911 	
5.16666194993399 	
2.49999764728607 	
3.66666260603941 	
4.49999559050588 	
2.666664661164 	
4.9999958936132 	
4.49999546251498 	
3.66666406598442 	
3.66666387455951 	
3.99999699079499 	
4.49999627565496 	
4.16666189708146 	
3.6666628734125 	
4.66666116160163 	
3.88888487284829 	
5.88888087056383 	
4.8888833277416 	
2.99999798688977 	
1.49999888111502 	
2.666664661164 	
0.999999410540692 	
5.99999432834389 	
6.38888047834129 	
2.99999784240278 	
3.38888536246529 	
6.38888020421559 	
3.66666211774981 	
2.99999701109448 	
3.16666516046062 	
2.16666428803948 	
3.16666371330005 	
2.49999882083344 	
5.8888815090911 	
5.16666194993399 	
2.49999764728607 	
