1.49999933862931 	
3.99999657695103 	
3.16666295848139 	
3.49999779154078 	
0.999999410540692 	
1.99999849322372 	
1.99999871471559 	
2.99999720622528 	
0.999999632186113 	
0 	
2.49999855442696 	
1.99999829502652 	
2.49999805430467 	
0 	
3.1666642759462 	
2.49999851522451 	
4.49999683368897 	
1.99999928958687 	
0 	
1.9999983029093 	
3.16666381519609 	
2.49999826320736 	
0.999999358698125 	
3.49999766134932 	
1.99999875789179 	
1.99999875789179 	
1.49999980424771 	
3.49999833761148 	
0 	
3.66666485874884 	
2.16666482195711 	
0.999999358698125 	
2.99999879975136 	
5.49999497327953 	
3.88888393533253 	
0.999999358698125 	
0.999999834909781 	
2.66666495591376 	
0 	
0.999999151454652 	
0 	
0 	
0 	
3.38888470738629 	
2.16666458847867 	
0 	
0.999999481250932 	
3.49999803110584 	
2.16666482195711 	
3.49999822577306 	
1.49999933862931 	
3.99999657695103 	
3.16666295848139 	
3.49999779154078 	
0.999999410540692 	
1.99999849322372 	
1.99999871471559 	
2.99999720622528 	
0.999999632186113 	
0 	
2.49999855442696 	
1.99999829502652 	
2.49999805430467 	
0 	
3.1666642759462 	
2.49999851522451 	
4.49999683368897 	
1.99999928958687 	
0 	
1.9999983029093 	
3.16666381519609 	
2.49999826320736 	
0.999999358698125 	
3.49999766134932 	
1.99999875789179 	
1.99999875789179 	
1.49999980424771 	
3.49999833761148 	
0 	
3.66666485874884 	
2.16666482195711 	
0.999999358698125 	
2.99999879975136 	
5.49999497327953 	
3.88888393533253 	
0.999999358698125 	
0.999999834909781 	
2.66666495591376 	
0 	
0.999999151454652 	
0 	
0 	
0 	
1.49999933862931 	
3.99999657695103 	
3.16666295848139 	
3.49999779154078 	
0.999999410540692 	
1.99999849322372 	
1.99999871471559 	
2.99999720622528 	
0.999999632186113 	
0 	
3.16666381519609 	
2.49999826320736 	
0.999999358698125 	
3.49999766134932 	
1.99999875789179 	
1.99999875789179 	
1.49999980424771 	
3.49999833761148 	
0 	
3.66666485874884 	
