0.999999955750158 	
0 	
0 	
0.999999834909781 	
0 	
0 	
0 	
0.999999834909781 	
0 	
0 	
0 	
0 	
1.99999947878987 	
0.999999648406347 	
0 	
0.999999685543246 	
0 	
0 	
0 	
0 	
0 	
0 	
0 	
0 	
0 	
0 	
0 	
0 	
0 	
0 	
0 	
0.999999690865243 	
0.999999955750158 	
0 	
0 	
0.999999632186113 	
0.999999648406346 	
0 	
0 	
0 	
0 	
0 	
0 	
0 	
0 	
0 	
0 	
0 	
0.999999834909781 	
0.999999955750158 	
0 	
0 	
0 	
0 	
0 	
0 	
0 	
0 	
0 	
0 	
0.999999955750158 	
0 	
0 	
0 	
0 	
0.999999685543246 	
0 	
0 	
0 	
0 	
0 	
0 	
0 	
0 	
0 	
0 	
0 	
0 	
0 	
0 	
0 	
0.999999690865243 	
0.999999955750158 	
0 	
0 	
0.999999632186113 	
0.999999648406346 	
0 	
0 	
0 	
0 	
0 	
0 	
0 	
0 	
0 	
0 	
0 	
0.999999834909781 	
0.999999955750158 	
0 	
0 	
0 	
0 	
0 	
0 	
0 	
0 	
0 	
0.999999685543246 	
0 	
0 	
0 	
0 	
0 	
0 	
0 	
0 	
0 	
0.999999632186113 	
0.999999648406346 	
0 	
0 	
0 	
0 	
0 	
0 	
0 	
