0.999999834909781 	
0 	
0 	
0 	
0 	
0 	
0 	
0 	
0 	
0 	
0.999999955750158 	
0 	
0 	
0 	
0 	
0 	
0 	
1.49999955366899 	
1.99999896250186 	
0 	
0 	
0 	
0 	
0.999999648406347 	
0 	
0 	
0.999999834909781 	
0 	
0.999999488332764 	
0 	
0.999999685543246 	
0.999999690865243 	
0.999999955750158 	
0.999999632186113 	
0.999999410540692 	
0 	
0 	
0 	
0.999999648406347 	
0 	
0 	
0 	
0 	
0 	
0.999999685543246 	
0.999999955750158 	
0 	
0 	
0 	
0 	
0 	
0 	
0 	
0 	
0 	
0 	
1.49999909616882 	
0 	
0 	
0 	
0.999999955750158 	
0 	
0 	
0 	
0 	
0 	
0 	
1.49999955366899 	
1.99999896250186 	
0 	
0 	
0 	
0 	
0.999999648406347 	
0 	
0 	
0.999999834909781 	
0 	
0.999999488332764 	
0 	
0.999999685543246 	
0.999999690865243 	
0.999999955750158 	
0.999999632186113 	
0.999999410540692 	
0 	
0 	
0 	
0.999999648406347 	
0 	
0 	
0 	
0 	
0 	
0.999999685543246 	
0.999999955750158 	
0 	
0 	
0 	
0 	
0 	
0 	
0 	
0 	
0.999999955750158 	
0 	
0 	
0 	
0 	
0 	
0 	
0 	
0.999999488332764 	
0 	
0.999999685543246 	
0.999999690865243 	
0.999999955750158 	
0.999999632186113 	
0.999999410540692 	
0 	
0 	
