0 	
0 	
0 	
1.49999910692811 	
2.66666531233869 	
0.999999674307175 	
3.16666371330005 	
1.49999955366899 	
2.16666473976386 	
1.49999909616882 	
0.999999685543246 	
0 	
2.49999931067901 	
0.999999834909781 	
0.999999834909781 	
0.999999632186113 	
1.9999990808059 	
0.999999632186113 	
1.99999929864009 	
2.49999816054361 	
2.49999851522451 	
1.99999966981956 	
0.999999955750158 	
0 	
1.49999933862931 	
0.999999834909781 	
2.666664661164 	
0.999999674307175 	
3.1666642759462 	
1.99999871739625 	
1.9999990808059 	
0 	
0 	
0 	
1.66666558780783 	
1.99999871739625 	
0 	
0 	
0 	
1.99999890401956 	
1.99999877993995 	
2.9999980775029 	
2.99999833166541 	
2.49999826320736 	
1.66666613259297 	
0.999999488332764 	
1.99999966981956 	
0.999999488332764 	
2.666664661164 	
0.999999685543246 	
1.66666617029887 	
0 	
0 	
1.49999910692811 	
2.66666531233869 	
0.999999674307175 	
3.16666371330005 	
1.49999955366899 	
2.16666473976386 	
1.49999909616882 	
0.999999685543246 	
0 	
2.49999931067901 	
0.999999834909781 	
0.999999834909781 	
0.999999632186113 	
1.9999990808059 	
0.999999632186113 	
1.99999929864009 	
2.49999816054361 	
2.49999851522451 	
1.99999966981956 	
0.999999955750158 	
0 	
1.49999933862931 	
0.999999834909781 	
2.666664661164 	
0.999999674307175 	
3.1666642759462 	
1.99999871739625 	
1.9999990808059 	
0 	
0 	
0 	
1.66666558780783 	
1.99999871739625 	
0 	
0 	
0 	
1.99999890401956 	
1.99999877993995 	
2.9999980775029 	
2.99999833166541 	
2.49999826320736 	
1.66666613259297 	
0 	
0 	
1.49999910692811 	
2.66666531233869 	
0.999999674307175 	
3.16666371330005 	
1.49999955366899 	
2.16666473976386 	
1.49999909616882 	
0.999999685543246 	
1.99999966981956 	
0.999999955750158 	
0 	
1.49999933862931 	
0.999999834909781 	
2.666664661164 	
0.999999674307175 	
3.1666642759462 	
1.99999871739625 	
1.9999990808059 	
