2.16666558834941 	
3.49999709768181 	
4.9999960938918 	
0 	
1.99999849322372 	
3.49999766134932 	
0 	
2.99999743898335 	
0 	
2.16666508705642 	
0.999999243488919 	
2.66666420484909 	
2.4999977233637 	
4.49999443896679 	
2.49999931067901 	
3.49999832332707 	
3.66666312106264 	
3.49999674994597 	
1.99999877993995 	
0.999999674307175 	
3.66666359454006 	
1.49999909616882 	
2.49999826320736 	
1.66666558780783 	
1.66666613259297 	
4.49999612765503 	
2.666664661164 	
1.9999990808059 	
0 	
3.99999660581861 	
0 	
1.49999909616882 	
4.166664049567 	
0.999999151454652 	
3.49999779154078 	
2.49999832298266 	
1.99999835976479 	
1.49999896676208 	
3.49999814716105 	
1.66666545971434 	
1.99999877993995 	
1.99999926437223 	
1.9999990475393 	
3.16666413986896 	
0 	
3.66666313973994 	
2.49999766510279 	
3.99999644971017 	
4.49999490242801 	
1.99999902004215 	
2.16666558834941 	
3.49999709768181 	
4.9999960938918 	
0 	
1.99999849322372 	
3.49999766134932 	
0 	
2.99999743898335 	
0 	
2.16666508705642 	
0.999999243488919 	
2.66666420484909 	
2.4999977233637 	
4.49999443896679 	
2.49999931067901 	
3.49999832332707 	
3.66666312106264 	
3.49999674994597 	
1.99999877993995 	
0.999999674307175 	
3.66666359454006 	
1.49999909616882 	
2.49999826320736 	
1.66666558780783 	
1.66666613259297 	
4.49999612765503 	
2.666664661164 	
1.9999990808059 	
0 	
3.99999660581861 	
0 	
1.49999909616882 	
4.166664049567 	
0.999999151454652 	
3.49999779154078 	
2.49999832298266 	
1.99999835976479 	
1.49999896676208 	
3.49999814716105 	
1.66666545971434 	
1.99999877993995 	
1.99999926437223 	
1.9999990475393 	
2.16666558834941 	
3.49999709768181 	
4.9999960938918 	
0 	
1.99999849322372 	
3.49999766134932 	
0 	
2.99999743898335 	
0 	
2.16666508705642 	
3.66666359454006 	
1.49999909616882 	
2.49999826320736 	
1.66666558780783 	
1.66666613259297 	
4.49999612765503 	
2.666664661164 	
1.9999990808059 	
0 	
3.99999660581861 	
