0 	
0.999999552828005 	
0 	
1.6666653607715 	
0 	
0 	
1.49999933862931 	
0 	
0.999999685543246 	
0 	
0.999999834909781 	
0 	
1.9999990808059 	
2.49999868368493 	
0.999999955750158 	
1.49999959300891 	
0.999999488332764 	
0 	
0 	
0 	
1.99999947878987 	
0 	
0.999999648406347 	
2.49999892545067 	
0.999999834909781 	
0.999999648406347 	
0 	
0 	
0 	
2.16666558834941 	
0 	
0.999999481250932 	
1.49999980424771 	
0 	
3.1666640988003 	
0 	
1.9999991993596 	
0 	
0.999999685543246 	
0 	
0 	
0 	
0.999999834909781 	
0 	
0.999999685543246 	
0 	
0 	
3.1666643367222 	
1.66666613259297 	
0 	
0 	
0.999999488332764 	
0 	
1.66666542468013 	
0.999999648406347 	
0 	
1.49999933862931 	
0 	
0.999999685543246 	
0 	
0.999999834909781 	
0 	
1.9999990808059 	
2.49999868368493 	
0.999999955750158 	
1.49999959300891 	
0.999999488332764 	
0 	
0 	
0 	
1.99999947878987 	
0 	
0.999999648406347 	
2.49999892545067 	
0.999999834909781 	
0.999999648406347 	
0 	
0 	
0 	
2.16666558834941 	
0 	
0.999999481250932 	
1.49999980424771 	
0 	
3.1666640988003 	
0 	
1.9999991993596 	
0 	
0.999999685543246 	
0 	
0 	
0 	
0.999999834909781 	
0 	
0.999999685543246 	
0 	
0 	
3.1666643367222 	
1.66666613259297 	
0 	
1.49999933862931 	
0 	
0.999999685543246 	
0 	
0.999999834909781 	
0 	
1.9999990808059 	
2.49999868368493 	
0.999999955750158 	
1.49999959300891 	
0 	
0 	
0 	
2.16666558834941 	
0 	
0.999999481250932 	
1.49999980424771 	
0 	
3.1666640988003 	
0 	
