5.16666112954484 	
0.999999075432228 	
3.49999614219821 	
3.4999965796346 	
5.8888815090911 	
5.38888073403967 	
2.99999708252962 	
3.99999614514987 	
4.88888241199824 	
6.16665905150064 	
5.49999497327953 	
2.99999800446047 	
5.66666037624943 	
4.49999568890662 	
4.16666238270235 	
5.38888076890791 	
3.16666313859624 	
0 	
3.16666473613083 	
2.99999800446047 	
1.99999875789179 	
0.999999151454652 	
6.16665974365539 	
0.999999358698125 	
3.99999571037646 	
3.99999544994367 	
3.88888487284829 	
3.49999766134932 	
5.38888085203655 	
4.66666188462636 	
0.999999674307175 	
3.16666340396677 	
5.88888196635645 	
3.99999644971017 	
0.999999151454652 	
5.8888815090911 	
7.38887804706251 	
5.49999445873246 	
2.49999805430467 	
3.49999822577306 	
5.66666147566989 	
3.66666381091454 	
4.66666205804994 	
4.49999636765262 	
4.66666115382696 	
3.66666211654598 	
5.99999321496271 	
2.49999766817373 	
3.49999709768181 	
3.99999571037646 	
5.16666112954484 	
0.999999075432228 	
3.49999614219821 	
3.4999965796346 	
5.8888815090911 	
5.38888073403967 	
2.99999708252962 	
3.99999614514987 	
4.88888241199824 	
6.16665905150064 	
5.49999497327953 	
2.99999800446047 	
5.66666037624943 	
4.49999568890662 	
4.16666238270235 	
5.38888076890791 	
3.16666313859624 	
0 	
3.16666473613083 	
2.99999800446047 	
1.99999875789179 	
0.999999151454652 	
6.16665974365539 	
0.999999358698125 	
3.99999571037646 	
3.99999544994367 	
3.88888487284829 	
3.49999766134932 	
5.38888085203655 	
4.66666188462636 	
0.999999674307175 	
3.16666340396677 	
5.88888196635645 	
3.99999644971017 	
0.999999151454652 	
5.8888815090911 	
7.38887804706251 	
5.49999445873246 	
2.49999805430467 	
3.49999822577306 	
5.66666147566989 	
3.66666381091454 	
4.66666205804994 	
5.16666112954484 	
0.999999075432228 	
3.49999614219821 	
3.4999965796346 	
5.8888815090911 	
5.38888073403967 	
2.99999708252962 	
3.99999614514987 	
4.88888241199824 	
6.16665905150064 	
1.99999875789179 	
0.999999151454652 	
6.16665974365539 	
0.999999358698125 	
3.99999571037646 	
3.99999544994367 	
3.88888487284829 	
3.49999766134932 	
5.38888085203655 	
4.66666188462636 	
