5.38888169278008 	
3.6666627770643 	
4.49999600187075 	
4.9999960938918 	
4.88888220069092 	
5.38888257105523 	
1.49999909616882 	
2.49999764728607 	
3.49999706620938 	
3.16666371330005 	
4.16666236787906 	
4.88888182856542 	
3.38888569810101 	
3.16666295848139 	
4.6666609777345 	
4.16666362163987 	
1.66666518538555 	
3.99999713402148 	
1.66666558780783 	
6.88887939385277 	
5.38888157021719 	
3.49999675898705 	
2.66666441635385 	
0 	
2.99999834742497 	
4.16666458670154 	
2.66666531233869 	
4.99999472222598 	
4.88888353907033 	
4.3888841724366 	
2.99999877752949 	
3.66666340234203 	
0.999999151454652 	
0.999999151454652 	
0.999999481250932 	
0 	
2.16666504190405 	
2.99999890404468 	
0.999999648406347 	
2.99999757564628 	
3.16666350811943 	
1.49999944158655 	
2.66666461891643 	
2.99999790325614 	
1.99999966981956 	
3.99999633435817 	
2.66666428971385 	
0.999999151454652 	
3.99999673880044 	
1.66666558780783 	
5.38888169278008 	
3.6666627770643 	
4.49999600187075 	
4.9999960938918 	
4.88888220069092 	
5.38888257105523 	
1.49999909616882 	
2.49999764728607 	
3.49999706620938 	
3.16666371330005 	
4.16666236787906 	
4.88888182856542 	
3.38888569810101 	
3.16666295848139 	
4.6666609777345 	
4.16666362163987 	
1.66666518538555 	
3.99999713402148 	
1.66666558780783 	
6.88887939385277 	
5.38888157021719 	
3.49999675898705 	
2.66666441635385 	
0 	
2.99999834742497 	
4.16666458670154 	
2.66666531233869 	
4.99999472222598 	
4.88888353907033 	
4.3888841724366 	
2.99999877752949 	
3.66666340234203 	
0.999999151454652 	
0.999999151454652 	
0.999999481250932 	
0 	
2.16666504190405 	
2.99999890404468 	
0.999999648406347 	
2.99999757564628 	
3.16666350811943 	
1.49999944158655 	
2.66666461891643 	
5.38888169278008 	
3.6666627770643 	
4.49999600187075 	
4.9999960938918 	
4.88888220069092 	
5.38888257105523 	
1.49999909616882 	
2.49999764728607 	
3.49999706620938 	
3.16666371330005 	
5.38888157021719 	
3.49999675898705 	
2.66666441635385 	
0 	
2.99999834742497 	
4.16666458670154 	
2.66666531233869 	
4.99999472222598 	
4.88888353907033 	
4.3888841724366 	
