4.88888275626144 	
0.999999632186113 	
0 	
0.999999632186113 	
0.999999648406347 	
2.99999783061499 	
0 	
0.999999690865243 	
0.99999962606188 	
0 	
0.999999685543246 	
2.49999868368493 	
0 	
0 	
0 	
0.999999955750158 	
0.999999481250932 	
0 	
1.49999946916253 	
0.999999410540692 	
1.4999994342632 	
0 	
1.49999980424771 	
2.16666590336558 	
1.66666595839262 	
3.49999781285873 	
1.99999929864009 	
0 	
0.999999834909781 	
0 	
0.999999685543246 	
0 	
1.49999980424771 	
0 	
0 	
0 	
3.66666359454006 	
1.99999928958687 	
0 	
0.999999834909781 	
0.999999533150113 	
0 	
2.66666499876353 	
0 	
0 	
2.49999851522451 	
0 	
0 	
0.999999648406347 	
0 	
0 	
0 	
0.999999834909781 	
0 	
0.999999648406347 	
2.99999783061499 	
0 	
0.999999690865243 	
0.99999962606188 	
0 	
0.999999685543246 	
2.49999868368493 	
0 	
0 	
0 	
0.999999955750158 	
0.999999481250932 	
0 	
1.49999946916253 	
0.999999410540692 	
1.4999994342632 	
0 	
1.49999980424771 	
2.16666590336558 	
1.66666595839262 	
3.49999781285873 	
1.99999929864009 	
0 	
0.999999834909781 	
0 	
0.999999685543246 	
0 	
1.49999980424771 	
0 	
0 	
0 	
3.66666359454006 	
1.99999928958687 	
0 	
0.999999834909781 	
0.999999533150113 	
0 	
2.66666499876353 	
0 	
0 	
2.49999851522451 	
0 	
0 	
0.999999648406347 	
2.99999783061499 	
0 	
0.999999690865243 	
0.99999962606188 	
0 	
0.999999685543246 	
2.49999868368493 	
0 	
0 	
1.66666595839262 	
3.49999781285873 	
1.99999929864009 	
0 	
0.999999834909781 	
0 	
0.999999685543246 	
0 	
1.49999980424771 	
0 	
