0 	
1.49999945202234 	
1.66666563267654 	
0.999999674307175 	
3.16666398370555 	
0 	
0.999999648406346 	
0 	
0 	
3.16666484382173 	
1.66666545971434 	
0.999999648406347 	
1.49999933862931 	
0.999999552828005 	
1.99999900794397 	
1.99999928958687 	
1.99999900820924 	
0 	
0.999999459819545 	
0 	
1.99999871739625 	
0.999999955750158 	
0.999999955750158 	
2.99999783411111 	
0 	
0.999999955750158 	
0.999999481250932 	
0.999999632186113 	
0 	
0 	
3.49999803110584 	
0 	
2.16666489912407 	
0.999999955750158 	
0.999999834909781 	
0.999999955750158 	
2.66666539084541 	
1.99999877993995 	
0 	
0.999999533150113 	
0 	
0 	
0 	
1.49999933862931 	
0.999999674307175 	
0.999999533150113 	
1.49999933862931 	
3.16666371330005 	
0 	
0 	
0 	
0 	
2.66666499876353 	
0.999999358698125 	
1.49999888111502 	
0 	
0 	
0 	
0 	
3.16666484382173 	
1.66666545971434 	
0.999999648406347 	
1.49999933862931 	
0.999999552828005 	
1.99999900794397 	
1.99999928958687 	
1.99999900820924 	
0 	
0.999999459819545 	
0 	
1.99999871739625 	
0.999999955750158 	
0.999999955750158 	
2.99999783411111 	
0 	
0.999999955750158 	
0.999999481250932 	
0.999999632186113 	
0 	
0 	
3.49999803110584 	
0 	
2.16666489912407 	
0.999999955750158 	
0.999999834909781 	
0.999999955750158 	
2.66666539084541 	
1.99999877993995 	
0 	
0.999999533150113 	
0 	
0 	
0 	
1.49999933862931 	
0.999999674307175 	
0.999999533150113 	
1.49999933862931 	
3.16666371330005 	
0 	
0 	
0 	
0 	
0 	
3.16666484382173 	
1.66666545971434 	
0.999999648406347 	
1.49999933862931 	
0.999999552828005 	
1.99999900794397 	
1.99999928958687 	
1.99999900820924 	
0.999999632186113 	
0 	
0 	
3.49999803110584 	
0 	
2.16666489912407 	
0.999999955750158 	
0.999999834909781 	
0.999999955750158 	
2.66666539084541 	
