5.16666054299003 	
7.38887800297947 	
5.8888815090911 	
5.38888263398137 	
4.88888229131239 	
4.66666190537048 	
4.8888833144553 	
4.16666146551051 	
6.38888020421559 	
3.6666634111587 	
5.88888090106999 	
1.9999983029093 	
2.4999982163849 	
4.99999516839046 	
4.16666343667679 	
6.38887993417112 	
6.16665905150064 	
5.16666161791525 	
0 	
6.38887955935633 	
4.49999630225836 	
2.49999851522451 	
2.66666441635385 	
5.38888216894768 	
5.38888245828834 	
6.38887916342289 	
3.6666634111587 	
3.99999670952393 	
4.16666313307375 	
6.38888047834129 	
2.99999798688977 	
4.88888195368846 	
6.16665975871837 	
6.38888079459174 	
7.38887781728683 	
4.49999559050588 	
5.99999321496271 	
5.88888068752629 	
5.16666316789342 	
5.88888057184804 	
4.88888353907033 	
6.66665950479912 	
2.49999764728607 	
2.49999851522451 	
4.88888182856542 	
5.8888815090911 	
5.38888085203655 	
4.66666133977323 	
4.6666635860557 	
5.66666037624943 	
5.16666054299003 	
7.38887800297947 	
5.8888815090911 	
5.38888263398137 	
4.88888229131239 	
4.66666190537048 	
4.8888833144553 	
4.16666146551051 	
6.38888020421559 	
3.6666634111587 	
5.88888090106999 	
1.9999983029093 	
2.4999982163849 	
4.99999516839046 	
4.16666343667679 	
6.38887993417112 	
6.16665905150064 	
5.16666161791525 	
0 	
6.38887955935633 	
4.49999630225836 	
2.49999851522451 	
2.66666441635385 	
5.38888216894768 	
5.38888245828834 	
6.38887916342289 	
3.6666634111587 	
3.99999670952393 	
4.16666313307375 	
6.38888047834129 	
2.99999798688977 	
4.88888195368846 	
6.16665975871837 	
6.38888079459174 	
7.38887781728683 	
4.49999559050588 	
5.99999321496271 	
5.88888068752629 	
5.16666316789342 	
5.88888057184804 	
4.88888353907033 	
6.66665950479912 	
2.49999764728607 	
5.16666054299003 	
7.38887800297947 	
5.8888815090911 	
5.38888263398137 	
4.88888229131239 	
4.66666190537048 	
4.8888833144553 	
4.16666146551051 	
6.38888020421559 	
3.6666634111587 	
4.49999630225836 	
2.49999851522451 	
2.66666441635385 	
5.38888216894768 	
5.38888245828834 	
6.38887916342289 	
3.6666634111587 	
3.99999670952393 	
4.16666313307375 	
6.38888047834129 	
