4.49999602844088 	
4.16666259078349 	
4.88888208180598 	
4.99999520665563 	
3.88888417791014 	
4.88888221546485 	
4.49999443896679 	
4.4999952772725 	
3.6666641039685 	
2.49999805430467 	
1.99999829502652 	
6.99999187679008 	
4.49999630225836 	
4.16666238270235 	
2.66666428971385 	
4.88888241199824 	
5.49999435865867 	
3.88888442748962 	
6.66665692304757 	
5.16665972507491 	
5.88888024679422 	
4.66666049008361 	
5.49999487261399 	
4.88888182856542 	
2.49999805430467 	
4.8888814139516 	
6.16665974365539 	
6.88887939385277 	
3.99999602307743 	
4.9999951907437 	
3.16666253928101 	
3.16666340396677 	
1.99999866720991 	
1.99999815086445 	
5.49999525803354 	
3.49999788504273 	
4.16666292978388 	
6.38887996824525 	
3.16666340396677 	
5.88888144895879 	
4.88888182856542 	
4.16666213161042 	
1.49999909616882 	
4.99999470321098 	
5.3888818535084 	
6.38887996824525 	
4.16666458670154 	
5.8888815090911 	
2.99999798688977 	
5.38888197168186 	
4.49999602844088 	
4.16666259078349 	
4.88888208180598 	
4.99999520665563 	
3.88888417791014 	
4.88888221546485 	
4.49999443896679 	
4.4999952772725 	
3.6666641039685 	
2.49999805430467 	
1.99999829502652 	
6.99999187679008 	
4.49999630225836 	
4.16666238270235 	
2.66666428971385 	
4.88888241199824 	
5.49999435865867 	
3.88888442748962 	
6.66665692304757 	
5.16665972507491 	
5.88888024679422 	
4.66666049008361 	
5.49999487261399 	
4.88888182856542 	
2.49999805430467 	
4.8888814139516 	
6.16665974365539 	
6.88887939385277 	
3.99999602307743 	
4.9999951907437 	
3.16666253928101 	
3.16666340396677 	
1.99999866720991 	
1.99999815086445 	
5.49999525803354 	
3.49999788504273 	
4.16666292978388 	
6.38887996824525 	
3.16666340396677 	
5.88888144895879 	
4.88888182856542 	
4.16666213161042 	
1.49999909616882 	
4.49999602844088 	
4.16666259078349 	
4.88888208180598 	
4.99999520665563 	
3.88888417791014 	
4.88888221546485 	
4.49999443896679 	
4.4999952772725 	
3.6666641039685 	
2.49999805430467 	
5.88888024679422 	
4.66666049008361 	
5.49999487261399 	
4.88888182856542 	
2.49999805430467 	
4.8888814139516 	
6.16665974365539 	
6.88887939385277 	
3.99999602307743 	
4.9999951907437 	
