1.49999933862931 	
1.66666545971434 	
0 	
0.999999488332764 	
0 	
1.49999888111502 	
0 	
0 	
0.999999243488919 	
1.49999980424771 	
0 	
1.66666545971434 	
1.99999929864009 	
0 	
0.999999552828005 	
0.999999674307175 	
1.99999929864009 	
0 	
0 	
1.99999928958687 	
0 	
0.999999674307175 	
2.49999829124605 	
0.999999690865243 	
0.999999674307175 	
2.49999882083344 	
2.49999875831624 	
0.999999834909781 	
1.66666592369118 	
4.99999537716113 	
0 	
0 	
0 	
1.49999955366899 	
0.999999674307175 	
0.999999834909781 	
2.49999850570998 	
1.9999990475393 	
1.99999868409949 	
0.999999874489039 	
0 	
0.999999648406347 	
0 	
0 	
0 	
0 	
0 	
0 	
1.99999929864009 	
1.66666617029887 	
0 	
3.49999766134932 	
1.99999928958687 	
0 	
1.99999904404838 	
2.49999875831624 	
0 	
0 	
0.999999243488919 	
1.49999980424771 	
0 	
1.66666545971434 	
1.99999929864009 	
0 	
0.999999552828005 	
0.999999674307175 	
1.99999929864009 	
0 	
0 	
1.99999928958687 	
0 	
0.999999674307175 	
2.49999829124605 	
0.999999690865243 	
0.999999674307175 	
2.49999882083344 	
2.49999875831624 	
0.999999834909781 	
1.66666592369118 	
4.99999537716113 	
0 	
0 	
0 	
1.49999955366899 	
0.999999674307175 	
0.999999834909781 	
2.49999850570998 	
1.9999990475393 	
1.99999868409949 	
0.999999874489039 	
0 	
0.999999648406347 	
0 	
0 	
0 	
0 	
0 	
0 	
1.99999929864009 	
1.66666617029887 	
0 	
0 	
0.999999243488919 	
1.49999980424771 	
0 	
1.66666545971434 	
1.99999929864009 	
0 	
0.999999552828005 	
0.999999674307175 	
2.49999875831624 	
0.999999834909781 	
1.66666592369118 	
4.99999537716113 	
0 	
0 	
0 	
1.49999955366899 	
0.999999674307175 	
0.999999834909781 	
