0 	
1.4999994342632 	
0 	
1.49999945202234 	
0.999999552828005 	
0.999999648406347 	
0 	
0.999999674307175 	
0 	
0 	
0 	
0.99999962606188 	
0.999999632186113 	
0 	
0 	
0.999999955750158 	
0.999999648406347 	
2.66666539084541 	
0 	
0 	
0 	
0.99999962606188 	
0.999999834909781 	
0.999999358698125 	
0.999999834909781 	
3.49999803110584 	
0 	
1.9999990808059 	
0 	
0 	
0 	
0 	
0 	
0.999999834909781 	
0.999999552828005 	
2.49999842879065 	
0 	
2.16666473976386 	
0.999999955750158 	
0 	
0 	
0 	
0 	
0 	
1.99999849709127 	
0 	
1.99999929864009 	
0 	
0 	
1.49999980424771 	
0.999999955750158 	
0 	
0 	
0.999999834909781 	
0.999999552828005 	
0.999999648406347 	
0 	
0.999999674307175 	
0 	
0 	
0 	
0.99999962606188 	
0.999999632186113 	
0 	
0 	
0.999999955750158 	
0.999999648406347 	
2.66666539084541 	
0 	
0 	
0 	
0.99999962606188 	
0.999999834909781 	
0.999999358698125 	
0.999999834909781 	
3.49999803110584 	
0 	
1.9999990808059 	
0 	
0 	
0 	
0 	
0 	
0.999999834909781 	
0.999999552828005 	
2.49999842879065 	
0 	
2.16666473976386 	
0.999999955750158 	
0 	
0 	
0 	
0 	
0 	
1.99999849709127 	
0 	
1.99999929864009 	
0 	
0.999999552828005 	
0.999999648406347 	
0 	
0.999999674307175 	
0 	
0 	
0 	
0.99999962606188 	
0.999999632186113 	
0 	
0.999999834909781 	
3.49999803110584 	
0 	
1.9999990808059 	
0 	
0 	
0 	
0 	
0 	
0.999999834909781 	
