2.49999805430467 	
0 	
0.999999481250932 	
3.66666386593641 	
1.99999815086445 	
3.66666272506838 	
1.49999869334124 	
1.99999838369295 	
0.999999358698125 	
2.66666531233869 	
2.16666504190405 	
3.49999706620938 	
1.66666561994518 	
2.99999720982652 	
4.49999620831654 	
3.16666469086888 	
1.99999877993995 	
2.49999811683676 	
3.16666442435953 	
3.16666442435953 	
1.49999896676208 	
4.3888841724366 	
2.66666543151473 	
0.999999552828005 	
0.999999481250932 	
0 	
2.666664661164 	
3.16666295848139 	
5.49999497327953 	
1.9999991993596 	
0.999999834909781 	
1.99999928958687 	
3.99999713402148 	
1.99999890401956 	
2.16666438981237 	
0 	
3.66666485874884 	
2.99999785598174 	
4.99999554809711 	
1.49999909616882 	
3.4999979557844 	
3.16666381519609 	
0.999999674307175 	
3.49999747897205 	
0.999999955750158 	
4.49999494298797 	
1.99999909483913 	
2.49999917739919 	
1.66666545971434 	
5.49999497327953 	
2.66666461891643 	
0 	
0.999999481250932 	
3.66666386593641 	
1.99999815086445 	
3.66666272506838 	
1.49999869334124 	
1.99999838369295 	
0.999999358698125 	
2.66666531233869 	
2.16666504190405 	
3.49999706620938 	
1.66666561994518 	
2.99999720982652 	
4.49999620831654 	
3.16666469086888 	
1.99999877993995 	
2.49999811683676 	
3.16666442435953 	
3.16666442435953 	
1.49999896676208 	
4.3888841724366 	
2.66666543151473 	
0.999999552828005 	
0.999999481250932 	
0 	
2.666664661164 	
3.16666295848139 	
5.49999497327953 	
1.9999991993596 	
0.999999834909781 	
1.99999928958687 	
3.99999713402148 	
1.99999890401956 	
2.16666438981237 	
0 	
3.66666485874884 	
2.99999785598174 	
4.99999554809711 	
1.49999909616882 	
3.4999979557844 	
3.16666381519609 	
0.999999674307175 	
3.49999747897205 	
0 	
0.999999481250932 	
3.66666386593641 	
1.99999815086445 	
3.66666272506838 	
1.49999869334124 	
1.99999838369295 	
0.999999358698125 	
2.66666531233869 	
2.16666504190405 	
4.3888841724366 	
2.66666543151473 	
0.999999552828005 	
0.999999481250932 	
0 	
2.666664661164 	
3.16666295848139 	
5.49999497327953 	
1.9999991993596 	
0.999999834909781 	
