2.99999877752949 	
0 	
0 	
0 	
0 	
0 	
1.99999947878987 	
3.1666643367222 	
0 	
0 	
0 	
0 	
0 	
0.999999632186113 	
0.999999632186113 	
0 	
0 	
0 	
0 	
0 	
0 	
0 	
0 	
0 	
0 	
0.999999834909781 	
0 	
0 	
0 	
0 	
0 	
0 	
2.16666590336558 	
0.999999481250932 	
0 	
1.49999980424771 	
0.999999834909781 	
0 	
1.49999980424771 	
0 	
0 	
0 	
0 	
0 	
0 	
0.999999552828005 	
0 	
2.49999875831624 	
0 	
0 	
0 	
0 	
0 	
0 	
0.999999834909781 	
0 	
1.99999947878987 	
3.1666643367222 	
0 	
0 	
0 	
0 	
0 	
0.999999632186113 	
0.999999632186113 	
0 	
0 	
0 	
0 	
0 	
0 	
0 	
0 	
0 	
0 	
0.999999834909781 	
0 	
0 	
0 	
0 	
0 	
0 	
2.16666590336558 	
0.999999481250932 	
0 	
1.49999980424771 	
0.999999834909781 	
0 	
1.49999980424771 	
0 	
0 	
0 	
0 	
0 	
0 	
0.999999552828005 	
0 	
2.49999875831624 	
0 	
0 	
1.99999947878987 	
3.1666643367222 	
0 	
0 	
0 	
0 	
0 	
0.999999632186113 	
0.999999632186113 	
0.999999834909781 	
0 	
0 	
0 	
0 	
0 	
0 	
2.16666590336558 	
0.999999481250932 	
0 	
