3.99999233126512 	
0.999999834909781 	
1.4999992493788 	
0 	
2.49999813782426 	
0.999999392296995 	
0 	
0.999999955750158 	
1.99999496701909 	
0 	
0 	
0.999999481250932 	
5.99998679686394 	
0 	
0.999999625450423 	
0.999999674307175 	
4.99999084570885 	
0.999999746982215 	
6.49998444865947 	
3.99999267656708 	
1.99999894104466 	
7.49998486432239 	
2.24999789379201 	
6.99998490765512 	
2.49999845850451 	
4.99999002145586 	
3.99999703772028 	
3.99999336739229 	
3.99999382965692 	
3.99999788208931 	
2.49999444103505 	
0.999999271778113 	
0.999997422071324 	
4.49998976093208 	
2.99999811297737 	
3.99999138938895 	
7.99998042738583 	
3.99999222718057 	
1.99999926437223 	
1.99999934861435 	
1.49999952831487 	
1.99999790099917 	
1.99999871739625 	
4.49999003187094 	
3.99999103499604 	
5.99998357366909 	
0.999999632186113 	
3.99999151842872 	
0.999999674307175 	
5.99998802574702 	
1.49999980424771 	
3.24999698974755 	
0.999999625450423 	
1.99999790099917 	
6.49998555258534 	
0.999999151454652 	
0.999999834909781 	
0.999999364845566 	
0 	
0.999999625450423 	
1.99999894104466 	
5.99998837179837 	
0 	
4.9999882192706 	
4.9999882192706 	
4.4999956346988 	
2.49999760690388 	
3.99999267656708 	
1.49999876307492 	
4.99998967563047 	
1.49999980424771 	
0 	
0 	
0.999999955750158 	
2.99999889655834 	
0 	
7.99998390854312 	
5.99998750241266 	
0.999999834909781 	
1.99999931263766 	
4.49998976093208 	
0 	
0 	
0 	
1.99999934861435 	
0 	
1.99999905893944 	
1.49999860311264 	
0 	
6.99998578721191 	
0.999999674307175 	
2.49999800989876 	
5.99998970965525 	
0.999999834909781 	
0.999999674307175 	
1.99999861524161 	
6.49999203952815 	
5.99998837179837 	
4.49999473209259 	
0 	
0.999999358698125 	
1.99999600858235 	
2.99999817778914 	
0.999998923012306 	
3.49999738221071 	
4.4999883923357 	
1.99999569469448 	
1.99999833751845 	
2.99999836178995 	
0.999999834909781 	
