0.999999706003063 	
2.49999931067901 	
3.99999035952564 	
2.99999339843197 	
1.49999911581104 	
0 	
2.99999450742531 	
1.99999894104466 	
8.49997942153137 	
0 	
0 	
1.99999934861435 	
0 	
1.49999955366899 	
0.999999955750158 	
0.999999151454652 	
0 	
0.999999674307175 	
1.49999955366899 	
0 	
0 	
0.999999834909781 	
0 	
2.99999836178995 	
0.999999674307175 	
1.99999484414265 	
1.99999949396443 	
0.999999674307175 	
0.999999955750158 	
3.99999160861915 	
1.49999932924201 	
3.499992447017 	
0 	
0 	
0.999999834909781 	
0.999999834909781 	
0 	
3.49999743087329 	
1.99999818104543 	
0 	
2.99999855923089 	
3.99999096980088 	
0 	
0.999999625450423 	
0 	
0 	
0.999999480761447 	
1.99999949396443 	
0 	
0.999999834909781 	
0 	
3.99999201716469 	
0.999999955750158 	
1.99999931263766 	
0 	
2.99999817778914 	
3.99999138938895 	
0.999999874489039 	
1.99999894104466 	
0 	
0 	
0 	
0 	
0.999999480761447 	
0 	
0 	
0 	
2.99999093822944 	
1.99999872969113 	
0 	
0 	
0 	
0 	
0 	
2.99999339843197 	
3.99999055508949 	
3.99999132154422 	
0.999999834909781 	
5.49998761505028 	
0 	
0 	
0 	
0 	
0.999999834909781 	
0 	
0.999999834909781 	
2.99999401287351 	
0.999999364845566 	
0.999999364845566 	
0 	
0 	
1.49999955366899 	
2.99999892372748 	
2.49999813782426 	
0 	
0 	
1.99999633828354 	
1.49999980424771 	
1.9999991944008 	
1.9999983029093 	
2.49999875736744 	
0 	
4.99998892699022 	
0 	
0.999999674307175 	
3.24999744210358 	
0 	
0 	
0 	
0 	
4.49999655367433 	
0 	
0 	
4.99998778261357 	
0 	
0.999999480761447 	
0.999999834909781 	
0 	
1.99999926437223 	
0 	
0.999999955750158 	
0.999999674307175 	
3.49999750633489 	
0 	
0 	
