5.99998682654386 	
0.999999955750158 	
5.99999005108844 	
2.49999927529708 	
0 	
0 	
0 	
2.24999893500729 	
0.999999632186113 	
0 	
0.999999481250932 	
0.999999874489039 	
0 	
0 	
2.99999401287351 	
0 	
0 	
0 	
0 	
1.49999945202234 	
0 	
0.999999834909781 	
0.999999834909781 	
0.999999481250932 	
0 	
2.49999817257178 	
0.999999746982215 	
0 	
0 	
2.99999407496585 	
0.999999674307175 	
0.999999674307175 	
0 	
0 	
0 	
0 	
0 	
2.49999931067901 	
0 	
0.999999674307175 	
0 	
1.99999861524161 	
2.99999354204172 	
0 	
0 	
0 	
1.999996028074 	
0 	
0 	
0 	
1.99999854355623 	
0 	
0 	
0 	
1.49999955366899 	
4.99999170924036 	
0.999999955750158 	
0 	
0 	
0 	
1.99999925090085 	
1.99999949396443 	
0.999999151454652 	
0 	
0.999999746982215 	
0 	
0 	
0.999999632186113 	
3.49999729280257 	
0 	
0.999999481250932 	
0.999999834909781 	
2.99999153051027 	
0.999999746982215 	
1.99999934861435 	
0 	
2.49999451334332 	
0.999999834909781 	
0 	
0 	
0.999999955750158 	
0 	
0.999999746982215 	
0 	
2.99999502554422 	
3.99999267656708 	
0 	
0 	
0.999999674307175 	
0.999999834909781 	
0.999999834909781 	
2.99999855923089 	
0 	
0.999999746982215 	
0.999998004291173 	
0.999999625450423 	
2.49999359075045 	
3.99999267656708 	
1.99999633828354 	
0 	
0 	
0.999999746982215 	
5.99998682654386 	
5.49998466053765 	
0 	
0 	
0.999999480761447 	
1.99999633828354 	
0 	
0.999999632186113 	
8.24998030079647 	
0 	
0 	
0.999998004291173 	
3.99999096980088 	
0.999997847347239 	
5.99998572974969 	
3.99999151842872 	
0 	
0 	
1.4999991831514 	
0 	
1.99999633828354 	
