1.9999996737167 	
1.99999914416878 	
0 	
0.99999985379626 	
0 	
0 	
0.999999834909781 	
0 	
1.99999914416878 	
0 	
1.99999896250186 	
0.999999834909781 	
2.99999818085065 	
1.9999996737167 	
1.99999928958687 	
0 	
1.99999897990202 	
0.999999358698125 	
0 	
0.999999855520611 	
2.9999980775029 	
0 	
1.9999996737167 	
1.49999933862931 	
0.999999748813936 	
1.99999966981956 	
1.99999947392119 	
0.999999464071826 	
0 	
0.999999855520611 	
0.999999685543246 	
0 	
0.999999855520611 	
2.99999812333015 	
0.999999955750158 	
0.999999834909781 	
0.999999955750158 	
1.9999996737167 	
1.99999947392119 	
0.999999703628503 	
1.4999994342632 	
0 	
0 	
1.99999896250186 	
1.99999840144513 	
4.99999550409286 	
0.999999955750158 	
0 	
0.999999666544599 	
1.49999980424771 	
0.999999674307175 	
0.999999236133907 	
1.99999928958687 	
0.999999748813936 	
0.999999464071826 	
1.99999892814365 	
1.99999914416878 	
0 	
0 	
0.999999552828006 	
0.999999666544599 	
0 	
1.9999996737167 	
1.9999993635404 	
0 	
0 	
2.49999936383076 	
1.99999914416878 	
0.999999666544599 	
0 	
0 	
4.24999701856329 	
0.999999666544599 	
0 	
0.999999748813936 	
1.9999989699658 	
0.999999955750158 	
1.9999989699658 	
1.99999914416878 	
0.999999834909781 	
1.99999894792271 	
0.999999855520611 	
0.999999464071826 	
2.99999818085065 	
0.999999855520611 	
0.999999632186113 	
0.999999666544599 	
1.99999934861435 	
0 	
1.99999949762787 	
0 	
0 	
0.999999834909781 	
0.999999955750158 	
0 	
0.999999666544599 	
4.49999629234428 	
0.999999834909781 	
0.99999962606188 	
0.999999552828006 	
