0 	
0.999999674307175 	
0 	
1.9999993330892 	
2.99999872786014 	
0.999999464071826 	
0.999999481250932 	
0.999999632186113 	
1.99999901866923 	
0 	
0.999999834909781 	
1.49999929000486 	
0.999999674307175 	
0.999999834909781 	
0.999999855520611 	
0 	
1.99999890401956 	
0.999999855520611 	
0.999999748813936 	
2.99999880819696 	
0.999999391670172 	
0.999999625291197 	
0 	
0.999999666544599 	
1.99999947392119 	
3.99999828833756 	
1.99999926437223 	
0 	
1.9999996737167 	
3.49999822699031 	
1.9999993330892 	
1.99999878334034 	
1.99999947392119 	
0.999999464071826 	
2.99999836018268 	
0.999999855520611 	
0.999999855520611 	
2.99999836630281 	
0.999999666544599 	
0.999999632186113 	
1.9999996737167 	
0.999999834909781 	
2.99999887351938 	
0 	
2.99999856151005 	
1.99999914416878 	
1.99999918908834 	
1.9999996737167 	
2.49999936383076 	
4.4999974196273 	
0.999999674307175 	
2.99999755223798 	
3.99999828833756 	
1.99999914416878 	
1.99999947392119 	
0 	
0 	
1.99999925667989 	
0 	
0.999999834909781 	
1.99999871739625 	
0.999999834909781 	
1.99999878334034 	
0.999999666544599 	
0.999999748813936 	
0.999999748813936 	
0.999999855520611 	
1.99999934861435 	
1.99999892814365 	
1.99999874036459 	
1.99999947392119 	
0.999999666544599 	
0 	
0.999999855520611 	
0.999999666544599 	
0.999999464071826 	
1.49999955366899 	
2.99999771793974 	
0.999999956897249 	
0 	
0 	
0.999999748813936 	
1.99999892814365 	
0.999999834909781 	
1.99999878334034 	
1.99999934861435 	
0.999999956897249 	
0 	
0.999999855520611 	
1.99999918908834 	
0.999999748813936 	
1.99999891008589 	
1.99999914416878 	
1.9999993330892 	
0 	
0.99999985379626 	
0 	
0.999999955750158 	
4.24999655318913 	
0 	
