0.999999674307175 	
1.9999996737167 	
0.999999666544599 	
0.999999703628503 	
0 	
0.999999748813936 	
0 	
0.999999956897249 	
0.999999481250932 	
0 	
0.999999391670172 	
0 	
0.999999834909781 	
0 	
0.999999748813936 	
1.99999900794397 	
0 	
0.999999674307175 	
0.999999625291197 	
0 	
1.99999901866923 	
1.99999892814365 	
0 	
1.49999955366899 	
3.74999741080591 	
0 	
2.4999993219391 	
0 	
0 	
1.99999949762787 	
2.99999800335733 	
0.999999834909781 	
0 	
0 	
0 	
1.9999996737167 	
0.999999748813936 	
0 	
1.99999949762787 	
0.999999666544599 	
0.999999077246953 	
0 	
0.999999552828006 	
0 	
1.99999927110994 	
0 	
1.99999878334034 	
0.999999955750158 	
2.99999803425132 	
0.999999236133907 	
