0.999999748813936 	
0.999999956897249 	
2.99999836018268 	
0.999999855520611 	
2.99999919507784 	
0.999999855520611 	
0.999999834909781 	
0.999999855520611 	
0.999999391670172 	
0 	
1.99999971104122 	
2.99999919507784 	
0.999999956897249 	
2.99999845214883 	
1.99999947392119 	
0.999999834909781 	
0.999999748813936 	
1.99999926437223 	
1.99999931812667 	
2.99999880819696 	
0.999999748813936 	
1.99999897990202 	
0.999999855520611 	
0 	
1.99999966981956 	
2.99999836018268 	
0.999999748813936 	
0 	
0 	
2.49999825838657 	
2.49999826012556 	
0.999999464071826 	
2.99999755223798 	
1.99999847226781 	
0.999999834909781 	
0.999999855520611 	
0.999999632186113 	
0.999999748813936 	
0.999999666544599 	
0.999999748813936 	
2.99999844848109 	
1.99999874036459 	
0.999999955750158 	
0.999999666544599 	
3.74999617531342 	
1.99999966981956 	
0.999999834909781 	
0 	
1.9999993330892 	
1.99999914416878 	
1.99999909483913 	
0.999999748813936 	
1.99999914416878 	
1.99999892814365 	
0.999999362001564 	
2.99999725638847 	
2.99999919507784 	
1.4999994342632 	
2.99999818085065 	
0.999999666544599 	
1.99999914416878 	
0.999999748813936 	
0.999999666544599 	
0.999999834909781 	
0.999999362001564 	
0 	
0.999999855520611 	
1.9999996737167 	
2.4999980368184 	
0.999999855520611 	
2.4999993219391 	
2.49999884646764 	
2.99999887351938 	
0.999999955750158 	
1.99999914416878 	
3.9999974253791 	
0 	
1.99999855673247 	
0.999999674307175 	
2.74999895190496 	
1.49999980424771 	
0 	
0.999999874489039 	
1.99999894792271 	
0.999999748813936 	
0.999999834909781 	
1.99999874036459 	
0 	
0.999999855520611 	
0.999999748813936 	
2.49999873388229 	
0 	
0 	
1.99999853979656 	
0.999999690865243 	
0.999999632186113 	
1.9999993635404 	
0.999999481250932 	
2.7499981798787 	
0.999999834909781 	
