0 	
0 	
0.999999685543246 	
0 	
0 	
0.999999748813936 	
0 	
0 	
0.999999674307175 	
0 	
0 	
0.999999874489039 	
0 	
0 	
0 	
0.999999674307175 	
0.999999834909781 	
0 	
0 	
0.999999855520611 	
0.999999834909781 	
0 	
0 	
0 	
0 	
0.999999855520611 	
0.999999464071826 	
0.999999855520611 	
0 	
0.999999855520611 	
0 	
0 	
0 	
1.49999980424771 	
0 	
0.99999985379626 	
0.999999748813936 	
0.999999748813936 	
0.999999956897249 	
0 	
0 	
0 	
0 	
0.999999955750158 	
1.9999996737167 	
0.999999855520611 	
0 	
0.999999674307175 	
0 	
0 	
0 	
0 	
0 	
0.999999955750158 	
0.999999748813936 	
0 	
0.999999674307175 	
0 	
0 	
0 	
2.99999880819696 	
0.999999955750158 	
0 	
0.999999855520611 	
0.99999985379626 	
0.999999855520611 	
0.999999552828005 	
0.999999834909781 	
0 	
0 	
0.999999748813936 	
0 	
0 	
1.99999930714605 	
0.999999834909781 	
0.999999855520611 	
0 	
0.999999674307175 	
0 	
2.99999872786014 	
0.999999874489039 	
0.999999956897249 	
0 	
0.999999855520611 	
0 	
0.999999748813936 	
0 	
0 	
0 	
0 	
0.999999956897249 	
1.9999993330892 	
0.999999956897249 	
0.999999955750158 	
0 	
0.999999748813936 	
0 	
0 	
0.999999956897249 	
0.999999748813936 	
