0.999999632186113 	
0.999999955750158 	
0 	
0.999999834909781 	
0 	
2.4999993219391 	
0 	
1.99999914416878 	
1.99999873165998 	
0 	
0.999999956897249 	
0 	
0 	
0.999999855520611 	
0.999999666544599 	
0 	
0 	
0 	
0.999999834909781 	
0.999999666544599 	
1.99999900794399 	
1.99999971104122 	
0 	
0 	
1.9999996737167 	
0 	
0 	
1.99999947392119 	
0 	
0 	
0.999999955750158 	
0.999999748813936 	
0 	
1.9999989699658 	
0 	
0 	
0 	
0.999999834909781 	
0 	
1.99999925667989 	
2.99999900120113 	
0.999999666544599 	
0 	
0.999999955750158 	
0 	
0 	
0.999999674307175 	
0.999999748813936 	
0.999999956897249 	
0.999999666544599 	
0 	
0 	
0.999999956897249 	
0 	
1.99999971104122 	
0 	
0.999999956897249 	
0 	
0 	
0.99999985379626 	
0.999999685543246 	
0 	
0.999999855520611 	
0.999999956897249 	
0 	
0 	
2.49999873388229 	
0 	
0 	
0 	
0.999999748813936 	
0.999999855520611 	
0.999999955750158 	
0 	
0 	
1.99999971104122 	
0 	
0 	
0 	
0.999999855520611 	
0.999999855520611 	
0.999999685543246 	
0 	
0 	
0 	
0 	
0.999999748813936 	
1.9999993330892 	
0.999999956897249 	
0 	
0 	
0.999999855520611 	
1.99999877022081 	
0 	
1.99999884208378 	
0 	
1.99999927110994 	
0 	
0.999999956897249 	
0.999999748813936 	
