1.9999996737167 	
0.999999855520611 	
0 	
0 	
0.999999955750158 	
0 	
0 	
0.999999464071826 	
0.999999955750158 	
0.999999674307175 	
1.99999923934276 	
0 	
0 	
0 	
0.999999666544599 	
0 	
0.999999956897249 	
0 	
0 	
1.9999993330892 	
0.999999834909781 	
2.99999903001437 	
0 	
0.999999685543246 	
0.999999748813936 	
0 	
0.999999956897249 	
1.99999971104122 	
0.99999962606188 	
1.99999947392119 	
0 	
0 	
0 	
0 	
1.99999971104122 	
0.999999955750158 	
0 	
0.999999855520611 	
0 	
0 	
0.999999855520611 	
0 	
0.999999632186113 	
0 	
0 	
0 	
0.999999855520611 	
1.9999996737167 	
0.999999391670172 	
0.999999956897249 	
1.99999914416878 	
0.999999855520611 	
0 	
0.999999855520611 	
0.999999855520611 	
0.999999834909781 	
0.999999855520611 	
0 	
0 	
0 	
0.999999855520611 	
0 	
0 	
0.999999956897249 	
2.49999904947793 	
0 	
0 	
0.999999855520611 	
0 	
0.999999464071826 	
0.99999985379626 	
0 	
0 	
0 	
0.999999685543246 	
0 	
0.999999855520611 	
0.999999955750158 	
0 	
0.999999666544599 	
0 	
0.999999748813936 	
0 	
0 	
0.999999834909781 	
0 	
0.999999834909781 	
0.999999464071826 	
1.99999925667989 	
0 	
0.999999748813936 	
0 	
0 	
0 	
0 	
0 	
1.49999980424771 	
0 	
0.999999955750158 	
0.999999674307175 	
