0 	
0 	
0 	
1.49999955366899 	
0.999999685543246 	
0 	
0 	
0 	
2.99999880819696 	
1.49999980424771 	
0.999999834909781 	
0 	
0 	
0 	
0.999999748813936 	
1.99999949762787 	
0 	
0 	
1.99999947392119 	
0 	
0.999999956897249 	
0 	
0.99999985379626 	
0.999999855520611 	
0 	
0 	
0.999999855520611 	
0 	
0 	
0 	
0 	
0.999999855520611 	
0 	
0 	
1.9999996737167 	
0 	
0 	
0 	
0.999999956897249 	
1.49999955366899 	
0 	
0.999999955750158 	
0 	
0.999999956897249 	
0.999999855520611 	
0.999999834909781 	
0 	
0 	
0.999999855520611 	
0 	
0 	
0 	
0.99999985379626 	
0 	
0 	
0.999999464071826 	
0 	
0 	
0 	
0 	
0 	
0 	
0.999999956897249 	
0 	
0 	
0 	
0 	
0 	
0 	
0.999999666544599 	
0 	
0 	
0 	
0.999999748813936 	
1.99999949762787 	
0 	
0.999999834909781 	
0 	
0.999999855520611 	
0.999999855520611 	
0.99999985379626 	
0.999999855520611 	
0 	
0.999999855520611 	
0.999999748813936 	
0.999999748813936 	
0 	
0.999999855520611 	
0 	
2.99999880819696 	
0 	
0.999999956897249 	
0 	
0 	
0 	
0.999999855520611 	
0 	
0.999999855520611 	
0.999999956897249 	
0.999999632186113 	
