1.99999928958687 	
0 	
0.999999391670172 	
2.99999845214883 	
0 	
2.99999822880234 	
0 	
2.99999903001437 	
0 	
2.99999822880234 	
0 	
1.99999819733131 	
2.74999774683744 	
0.999999834909781 	
2.99999836018268 	
3.24999780001096 	
3.99999671057995 	
1.9999996737167 	
0 	
2.99999839338749 	
2.99999800335733 	
2.99999845214883 	
1.99999851852175 	
2.99999901678715 	
1.99999914416878 	
1.99999904404838 	
0 	
3.49999757502939 	
0 	
1.99999900794399 	
2.99999903001437 	
1.99999971104122 	
0 	
0.999999834909781 	
3.99999723304449 	
1.99999932513795 	
0.999999533150113 	
0.999999956897249 	
1.99999878334034 	
3.99999714273381 	
3.24999795031597 	
2.99999872786014 	
0.999999748813936 	
0.99999962606188 	
1.99999928958687 	
1.9999993635404 	
2.49999873388229 	
4.99999610310399 	
1.99999927110994 	
2.99999892423165 	
0 	
0 	
4.74999521889967 	
1.99999892814365 	
1.499999440046 	
1.99999947392119 	
0.999999632186113 	
1.99999949678261 	
0.999999834909781 	
1.99999878334034 	
1.99999947392119 	
0.999999855520611 	
0 	
1.9999993330892 	
0 	
3.99999698164967 	
1.74999864733229 	
0.999999956897249 	
4.49999711659595 	
3.99999748668467 	
1.9999989699658 	
0 	
1.9999996737167 	
0.999999834909781 	
0.999999748813936 	
4.99999669283848 	
0.999999674307175 	
0.999999834909781 	
0 	
3.74999753857683 	
1.99999855607346 	
2.49999875736744 	
0 	
1.99999947392119 	
0.999999674307175 	
2.99999800335733 	
0.999999236133907 	
3.99999728469557 	
1.9999993635404 	
2.99999856151005 	
0 	
1.99999918908834 	
3.49999810200761 	
1.99999947392119 	
1.99999947392119 	
0.999999855520611 	
0.999999666544599 	
2.99999872496529 	
2.49999873388229 	
2.99999901678715 	
