5.24999443902339 	
0 	
6.62499133756072 	
9.49997828885678 	
7.49997921724843 	
8.49998598796795 	
9.12497556840314 	
0 	
1.49999945202234 	
11.1249664728675 	
1.99999790099917 	
9.74996832813059 	
3.49999862848395 	
6.49998898206048 	
4.71874645279294 	
12.6249618112071 	
8.749974879875 	
0 	
4.49999520644663 	
5.65971313436178 	
1.99999894104466 	
7.49997701345675 	
6.37499310522461 	
2.99999731313058 	
1.99999878934161 	
2.74999823660233 	
3.90971671373823 	
5.8124923342827 	
5.49999338249307 	
7.62498117787665 	
2.99999587236755 	
4.7499948108548 	
12.2499565398433 	
6.24999243818926 	
4.24999702576919 	
4.31249643098914 	
11.9999617201481 	
3.12499856831199 	
4.99999256160973 	
5.99999346926617 	
13.7499640975772 	
5.74999380913416 	
8.49998037808498 	
8.24997773491329 	
7.99998393566845 	
10.9999581961176 	
2.74999646750849 	
5.62499370586684 	
11.4096901513284 	
2.99999743486461 	
2.99999533711299 	
11.2499629737084 	
1.49999980424771 	
5.12499553881589 	
4.12499731276396 	
1.99999790099917 	
5.99999033827214 	
4.74999580551717 	
12.4999598517495 	
4.93749033241001 	
7.51040882626533 	
11.2499659288375 	
6.49999084522125 	
2.49999915209531 	
7.49998506376061 	
7.7499764519225 	
8.74997192200241 	
2.74999783985878 	
10.4999689123475 	
3.12499665851673 	
5.9999932373622 	
1.9999982342004 	
2.99999754788487 	
0.999999481250932 	
3.7499960602158 	
4.49999384281334 	
9.90968922781071 	
9.74997831469585 	
7.74998530034447 	
3.12499887130974 	
10.7499661707825 	
4.74999469424729 	
9.49997560166337 	
3.74999685099847 	
10.7499695518543 	
14.2499711294918 	
7.06248958420001 	
8.99997551082927 	
6.2499922482159 	
6.24998896067493 	
10.9999644008038 	
1.4999991831514 	
11.4999705430573 	
