5.24999443902339 	
11.409686207522 	
11.4999651793657 	
1.9999988064692 	
5.37498936040331 	
8.90970729347567 	
10.9999666395575 	
11.9999583077206 	
4.9999926025316 	
4.12499468641356 	
10.499977397321 	
3.12499856831199 	
11.9999616782519 	
13.7499576514691 	
2.74999673987177 	
11.7499631178793 	
11.0103876606178 	
11.1249640100751 	
2.74999783985878 	
10.9999704923972 	
3.99999624962798 	
5.74998938413167 	
11.9999685174297 	
8.56248418371523 	
6.99998876735644 	
5.9097151665022 	
4.62499573530963 	
9.99998071173962 	
6.65971258404071 	
5.24999560673606 	
2.74999666505783 	
9.49997823357671 	
3.49999826699734 	
12.7499624901611 	
8.74997444078072 	
8.87496481471929 	
4.99999339566584 	
4.4999968628883 	
4.71874535279865 	
7.15971073573051 	
8.56248687848745 	
3.74999633020806 	
7.12499042927262 	
11.4999650353598 	
8.4999789280995 	
1.99999900162489 	
12.7499617302765 	
13.1249622304802 	
7.74998518018612 	
3.7499960602158 	
8.06248706899667 	
3.74999789214643 	
4.12499478607465 	
10.4999681697225 	
8.24998297160045 	
7.90970730900225 	
12.7499581295628 	
8.24998178211555 	
4.9097176610072 	
9.40969630965472 	
3.74999448991669 	
3.12499809714255 	
10.7499702438604 	
11.7499627612635 	
5.40971340066658 	
6.24999095712231 	
7.3749899116798 	
5.90971413974622 	
2.74999738908406 	
9.99996545591427 	
9.12497321724754 	
11.6249640875817 	
12.4999621422343 	
5.4097151572187 	
2.74999704772144 	
3.74999448991669 	
3.12499809714255 	
3.12499737712998 	
4.74999348769902 	
4.49999591488155 	
10.7499743581257 	
