0 	
4.74999388661375 	
0.999999075432228 	
10.7187228082612 	
12.4999548203573 	
2.49999763042049 	
2.7499980742022 	
2.99999729695313 	
4.90970737716046 	
8.49997913918616 	
8.99997532539115 	
6.51040978212824 	
0 	
5.49998389669754 	
6.99997908506281 	
8.49998179583059 	
5.40971644681113 	
1.74999785042716 	
0 	
9.49997191265015 	
2.49999931067901 	
4.99999383371833 	
6.74997919139036 	
2.49999825838657 	
0 	
0 	
0.999999480761448 	
9.49997439570513 	
12.2499652151891 	
2.74999758530859 	
8.49997463754306 	
1.99999925090085 	
4.6249961775731 	
5.12499610792029 	
7.74997924596396 	
7.12497843193067 	
0.999999746982215 	
6.40971323620077 	
12.999961806074 	
1.99999818104543 	
7.49998013308635 	
7.99997743354565 	
6.49998415841796 	
3.12499709410958 	
10.2499703116007 	
10.4096889501714 	
4.24999565114335 	
1.99999756470929 	
6.51041072841217 	
1.49999952831487 	
0.999999364845566 	
10.9999666001889 	
1.99999937108649 	
0.999999364845566 	
1.99999854355623 	
7.49997886300814 	
5.99998473430161 	
6.99998533478217 	
0 	
0.999999151454652 	
4.12499492398331 	
5.99998668565741 	
4.49999588083887 	
9.74997520203501 	
9.24997156889925 	
9.9999692177378 	
8.99997224367911 	
6.74998590375009 	
2.7499980742022 	
4.24999642469543 	
6.90971152107767 	
1.49999893263319 	
0 	
9.24997559401837 	
0.999999746982215 	
7.49997979769293 	
10.4096860618409 	
3.99999079269923 	
6.49999136280426 	
0 	
0 	
4.9097156408068 	
0 	
3.49999612883582 	
3.74999564007233 	
2.74999835632591 	
0.999998923012306 	
9.9999688299143 	
6.12499213776877 	
5.74999277600519 	
3.74999685099847 	
6.74998403639239 	
1.99999750683481 	
4.7187467564999 	
7.49998134005401 	
9.74997608534412 	
7.74997869136898 	
8.99997623237821 	
4.99999417152115 	
9.62496784435952 	
