0 	
6.49998622346337 	
0 	
4.49999048503713 	
1.99999900162489 	
3.74999582732935 	
4.24999351981974 	
0 	
1.99999882108138 	
0.999999632186113 	
2.99999407496585 	
2.7499980742022 	
7.99998102037059 	
7.49998090817065 	
6.99998578721191 	
3.99999336739229 	
2.99999857435547 	
7.99997669024065 	
4.49998675892767 	
3.74999652940413 	
6.7499915245843 	
0 	
0 	
2.99999731313058 	
1.99999970759252 	
2.74999888109405 	
2.49999875318184 	
0 	
1.99999900162489 	
1.49999893263319 	
2.7499980742022 	
1.49999848696529 	
6.99998340888316 	
1.99999882108138 	
4.90971473839019 	
0 	
10.9999709340097 	
0 	
0 	
1.99999970759252 	
3.99999799924455 	
5.99998837179837 	
1.99999937108649 	
1.99999937108649 	
2.99999836630281 	
0 	
0 	
1.49999932924201 	
1.49999945202234 	
0 	
0 	
3.9999896882853 	
0 	
0 	
3.74999736164879 	
1.49999980424771 	
0.999999674307175 	
2.99999151999294 	
1.49999980424771 	
3.74999582732935 	
5.12499391624624 	
5.24999560673606 	
0 	
5.24999439558272 	
8.999982437593 	
3.12499856831199 	
0 	
5.99998444683076 	
8.49997766748241 	
1.9999981710566 	
6.99998365693277 	
9.90969241306352 	
3.74999789214643 	
6.99998294928808 	
2.49999800989876 	
0.999999271778114 	
6.49998807117096 	
1.99999894104466 	
2.74999738908406 	
4.99998849087404 	
1.99999458892901 	
2.99999911337028 	
0 	
1.99999878934161 	
3.90971862752453 	
3.12499887130974 	
3.49999862848395 	
5.49999508067915 	
0 	
8.49997967303069 	
9.12497542917985 	
0.999999090522717 	
6.74997919139036 	
0 	
5.99998708408344 	
8.49997790781822 	
4.49998940210613 	
5.12499391624624 	
1.99999970759252 	
9.31247221920184 	
