1.99999925090085 	
0 	
1.99999539634961 	
3.99999201716469 	
0 	
0.999999480761448 	
0.999999364845566 	
1.49999911581104 	
0.999999674307175 	
0 	
0 	
0 	
0.999999674307175 	
0 	
6.74998446021907 	
1.99999910565601 	
1.99999970759252 	
0 	
5.99999005108844 	
0 	
0 	
0 	
2.99999502554422 	
0 	
0 	
0.999999955750158 	
0 	
0.999998004291173 	
0 	
0 	
1.99999937108649 	
3.49999068064328 	
0 	
1.99999539634961 	
0 	
2.99999743486461 	
2.99999401287352 	
0 	
2.99999401287352 	
0 	
0 	
0 	
1.99999937108649 	
0 	
5.74998684857334 	
4.99998848090763 	
1.99999833751845 	
3.49999000308987 	
2.49999901820232 	
2.49999927529708 	
2.99999354204172 	
2.99999895380229 	
2.74999776667512 	
0.999999151454652 	
3.49999241001926 	
0 	
4.74998814966246 	
0 	
4.49999124174325 	
1.99999970759252 	
4.99999170924036 	
0 	
1.99999539634961 	
2.99999266956814 	
0 	
0 	
0.999999834909781 	
1.49999980424771 	
0 	
0 	
0 	
0.999999364845566 	
0.999999480761447 	
0 	
0.999999674307175 	
1.99999937108649 	
0 	
0.999999625450423 	
2.99999401287352 	
0.999999625450423 	
0 	
2.99999450742531 	
0 	
1.99999600858235 	
0 	
0 	
0 	
0 	
0.999997422071323 	
5.49998620152994 	
1.99999937108649 	
0 	
4.49998940210613 	
0 	
0 	
0 	
0 	
2.74999888109405 	
0 	
2.74999866212173 	
