10.7499718721928 	
10.2499741519817 	
2.49999760363629 	
6.49998286978493 	
0 	
3.74999534007691 	
11.2499661622219 	
0 	
1.99999708269133 	
4.74999581884985 	
11.7499630460226 	
12.2499593592787 	
8.99997843779979 	
3.74999582732935 	
5.99999395574081 	
4.24999351981974 	
3.74999597943103 	
6.24999222244262 	
3.74999789214643 	
0.999999364845566 	
1.99999926941578 	
2.74999866212173 	
6.74998216149504 	
2.49999608207606 	
1.99999925212376 	
0 	
7.99997548209009 	
10.7499647078578 	
12.7187161737384 	
12.4999622640642 	
3.49999629531062 	
3.99999622146737 	
4.49998976093208 	
2.74999866212173 	
10.4999739160135 	
11.9999591880006 	
5.24999500727164 	
5.4999904847109 	
1.74999938758003 	
5.49999219812348 	
10.499969063447 	
8.99998292363615 	
10.2499679857411 	
2.74999835632591 	
4.99999554619179 	
3.49999673886277 	
12.2499710476022 	
4.6249961775731 	
4.74999503207346 	
3.99999622146737 	
10.2499659554799 	
3.74999638163823 	
0 	
9.49997479976177 	
6.99998602698021 	
10.2499696063803 	
2.99999857435547 	
7.24998244303303 	
1.99999918908834 	
10.2499683186526 	
8.74998493504804 	
8.1249820296168 	
3.49999765027731 	
6.99998212048752 	
3.49999763222752 	
2.74999738908406 	
0 	
2.74999888109405 	
0.999999271778114 	
7.99997431755828 	
0 	
6.49999204582775 	
8.99998062612515 	
9.49997322011918 	
6.99998839293652 	
0 	
6.7187421082315 	
1.49999911581104 	
12.4999736742866 	
9.81247342323528 	
5.74999299456342 	
0 	
10.7499611897617 	
1.99999719818003 	
1.99999878934161 	
4.7499926908341 	
9.74997771384633 	
0.999998923012306 	
2.74999866212173 	
4.24999501887469 	
4.7499944279767 	
4.12499616682417 	
8.4999786341335 	
3.49999636978286 	
3.12499856831199 	
4.74999536169222 	
3.99999476098867 	
5.49999270371837 	
11.499970461233 	
1.99999878934161 	
