3.24999797107948 	
11.499972185776 	
10.4999733315863 	
1.49999980424771 	
9.74997288109336 	
10.4999637591747 	
5.1249947534148 	
1.99999926941578 	
2.74999738908406 	
3.49999716606243 	
2.99999911337028 	
11.4999581015303 	
1.49999793618377 	
12.9999605765968 	
9.99997634107643 	
9.99997320662882 	
5.24999509745555 	
11.9999733391186 	
4.24999702576919 	
5.49999650909629 	
11.9999627570293 	
10.7499719547805 	
4.99999360671883 	
10.9999656941494 	
2.74999888109405 	
2.74999835632591 	
4.49999407164565 	
9.9999777980286 	
6.74999182285434 	
7.99997899704671 	
9.74996761603258 	
11.7499706025713 	
11.9096829815533 	
2.74999691999286 	
1.99999719818003 	
11.999967898703 	
9.99996980661527 	
6.9097110152051 	
6.99998106125154 	
4.49999307958154 	
13.2499591333642 	
4.99999436766093 	
3.74999599626978 	
8.99998085191497 	
2.99999597069771 	
3.90971717077767 	
4.49999588083887 	
1.99999810182898 	
0 	
7.99997431755828 	
5.99999289708171 	
2.74999643926818 	
9.24997342693275 	
4.9097176714054 	
12.4999683823144 	
2.74999835632591 	
11.249966320363 	
6.12499147846419 	
4.74999571652068 	
0 	
12.409686743371 	
6.62499165353738 	
4.49999384281334 	
6.9999919420922 	
5.24999469299457 	
11.659681459405 	
9.99997325113131 	
8.62497871732145 	
3.12499856831199 	
3.99999748717384 	
12.2499710476022 	
1.9999981023798 	
6.49998041947671 	
6.24999078606579 	
3.4999940687331 	
4.99999170924036 	
3.49999606804143 	
7.21874216094091 	
3.74999742859395 	
2.74999738908406 	
9.74997431933679 	
5.49999133176386 	
5.62499364566911 	
3.49999606804143 	
13.9999662415845 	
2.74999735523939 	
10.4999681376264 	
7.87497660039685 	
