0.999999481250932 	
1.99999750683481 	
2.74999758530859 	
5.24999392641212 	
4.12499665548851 	
0.999999674307175 	
5.49998466513618 	
2.49999892615434 	
6.99997889880892 	
6.99998318238685 	
3.99999583346388 	
4.9999869183842 	
3.12499809714255 	
4.74999546699639 	
1.99999937108649 	
7.99998267222385 	
8.49996937101269 	
7.12499067217772 	
5.99998670144251 	
3.99999748717384 	
4.74999469424729 	
5.49998530663036 	
1.49999876307492 	
7.06249035836735 	
2.99999796779887 	
1.74999805077649 	
6.49998028941444 	
9.24997566818953 	
1.99999790099917 	
1.99999918908834 	
7.4999820745394 	
7.74997924596396 	
9.1249756571185 	
1.49999860311264 	
6.74999183310239 	
3.1249977083265 	
5.62499506555446 	
8.4999727966018 	
1.99999970759252 	
1.99999970759252 	
0 	
2.74999738908406 	
0.999999632186113 	
3.74999685099847 	
4.24999642469543 	
1.99999926941578 	
5.40971603196478 	
10.7499752782631 	
6.99999117076724 	
5.99998618904884 	
0 	
7.49997830635744 	
5.99998591839488 	
5.24999500727164 	
0 	
1.99999900162489 	
2.74999783985878 	
0.999999632186113 	
5.24999282485255 	
5.99998668565741 	
6.9999871839924 	
2.7499980742022 	
3.99998697942638 	
7.99998296911333 	
4.74999628282461 	
3.49999716606242 	
7.74997841119044 	
0.999998923012306 	
7.74997606509172 	
3.12499584935427 	
8.24997828296183 	
2.7499980742022 	
4.74999571652068 	
11.2499669436383 	
1.99999872969113 	
6.99998533478217 	
2.99999731313058 	
7.74997839209426 	
0 	
5.49999508067915 	
0 	
3.49999068064328 	
1.4999991831514 	
2.99999846823145 	
5.49999334706927 	
4.74999446165264 	
2.99999731313058 	
6.74997939344231 	
0 	
9.49997084856752 	
6.49998464573896 	
3.74999638163823 	
5.49998329965983 	
5.99998453242794 	
3.99999007640056 	
0.999999481250932 	
8.90969369782959 	
7.74997824338081 	
1.99999799826361 	
6.74999402368879 	
