8.49997482429427 	
8.99997653058984 	
7.49998354327002 	
6.24998526787572 	
6.99998247805831 	
0.999999480761448 	
6.4999827133915 	
3.90971862752453 	
7.99998267222385 	
6.49998561767506 	
1.49999932924201 	
7.24997738989612 	
1.99999854355623 	
9.31247141806011 	
3.1249977083265 	
7.99998403432937 	
11.2499664522871 	
1.4999991831514 	
4.49999692202226 	
1.49999860311264 	
0.999999834909781 	
4.99998515575607 	
0 	
8.24997817350363 	
6.49998218839852 	
3.12499856831199 	
2.7499980742022 	
5.06249575650036 	
2.99999787734047 	
5.74998645149884 	
0 	
5.49998671149527 	
2.99999787734047 	
4.12499597820555 	
2.7499980742022 	
4.31249643098914 	
3.49999681863515 	
0 	
10.2499676450697 	
5.99998987897881 	
2.99999847837362 	
0.999999090522717 	
1.49999860311264 	
5.24999312699546 	
0 	
0 	
1.9999983029093 	
0 	
5.99998508628015 	
6.49998694417004 	
4.49998634168804 	
6.49998745453436 	
8.99997932944552 	
3.74999213766003 	
2.74999823660233 	
5.99998504967549 	
2.99999450742531 	
4.24999530241718 	
7.49998392483024 	
0.999999271778113 	
4.74999388661375 	
6.7187427123994 	
0 	
1.49999911581104 	
7.24998192482893 	
9.99996914384915 	
1.99999900162489 	
2.74999614739528 	
4.74999626657703 	
4.74998814966246 	
8.74997662081336 	
1.4999989542961 	
1.99999827113573 	
1.93749842707504 	
0 	
4.99998640752755 	
1.9999982342004 	
5.7499847105209 	
8.49997590116397 	
3.99999622146737 	
7.49998093877471 	
6.99998493143067 	
7.7499797414386 	
3.90971862752453 	
1.99999900820924 	
8.4999819898013 	
2.74999776667512 	
5.90970554654605 	
4.24999600786655 	
1.99999931263766 	
3.49999763222752 	
1.99999878934161 	
2.74999866212173 	
1.99999871739625 	
3.74999652940413 	
6.49998347372779 	
3.74999789214643 	
0 	
6.99998106125154 	
8.49998318335116 	
