6.49998622346337 	
4.99999312214258 	
6.56249103943758 	
3.90971676594456 	
3.49999826699734 	
7.99997776596134 	
2.74999783985878 	
9.74997351636675 	
1.99999878934161 	
3.90971778515289 	
0 	
1.49999952831487 	
6.9999860300382 	
6.9999838360768 	
9.12497946730658 	
6.4999849325733 	
3.90971862752453 	
9.99996892515414 	
2.99999796779887 	
6.99998248775874 	
9.49997852981342 	
5.99998453242794 	
0 	
10.7187228602642 	
10.4999668751104 	
1.99999926941578 	
4.9999946048962 	
4.74999388661375 	
3.90971778515289 	
3.74999780073316 	
0.999998883927388 	
1.99999970759252 	
1.99999779089037 	
1.49999955366899 	
1.99999926941578 	
1.49999819346348 	
5.99998621930584 	
9.99997190271836 	
2.74999888109405 	
4.9999847908534 	
7.74998142466243 	
3.49999483042603 	
4.49998703216082 	
3.90971841920168 	
0 	
1.49999945202234 	
1.99999816560928 	
7.99998673478458 	
8.99997353026541 	
5.4999964851519 	
6.99998393433984 	
4.74999581884985 	
0 	
7.24997774124982 	
8.74997662081336 	
7.99998158539845 	
0 	
2.74999823660233 	
2.74999835632591 	
1.99999926941578 	
4.99998674878238 	
0.999999358698125 	
3.12499856831199 	
1.99999937108649 	
3.12499804123177 	
7.49998383148015 	
0 	
10.2499712896286 	
2.74999835632591 	
4.74999691871653 	
0 	
0 	
5.99998453242794 	
0 	
10.4999697612612 	
3.99999201716469 	
0 	
4.99998732256333 	
1.99999896152289 	
3.99999521109806 	
3.99999495437498 	
10.062471757799 	
0 	
1.4999989542961 	
0.999999358698125 	
4.9999926658083 	
7.49998052019596 	
7.49998137280121 	
10.4999679272163 	
3.12499887130974 	
9.24997428915198 	
4.49999574763105 	
0.999999632186113 	
4.9999882192706 	
6.74998166553758 	
0 	
4.49998617735694 	
7.99997646638659 	
1.4999991831514 	
1.99999882108138 	
