7.9999740574693 	
12.4999632691328 	
11.2499669436383 	
0 	
8.74997345503461 	
0 	
0.999999481250932 	
7.74999068634758 	
6.999982895659 	
8.74997814466119 	
6.99998393433984 	
3.49999612883582 	
0 	
6.74998162663724 	
3.9999896882853 	
4.49999588083887 	
3.99998869332391 	
3.7499963170816 	
0 	
1.49999819346348 	
2.7499980742022 	
6.74998511747631 	
5.499988560055 	
7.74998008590924 	
1.49999955366899 	
1.99999900162489 	
1.99999776785478 	
4.12499808903932 	
4.6249938457535 	
1.4999989542961 	
2.7499980742022 	
0 	
4.99998388924107 	
5.74999470228912 	
4.49999535420255 	
10.9999767573827 	
5.49998768930357 	
4.4999964969091 	
11.062467983818 	
1.99999854355623 	
6.99998138494936 	
2.99999911337028 	
6.99998501948951 	
0.999999364845566 	
2.74999666505783 	
7.74998278244268 	
7.49997969990985 	
4.74999503207346 	
5.99997920276925 	
2.99999731313058 	
6.74998216149504 	
2.74999738908406 	
2.74999673987177 	
5.40971421871052 	
6.499989246745 	
0.999999271778114 	
6.74998071025739 	
9.49997736849684 	
3.74999652940413 	
0 	
1.9999982342004 	
8.49997488029978 	
3.49999629531062 	
12.9999658129518 	
7.49998506376061 	
2.74999776667512 	
7.99997918174058 	
0.999999632186113 	
1.99999878934161 	
7.24998672563016 	
4.99999390365884 	
3.74999685099847 	
12.7499608903365 	
1.99999878934161 	
0 	
7.99997969389479 	
3.74999638163823 	
0 	
3.99999597552964 	
6.99998318238685 	
3.74999789214643 	
3.90971862752453 	
3.99999336739229 	
4.9999892367362 	
1.99999937108649 	
8.49997703721692 	
4.49999711625435 	
0 	
6.9999871839924 	
4.49999591488155 	
3.99999622146737 	
2.7499980742022 	
11.4999708825462 	
6.99997922275787 	
0 	
2.7499978714374 	
3.49999635675035 	
9.24997590515421 	
8.99997928357326 	
1.99999900162489 	
