11.4999622195268 	
8.74997872116566 	
3.49999548007687 	
7.49997844023761 	
3.90971739424623 	
11.1249604902675 	
7.65970963113772 	
4.43749391250591 	
11.9999652049609 	
0.999998389099321 	
8.7499748422767 	
1.49999819346348 	
11.1249748725565 	
11.7499567253551 	
9.71873361429217 	
4.49999517013951 	
5.99999180805365 	
12.3124627500133 	
7.90971035746415 	
7.51040885512498 	
6.4999852088384 	
8.96873738161898 	
2.99999745042623 	
10.2499749747931 	
4.24999674005396 	
12.2499641128993 	
0 	
3.49999518937244 	
6.99999192381318 	
11.2499705676593 	
12.4999688196978 	
2.7499980742022 	
7.49999096443487 	
11.4096824840155 	
12.6249680357122 	
11.4096867522803 	
1.4999991831514 	
6.74998893460799 	
12.0624631922402 	
2.49999811683676 	
6.99999326977519 	
3.99999571253121 	
3.74999571104744 	
11.4999727935346 	
2.7499980742022 	
4.24999307183497 	
6.24999212069016 	
3.1249977083265 	
9.24996991182268 	
1.99999773781891 	
8.74998384179841 	
2.49999763042049 	
11.7499663862082 	
5.49999356453295 	
3.90971700208451 	
7.49997874084054 	
3.90971739424623 	
5.49999094641001 	
7.62498779147715 	
9.93746934742803 	
4.24999375644869 	
4.12499492398331 	
9.24997392975967 	
3.90971862752453 	
0 	
1.99999818104543 	
12.6249656141513 	
9.74997487638191 	
12.4999617792342 	
3.49999441230093 	
2.74999776667512 	
5.40971603196478 	
14.7499554129905 	
