0 	
1.99999970759252 	
3.99999336739229 	
0 	
0.999999364845566 	
0 	
0 	
2.99999401287352 	
0 	
0 	
0 	
0 	
2.49999525458069 	
0 	
2.74999888109405 	
2.7499980742022 	
0 	
4.9999892367362 	
0 	
0 	
0 	
0 	
0 	
0.999999955750158 	
0.999997847347239 	
0 	
0.999999480761448 	
0 	
0 	
1.99999569469448 	
0 	
0 	
0 	
0 	
0 	
1.99999937108649 	
4.99999170924036 	
0 	
4.99999084570885 	
1.99999937108649 	
3.99999228936997 	
1.99999970759252 	
1.99999970759252 	
2.99999450742531 	
0 	
0 	
0 	
0 	
0 	
5.49998620152994 	
0 	
5.12498803930724 	
0 	
0 	
0 	
0 	
0 	
0 	
0 	
3.74999732386918 	
0.999999271778113 	
0 	
2.74999888109405 	
0 	
2.99999401287352 	
1.49999945202234 	
0 	
0 	
4.99998743171368 	
2.49999875318184 	
0 	
0 	
0 	
0.999999151454652 	
0 	
1.99999970759252 	
0 	
0.999999746982215 	
0 	
0 	
1.99999970759252 	
0 	
0 	
0 	
0.999999955750158 	
1.99999668369614 	
1.99999937108649 	
0 	
0 	
1.99999970759252 	
1.99999970759252 	
0.999999625450423 	
0 	
0.999999625450423 	
0 	
1.99999633828354 	
0 	
1.9999988064692 	
1.99999900162489 	
4.99998755046222 	
