0 	
0 	
0.999999834909781 	
0.999999326024482 	
0.999999075432228 	
0 	
0 	
0 	
0 	
0 	
0 	
0 	
0 	
0 	
0.999999392211654 	
0 	
0 	
0.999998750375256 	
0 	
0.999999392211654 	
0 	
0.999999834909781 	
0 	
0 	
0 	
0 	
1.99999966981956 	
0 	
1.99999865204896 	
0 	
1.99999770918224 	
0.999999151454652 	
0 	
0 	
0.999999392211654 	
0 	
0 	
0 	
0.999999392211654 	
0 	
0 	
1.99999815449391 	
0.999999172463174 	
0 	
0 	
0 	
0.999999834909781 	
0 	
0 	
0.999998750375256 	
1.99999761588545 	
0 	
0 	
0 	
0.999999955750158 	
0 	
0 	
0.999999955750158 	
1.49999955366899 	
0 	
0 	
0.999999674307175 	
0 	
1.99999878442331 	
0.999999151454652 	
0 	
0 	
1.99999865204896 	
0 	
2.99999689529516 	
1.99999925212376 	
0 	
0 	
0.999998905533304 	
1.99999925212376 	
0.999998906061884 	
0 	
1.99999904301064 	
0 	
0 	
0 	
0 	
0 	
0.999999834909781 	
0 	
0 	
0 	
0 	
0.999999392211654 	
0 	
0 	
0 	
0.999999172463174 	
0.999999955750158 	
0 	
0 	
0 	
0 	
0 	
2.49999931067901 	
0 	
0.999999955750158 	
