4.74999337921455 	
2.49999741135346 	
0 	
0 	
0 	
2.99999797807344 	
1.49999945202234 	
0 	
2.49999931067901 	
0.999998906061884 	
0.999999674307175 	
1.99999770918224 	
4.74999337921455 	
1.99999806510096 	
3.99999467613233 	
0.999999674307175 	
1.99999761588545 	
1.99999934861435 	
0 	
3.99999541836447 	
1.49999955366899 	
4.49999374969841 	
1.99999816560928 	
0.999999632186113 	
0 	
0.999999151454652 	
0 	
1.99999926437223 	
1.49999955366899 	
0 	
0.999999032550482 	
1.99999830588246 	
1.99999925212376 	
0 	
0 	
1.99999749420117 	
0.999999172463174 	
0 	
1.49999980424771 	
0.999999075432228 	
0.999999326024482 	
0.999998791991189 	
3.49999483155605 	
0 	
0.999999955750158 	
0.999998791991189 	
1.9999981036813 	
2.99999591431822 	
0 	
2.49999875736744 	
2.99999572211717 	
0.999998750375256 	
0.999999172463174 	
1.4999991831514 	
1.49999955366899 	
1.99999918908834 	
2.49999633189228 	
1.99999758398238 	
1.49999955366899 	
1.99999926437223 	
1.99999865204896 	
0.999999955750158 	
0.999999674307175 	
2.99999635447953 	
0.999999955750158 	
0.999999326024482 	
0 	
0 	
1.99999834492635 	
1.99999757716977 	
0 	
0 	
0 	
0.999999834909781 	
0.999999032550482 	
0.999999834909781 	
1.49999955366899 	
3.99999780803911 	
0.999999172463174 	
0.999999032550482 	
0.999999955750158 	
1.74999903519047 	
4.99999464944433 	
1.98437293369434 	
2.99999666410261 	
0 	
0.999999326024482 	
0 	
4.7499920661514 	
0.999999358698125 	
1.49999955366899 	
1.99999970759252 	
3.99999467613233 	
0 	
1.99999757716977 	
0 	
0.999999834909781 	
0.999999674307175 	
0.999999834909781 	
1.99999948254491 	
