0.99999906938317 	
2.49999892545067 	
0.999999032550482 	
0.999999326024482 	
2.99999846823145 	
1.49999945202234 	
1.99999757716977 	
1.49999830080934 	
0 	
0 	
0 	
0 	
0.999999392211654 	
0.999999326024482 	
2.08333228728941 	
0 	
0.999999834909781 	
0.999999834909781 	
0 	
1.99999830588246 	
0 	
2.49999931067901 	
0 	
2.49999892545067 	
0 	
0 	
0.999998905533304 	
0.999999674307175 	
0 	
0.999999075432228 	
3.74999500828225 	
1.99999757716977 	
3.99999857917373 	
1.99999757716977 	
0.999999674307175 	
0 	
0.999999481250932 	
0.999999326024482 	
0 	
1.99999830588246 	
1.4999991831514 	
1.99999878442331 	
0.999999632186113 	
0 	
2.99999895380229 	
0 	
0 	
0 	
0.999998905533304 	
3.74999742005522 	
0.999999632186113 	
0 	
0 	
0.999999172463174 	
0.999999674307175 	
0 	
0 	
0 	
0 	
0 	
1.99999750075051 	
1.99999865204896 	
2.99999575361283 	
0 	
0.999999172463174 	
1.9999981036813 	
0 	
1.49999830080934 	
0 	
0 	
3.49999491573553 	
1.99999937108649 	
0 	
0.999999481250932 	
1.99999865204896 	
0 	
1.99999896250186 	
0 	
0 	
0.999998905533304 	
0.999999834909781 	
0 	
0.999998906061884 	
0 	
0 	
1.99999966981956 	
0 	
0.999999326024482 	
0 	
0.999999172463174 	
2.99999751738952 	
0.999999674307175 	
1.99999757716977 	
0.999999674307175 	
0 	
1.4999991831514 	
0.999999834909781 	
1.99999934861435 	
0 	
1.99999926437223 	
0 	
0 	
0 	
0.999999172463174 	
2.99999726751835 	
1.99999750134628 	
0 	
0.999999392211654 	
2.99999895380229 	
0.999998905533304 	
0.999998791991189 	
0 	
0.999999481250932 	
0 	
0.999999834909781 	
1.99999757716977 	
1.99999806510096 	
1.99999798262039 	
0.999999955750158 	
0 	
1.99999970759252 	
2.99999895380229 	
0.999999172463174 	
1.49999945202234 	
0.999999834909781 	
0 	
0.999998905533304 	
0 	
0 	
1.99999815086446 	
2.49999874417881 	
0.999999075432228 	
2.99999497799515 	
0.999999172463174 	
0.999999834909781 	
2.99999572211717 	
0.999999326024482 	
0 	
0 	
0 	
2.99999911337028 	
3.74999789214643 	
0 	
0 	
0 	
1.74999938758003 	
0 	
3.99999538964525 	
1.99999770918224 	
0.999999674307175 	
2.49999892545067 	
0 	
0 	
2.74999823660233 	
0 	
0 	
0 	
0.999999834909781 	
0.999999326024482 	
3.49999677972294 	
0 	
0.999999481250932 	
0.999999358698125 	
0.999999151454652 	
2.99999591431822 	
0.999999326024482 	
0.999999955750158 	
1.99999878442331 	
0 	
3.74999500828225 	
1.9999981036813 	
1.99999830588246 	
0 	
1.99999925212376 	
0.999998906061883 	
1.99999724417126 	
2.49999775017089 	
0.999999075432228 	
1.99999750134628 	
1.99999937108649 	
0.999999032550482 	
0 	
0.999999955750158 	
0 	
0 	
0.999998750375256 	
0 	
1.49999955366899 	
0 	
0.999999834909781 	
0.999998905533304 	
2.99999722719504 	
0.999999326024482 	
0 	
1.99999770918224 	
1.99999770918224 	
1.49999819346348 	
0 	
0.999999834909781 	
0.999999172463174 	
0.999999834909781 	
