0 	
0 	
1.99999781106661 	
0.999999674307175 	
1.99999966981956 	
1.99999925212376 	
0 	
0 	
2.74999866212173 	
0 	
0.999999674307175 	
2.49999658005143 	
1.99999934861435 	
2.99999644321089 	
0.999999032550482 	
1.99999757716977 	
0.999999632186113 	
0 	
0 	
0 	
0.999999392211654 	
0.999999172463174 	
0.999999075432228 	
1.99999937108649 	
0.999998905533304 	
0 	
0.999999326024482 	
0 	
0.999999172463174 	
0.999999674307175 	
0.999999326024482 	
0 	
1.99999882108138 	
1.49999955366899 	
0.999999358698125 	
0.999999075432228 	
1.49999945202234 	
0 	
0.999998906061883 	
0.999998905533304 	
0.999999172463174 	
0.999999674307175 	
0 	
0 	
0.999999326024482 	
0.999999955750158 	
1.99999806510096 	
0 	
1.99999865204896 	
1.99999834492635 	
0 	
0.999999674307175 	
0 	
0 	
0.999999032550482 	
1.49999955366899 	
1.99999865204896 	
1.99999865204896 	
3.74999494052707 	
0 	
0.999999075432228 	
2.74999823660233 	
0.999999481250932 	
1.49999955366899 	
1.99999815449391 	
1.49999830080934 	
0 	
0.999999481250932 	
0 	
0 	
1.99999966981956 	
0.999999392211654 	
0 	
0 	
1.99999757716977 	
2.99999911337028 	
1.99999830588246 	
1.99999925212376 	
0 	
0.999999955750158 	
0.999998906061884 	
0 	
0 	
1.99999925212376 	
2.99999638692696 	
0 	
0.999999674307175 	
0.999998905533304 	
2.99999772204389 	
0.999999326024482 	
0.999999481250932 	
0 	
0 	
1.99999918908834 	
0 	
0 	
0 	
0.999999834909781 	
1.74999864733229 	
3.99999582431177 	
0.999999392211654 	
