0 	
0.999998477506723 	
0 	
0.999999481250932 	
0 	
0.999999151454652 	
1.99999834492635 	
0.99999860933355 	
1.9999981036813 	
0 	
1.99999770918224 	
0 	
0.999999834909781 	
1.99999878442331 	
0 	
1.49999955366899 	
1.99999925212376 	
1.49999945202234 	
1.99999970759252 	
0 	
0.999999326024482 	
0 	
0.999999151454652 	
0 	
1.99999770918224 	
0.999998905533304 	
0 	
1.99999934861435 	
0 	
0 	
0.999999172463174 	
0 	
0 	
0 	
0 	
0 	
0.999999632186113 	
0 	
2.99999895380229 	
1.99999865204896 	
0 	
0.999999326024482 	
0 	
0 	
0 	
0.999998791991189 	
0.999998906061883 	
0 	
2.99999591431822 	
0.999999392211654 	
0 	
0 	
0 	
0.999998906061884 	
0.999999151454652 	
0 	
0.999999075432228 	
1.9999981036813 	
1.9999981036813 	
0 	
0 	
0.999999834909781 	
0 	
0 	
0.999999358698125 	
0 	
3.49999450289388 	
0 	
0 	
1.99999770918224 	
0 	
0 	
0 	
0.999999326024482 	
0.999999172463174 	
0 	
0.999999674307175 	
0 	
0 	
0.999999075432228 	
0 	
0.999999032550482 	
0 	
0 	
0.999999172463174 	
0 	
0 	
0 	
0.999999955750158 	
0 	
0.999999834909781 	
0 	
0 	
1.49999819346348 	
0.999999834909781 	
1.99999806510096 	
0.999999674307175 	
0.999999674307175 	
0 	
0 	
0 	
1.99999806510096 	
