0 	
0 	
0.999999834909781 	
0 	
0.999999075432228 	
0 	
0 	
0 	
0 	
0 	
0 	
0 	
0 	
0 	
0.999999955750158 	
0 	
0 	
2.99999676345859 	
0.999999834909781 	
0 	
0 	
0.999999392211654 	
0.999999834909781 	
0.999999151454652 	
0 	
0 	
0 	
0 	
0 	
0.999999326024482 	
0 	
0 	
1.99999830588246 	
0.999999955750158 	
0 	
2.49999741135346 	
0.999999834909781 	
0 	
0.999999955750158 	
0 	
0 	
0 	
0 	
0.999999326024482 	
0 	
0 	
0 	
2.49999931067901 	
0 	
0 	
0 	
0 	
0 	
0.999999674307175 	
0 	
0 	
0 	
0 	
0 	
0 	
1.99999925212376 	
0.999999674307175 	
0.999999834909781 	
0.999999151454652 	
0 	
1.99999970759252 	
0 	
0.999999151454652 	
0 	
0.999999172463174 	
0 	
0 	
0 	
0 	
0 	
0.999999632186113 	
0 	
0.999999326024482 	
0.999999392211654 	
1.49999860311264 	
0 	
0 	
0 	
0 	
0 	
0 	
1.99999830588246 	
0 	
0 	
0 	
1.99999770918224 	
0 	
0.999999955750158 	
0.999999172463174 	
0 	
0.999999834909781 	
0 	
3.99999719258118 	
0.999999151454652 	
0 	
0 	
0.999999674307175 	
0 	
