0 	
0 	
0 	
0 	
0 	
1.49999980424771 	
1.99999853570796 	
0 	
0 	
0.999999955750158 	
0 	
2.74999866212173 	
0 	
0.999999874489039 	
0 	
0 	
0 	
0 	
0 	
0 	
2.99999887635127 	
0 	
1.99999857684425 	
1.99999910565601 	
0 	
2.41666527764049 	
0 	
0 	
5.99999165101249 	
0 	
0 	
0 	
0.999999481250932 	
0 	
0 	
2.74999823660233 	
0.999999481250932 	
0 	
0 	
0 	
1.99999970759252 	
0 	
0 	
1.99999896152289 	
0 	
0 	
1.99999910565601 	
0.999999674307175 	
1.99999857684425 	
0 	
2.74999888109405 	
0 	
0 	
0 	
0 	
1.99999937108649 	
0 	
0 	
0.999999874489039 	
0 	
0 	
0.999999271778113 	
0.999999480761448 	
1.99999910565601 	
0 	
0 	
0 	
0 	
2.99999846823145 	
0 	
0 	
0 	
1.99999889527422 	
0.999999533150113 	
1.99999896152289 	
1.99999932513795 	
0.999999533150113 	
0 	
0 	
4.24999641373104 	
0 	
0 	
4.74999699943144 	
1.99999882108138 	
0 	
0 	
0 	
1.99999970759252 	
0 	
0 	
0 	
0 	
0 	
2.74999866212173 	
0.999999674307175 	
1.99999925212376 	
0 	
1.99999926941578 	
0 	
0 	
0 	
4.74999644828165 	
0 	
1.99999910565601 	
0 	
1.99999937108649 	
