8.62498855438954 	
5.74999355247002 	
6.74304624414487 	
9.67822353808645 	
4.49999307721288 	
7.4999858945273 	
7.87498670231535 	
4.24999353135762 	
4.24999430363329 	
8.89581688262939 	
8.94442516390538 	
7.62498818564622 	
7.89581783499915 	
9.24997764830642 	
7.62498495726215 	
7.7673463975294 	
9.24998604307498 	
3.74999702035387 	
6.74998672786077 	
7.74998554822475 	
8.62498317423817 	
8.99997566774545 	
5.24999353164517 	
8.99998001831358 	
7.8749901397104 	
9.53470262408227 	
7.85647187483855 	
7.84721028442208 	
5.74999231125529 	
6.87498990645428 	
5.74999431828314 	
3.74999633637705 	
4.24999702576919 	
7.62499402518859 	
6.99998806917403 	
10.2673353982461 	
5.49999151427585 	
8.49998319819638 	
6.51735173546036 	
6.87498905898347 	
2.99999846823145 	
4.24999541283183 	
8.9999798893372 	
6.99998919931588 	
9.62498237941907 	
7.62498758590514 	
6.49998601980416 	
6.99998768659191 	
7.49998703617378 	
7.59720859028007 	
6.28124086464561 	
4.39582834854226 	
2.74999756007185 	
2.99999775844005 	
4.999995112375 	
5.49999652121853 	
5.76735473640341 	
5.99999004040142 	
5.2499909959735 	
7.59720898518189 	
4.24999462463761 	
6.49998967580847 	
2.99999573040695 	
6.74998825219409 	
5.24999399423754 	
4.24999612395385 	
3.49999544441583 	
4.49999377671864 	
5.49999191076572 	
5.2499915202394 	
6.49998977111723 	
10.1955829407168 	
5.49999223353746 	
7.49998762712944 	
4.499994063708 	
8.24998803405702 	
8.24998410909276 	
6.87498947604935 	
8.62497841803766 	
8.99998007484852 	
5.49999630225009 	
5.87499072609196 	
6.37498986156879 	
6.37499275344233 	
9.51733949038064 	
2.74999545845069 	
6.51735083216223 	
6.49998664826535 	
7.29165414566362 	
0.999999301397666 	
8.34720638081331 	
8.44442543420092 	
8.49998471433454 	
0.999998773333598 	
8.74998451461525 	
5.04165980163788 	
6.24999039122224 	
7.2499861023645 	
8.12498379591253 	
3.74999501306616 	
