0 	
0 	
0.999999480761448 	
2.74999873621326 	
0.999999874489039 	
2.83333085441858 	
0.999999955750158 	
7.84721108430993 	
0 	
0.999999151454652 	
0.999998883927388 	
0 	
0 	
0.999998619516364 	
0.999999362001564 	
4.09721757222915 	
1.99999853570796 	
3.99999859703249 	
2.74999866212173 	
0 	
2.74999866212173 	
2.74999866212173 	
5.16665995350171 	
3.49999765027731 	
4.49999533845278 	
6.8472136175291 	
4.49999467698991 	
0 	
2.74999795488737 	
0 	
2.99999744664827 	
0.999999625291197 	
5.87499101851022 	
0 	
0 	
0.999999362001564 	
0.999999481250932 	
3.12499804123177 	
0 	
1.99999937108649 	
0 	
4.09721675139774 	
0 	
0.999999874489039 	
4.49999586261675 	
2.74999888109405 	
5.41665954052164 	
4.74999374590519 	
0 	
5.74999428939315 	
1.4999989542961 	
4.12499735276555 	
1.99999937108649 	
0 	
0.999999075311881 	
3.74999831381977 	
2.99999822086715 	
3.91666290985073 	
2.74999823660233 	
1.99999910565601 	
0 	
5.1666605792459 	
3.99999531068121 	
2.74999756007185 	
4.84721583505658 	
1.99999784602461 	
2.99999887635127 	
2.7499978714374 	
2.74999823660233 	
2.99999788910079 	
0.999999625291197 	
5.49999430082215 	
2.99999820959017 	
0 	
0 	
1.99999736794324 	
1.49999924937879 	
2.99999801999699 	
0 	
1.99999857684425 	
1.99999760937355 	
3.49999765212327 	
4.74999576188547 	
1.49999860311264 	
0 	
1.99999937108649 	
2.74999866212173 	
3.49999716603056 	
6.44443514289827 	
4.24999550052961 	
0.999999481250932 	
5.49999252716952 	
4.41666262398714 	
2.74999823660233 	
2.74999866212173 	
4.09721961872707 	
1.99999925212376 	
4.24999431078706 	
0 	
5.3749929040968 	
1.99999857684425 	
0.999999674307175 	
3.49999555368317 	
1.49999945202234 	
0.999999955750158 	
0 	
2.99999720621227 	
0 	
0 	
3.74999805939114 	
4.39582816829704 	
0.999999271778113 	
2.74999676499049 	
0 	
2.99999887635127 	
4.62499562809972 	
3.99999689227089 	
0 	
4.99999460148329 	
4.41666131451725 	
4.09721757222915 	
1.49999924937879 	
2.74999685970157 	
0 	
0 	
1.99999842241134 	
0 	
3.49999516206569 	
0.999999746982215 	
4.24999404186676 	
0 	
2.99999859757902 	
0 	
0 	
4.0972184552507 	
0.999999481250932 	
0.999999874489039 	
1.99999925212376 	
2.74999888109405 	
1.99999761588545 	
3.12499716641525 	
5.74999565133524 	
0 	
1.99999882108138 	
0.999999703628503 	
2.74999676499049 	
3.99999761433513 	
4.41665962545908 	
0.999999625291197 	
0 	
4.62499473109043 	
1.99999925212376 	
0.999999625291197 	
1.99999818104543 	
1.99999853570796 	
0 	
2.99999672473014 	
0.999999533150113 	
0.999999625291197 	
3.04166258759934 	
0 	
1.99999904112638 	
4.74999470537502 	
1.49999980424771 	
0 	
3.99999483362146 	
1.49999980424771 	
1.49999945202234 	
2.41666383042076 	
2.7499978714374 	
2.99999689529516 	
4.99999364794144 	
2.99999911337028 	
0.999999480761448 	
1.99999882108138 	
0 	
2.7499978714374 	
4.0972179835731 	
2.74999689842802 	
3.99999690527466 	
5.49999277490617 	
1.99999949396443 	
3.99999645026543 	
1.99999925090085 	
0.999999955750158 	
0 	
3.49999679841701 	
0 	
0 	
3.99999596524077 	
3.49999675156946 	
3.49999716603056 	
3.49999765027731 	
0.999999481250932 	
1.99999937108649 	
0.999999874489039 	
0 	
0 	
0 	
0.999999674307175 	
3.74999789214643 	
1.99999970759252 	
0 	
