0 	
5.74304797879961 	
4.99999266435591 	
3.74999604432589 	
0 	
3.99999582142338 	
0 	
2.74999711066652 	
7.09721204328964 	
1.9999981544939 	
6.7499914675003 	
1.49999945202234 	
4.33332991101277 	
4.74999376493104 	
0.999999271778113 	
2.62499688208881 	
2.99999764431886 	
3.74999670360931 	
2.74999677858222 	
3.74999670944712 	
2.7499978714374 	
4.74999515953152 	
0.999999481250932 	
2.7499978714374 	
2.7499978714374 	
4.74999407701009 	
5.74999307069529 	
6.74999150852765 	
0.999999075311881 	
2.99999877752949 	
2.41666527764049 	
2.74999666187245 	
5.90624114552223 	
5.12499463634194 	
0.999999674307175 	
4.99999394467468 	
4.62499492707637 	
5.49999192493261 	
2.74999823660233 	
3.74999784908553 	
4.24999625269004 	
4.84721611761626 	
2.7499978714374 	
0 	
3.74999414897702 	
0.999998695540421 	
2.74999728948102 	
3.49999787417763 	
3.99999517619589 	
8.44442811822998 	
1.99999882108138 	
5.49999222894165 	
3.49999493815216 	
3.99999648055235 	
4.24999431078706 	
7.49998420115009 	
0.999999674307175 	
3.65624582625372 	
6.9999892206101 	
7.62498639539381 	
3.12499716641525 	
2.99999830900379 	
3.74999704062235 	
2.74999759530079 	
0 	
3.87499562020505 	
3.74999530056763 	
7.29165206013178 	
4.74999493268609 	
7.49998547871911 	
5.12499695983944 	
0.999999481250932 	
5.74999165272619 	
7.8749874912831 	
4.74999236996264 	
1.99999803733221 	
0 	
4.99999445693213 	
6.19443764912429 	
2.74999782159296 	
8.49303948021424 	
3.74999608526027 	
8.24998607944713 	
0 	
7.74998623265481 	
4.99998971109046 	
2.99999654077016 	
3.99999565587161 	
7.59720583495618 	
6.74998974629525 	
3.49999536193187 	
2.99999654077016 	
2.74999756007185 	
5.49999218460052 	
1.99999843843719 	
3.74999614468788 	
5.74999348207487 	
5.44443684066184 	
2.99999830900379 	
4.49999259747579 	
8.34720573976298 	
5.49999136479752 	
6.81248946186185 	
5.74999106020713 	
4.49999518731169 	
1.9999981544939 	
0.999999362001564 	
3.74999499527448 	
3.62499619156093 	
2.74999756007185 	
0.999999481250932 	
3.99999601824088 	
0.999999362001564 	
4.1249957012606 	
2.49999710095548 	
1.99999776785478 	
5.40624101272716 	
6.3958224096006 	
3.99999605452743 	
6.84721238312971 	
3.49999614912816 	
4.24999591397859 	
4.74999233730642 	
4.74999449891357 	
2.99999877752949 	
5.62499415854682 	
3.99999418251685 	
0.999999320815288 	
5.24999378467268 	
1.99999872969113 	
5.49999223353746 	
2.74999711066652 	
5.24999243710418 	
3.74999604432589 	
2.7499963980274 	
4.24999601695081 	
4.74999337200294 	
0.999999362001564 	
0 	
0 	
3.49999544653296 	
3.49999545939794 	
3.49999596784533 	
4.99999486962003 	
4.84721583505658 	
5.74998781114935 	
2.99999786047445 	
5.49999252716952 	
0 	
5.59026960233687 	
9.99998180723458 	
0 	
2.74999552522291 	
4.84721171758009 	
4.3958279620958 	
4.3958279620958 	
0 	
5.12498985778229 	
4.6249965172395 	
6.49999106201142 	
3.74999399261046 	
5.749993184911 	
3.49999663703507 	
6.74998952451467 	
2.62499706358227 	
4.87499450301629 	
2.74999608450569 	
1.99999784602461 	
7.24998724684662 	
3.99999538224953 	
3.74999315413467 	
1.99999761588545 	
3.41666177413148 	
6.24999362900153 	
4.24999462463761 	
0.999999625291197 	
5.24999086080131 	
4.49999627748035 	
6.84721361752911 	
0 	
2.74999866212173 	
3.74999780596388 	
4.74999223059166 	
5.74999200255603 	
7.24999086209644 	
1.99999854355623 	
6.12499315260914 	
5.24999315351548 	
3.49999639717766 	
7.44443394191196 	
2.99999591431822 	
1.99999904112638 	
2.74999611676873 	
6.74998753887756 	
3.49999483042604 	
3.74999734941714 	
3.9999973226816 	
3.74999542808003 	
0.999999625291197 	
4.49999307721288 	
7.24998801792933 	
8.24998466123554 	
6.84721238312971 	
6.17823280588807 	
3.81249497520343 	
1.99999849322372 	
1.99999857684425 	
4.09721757222915 	
5.99998997354581 	
6.49998900655514 	
2.74999711066652 	
5.74999127818245 	
1.99999812706582 	
3.49999862848395 	
5.74304627852736 	
0 	
1.4999989542961 	
2.99999654077016 	
3.12499588547944 	
8.34720796785521 	
4.74999531466288 	
0.999998481277345 	
4.74999344964973 	
5.74999226525377 	
4.24999490629771 	
5.49999339623608 	
6.49998872821097 	
4.99999361797286 	
2.74999656519695 	
6.49999172325101 	
0 	
2.74999626358476 	
3.04166364211746 	
5.09721848277407 	
5.24999587710025 	
3.99999604640137 	
7.24998940327839 	
0.999999362001564 	
0.999999481250932 	
5.1666605792459 	
6.59721150868552 	
3.83332826057753 	
8.12498735480356 	
0 	
8.24998335571111 	
1.49999910692811 	
4.41666082173332 	
0 	
3.74999704062235 	
3.49999609223892 	
0 	
4.49999618598226 	
3.74999478921758 	
0 	
4.74999592864607 	
4.99999617877823 	
8.24998438976889 	
0 	
9.17822608773622 	
5.74999154647366 	
4.74999581047407 	
5.49999181027896 	
6.24999094719476 	
3.49999844650581 	
5.74999288739301 	
0 	
6.24999092549014 	
2.83333007767333 	
8.62498463539398 	
4.99999471999879 	
8.17822719868751 	
6.74998647935951 	
2.41666394248105 	
2.74999676499049 	
3.81249445208181 	
5.39582801369129 	
5.99999247737669 	
1.99999872969113 	
7.49998790218645 	
5.24999444914247 	
2.99999862574498 	
1.4999989542961 	
4.99999561289776 	
1.99999925212376 	
6.49998695781143 	
2.49999907915258 	
4.74999471250852 	
2.74999888109405 	
3.74999477915851 	
2.99999895496878 	
3.7499934302948 	
0.999999362001564 	
4.69443510677976 	
4.84721571317196 	
0.999998745949259 	
4.24999669761594 	
2.49999828497185 	
1.99999812706581 	
6.54165528324405 	
1.99999761588545 	
1.99999904112638 	
