3.3333296848452 	
2.49999842228526 	
0.999999151454652 	
0 	
0.999999625291197 	
4.74999592864607 	
6.74999177749591 	
4.84721583505658 	
1.99999910565601 	
3.91666246639989 	
4.99999556588052 	
4.62499424088243 	
0.999999481250932 	
2.74999782159296 	
6.24998983996922 	
7.24998915973266 	
3.49999555368317 	
2.62499600669615 	
0.999999362001564 	
1.99999761588545 	
6.4999931942173 	
3.74999456022374 	
2.99999846823145 	
5.58332499778698 	
7.87498432866694 	
5.29165729045421 	
4.99304861518319 	
8.14581720786344 	
0.999999362001564 	
1.99999925212376 	
0 	
6.49999135113169 	
6.99999138360823 	
1.99999784602461 	
3.74999530056763 	
6.74998867091261 	
5.49999206922197 	
1.4999989542961 	
5.49999252716952 	
5.74999243796259 	
7.99998610012453 	
8.49998339350239 	
6.24998817036798 	
1.49999842573893 	
6.99998511173506 	
8.24998253295002 	
6.24999202246043 	
5.99999139113149 	
2.74999839465536 	
2.74999873621326 	
1.99999843843719 	
2.62499811909508 	
3.99999589657948 	
2.74999756007185 	
6.62498718746119 	
1.49999945202234 	
1.99999882108138 	
1.99999925212376 	
2.74999626358476 	
6.49999146536036 	
4.0972179835731 	
0.999999271778113 	
0 	
1.9999981710566 	
2.74999568239876 	
4.99999436431528 	
1.99999889527422 	
2.7499972938257 	
5.49999056221843 	
4.74999649589271 	
4.12499564292176 	
4.84721774052765 	
3.99999561805058 	
5.12499350193205 	
0.999999320815288 	
1.49999945202234 	
2.74999759530079 	
0 	
4.9999918584861 	
5.49999289155029 	
4.99304861518319 	
3.87499484725366 	
7.24998770564062 	
5.74999409850178 	
7.5972098841373 	
6.49998803711464 	
4.49999398416303 	
3.49999466112027 	
6.42823141352849 	
0.999999480761447 	
1.9999981544939 	
5.874996486755 	
3.74999709337107 	
3.74999746471899 	
3.74999639775326 	
2.9999987745015 	
6.24999252783351 	
1.99999872969113 	
6.99998754000661 	
3.99999354361709 	
1.4999989542961 	
0.999998923012306 	
2.99999822086715 	
5.41665904328719 	
2.74999756007185 	
2.74999641794512 	
4.84721535346711 	
6.49999241825213 	
0.999999625450423 	
2.99999623784778 	
3.99999585488829 	
5.99999165101249 	
0 	
3.87499456263476 	
3.49999679841701 	
2.41666501590486 	
4.8472166898452 	
4.24999431078706 	
7.59720880284865 	
4.9999927766947 	
0 	
3.41666396457829 	
3.99999748534765 	
4.74999649589271 	
4.7499955077384 	
2.74999823660233 	
2.74999782159296 	
3.99999483362146 	
0.999999494572601 	
8.49998347875619 	
3.99999319729937 	
3.49999679841701 	
3.49999544653296 	
5.41666200534323 	
1.49999945202234 	
2.49999828497185 	
0 	
1.9999981710566 	
1.99999842241134 	
1.99999909483913 	
4.74999449891357 	
4.74999507834724 	
0.999999320815288 	
5.49999109379119 	
4.74999431045653 	
3.24999662672227 	
1.99999861524161 	
6.49998842075973 	
4.83332806439871 	
7.42823053405595 	
6.49998984496083 	
3.74999805939114 	
3.49999675156946 	
3.99999579793103 	
5.74999333131475 	
6.24999214544585 	
5.62499164868928 	
2.62499688208881 	
3.12499650258899 	
0.999999074097364 	
4.74999699943144 	
3.7499935627331 	
5.12499350193205 	
8.92822330087887 	
0 	
3.74999780596388 	
6.49999341656225 	
0 	
3.49999708305249 	
0 	
2.74999756007185 	
5.29166002776084 	
3.49999636475662 	
5.12499350193205 	
4.0972184552507 	
0.999999481250932 	
2.99999822086715 	
4.7499931300776 	
4.65624369774627 	
1.99999925212376 	
3.99999354361709 	
0.999999533150113 	
3.99999630898781 	
5.12499401236817 	
5.87499093037476 	
6.49999172325101 	
0 	
4.41666131451725 	
3.49999544653296 	
4.74999236408994 	
7.49998833347413 	
3.99999793160788 	
2.99999846823145 	
1.99999887928238 	
5.24999399423754 	
3.99999695409411 	
3.99999510635037 	
6.49998805796769 	
2.99999764431886 	
1.99999925212376 	
5.09721634147241 	
6.87499127560414 	
2.99999820959017 	
5.74999462188474 	
1.99999878934161 	
2.99999830900379 	
1.99999857684425 	
1.9999981544939 	
2.74999641794512 	
0 	
1.99999925212376 	
3.7499952948088 	
0 	
3.12499757404252 	
6.14582407335442 	
5.6249908714868 	
5.24999379057734 	
3.99999472434645 	
4.84721717929516 	
0 	
3.74999564761442 	
2.99999830900379 	
0.999999320815288 	
7.84721115506225 	
3.74999736164879 	
3.74999639775326 	
4.24999511975073 	
2.41666347414087 	
4.12499370250193 	
0.999999625291197 	
4.09721572073792 	
0 	
3.04166258759934 	
1.99999843843719 	
1.99999910565601 	
8.44442696633845 	
5.99304157415217 	
5.49999228130676 	
3.74999606165902 	
0 	
5.74999355712244 	
2.99999744664827 	
0.999999362001564 	
3.49999639717766 	
6.9999892206101 	
1.99999815062376 	
5.87499465976564 	
2.74999823660233 	
5.74999549339148 	
0 	
5.49999252716952 	
2.7499978714374 	
7.99998308710978 	
3.9999973226816 	
6.24999030095445 	
4.1249957012606 	
0.999998745949259 	
6.49999191992448 	
5.6932752603276 	
5.76735550744888 	
7.62498880972488 	
0.999998861590164 	
4.74999370092996 	
5.49998955865075 	
4.74999416864522 	
2.99999724085389 	
2.99999895496878 	
7.89581693281501 	
0.999999674307175 	
5.74999352423446 	
2.74999823660233 	
0 	
1.99999925212376 	
0 	
4.74999592864607 	
2.99999822086715 	
5.7499943336501 	
1.99999970759252 	
6.74999060532604 	
4.99999606608101 	
0.999999320815288 	
6.74998952451467 	
3.49999456288108 	
6.24998824354968 	
0 	
2.99999895496878 	
4.24999511975073 	
1.99999842241134 	
1.99999857684425 	
0 	
5.49999458765139 	
5.49999262535064 	
1.9999981544939 	
3.74999519615548 	
6.74999089565244 	
4.74999376493105 	
0 	
0.999999674307175 	
1.99999761363494 	
4.74999334995276 	
3.8124939719025 	
2.74999756007185 	
6.24999074410148 	
0 	
3.74999709337107 	
0 	
6.76735121989627 	
2.99999839005062 	
2.99999668177881 	
7.14582020318089 	
5.74999333131475 	
4.74999268738604 	
2.74999888109405 	
8.74998385707336 	
1.99999882108138 	
3.74999614468788 	
4.74999376493104 	
6.24998993466017 	
3.49999721311114 	
4.1249957012606 	
2.74999626358476 	
1.99999925212376 	
2.74999685970157 	
0.999998481277345 	
5.74999331714238 	
5.74999429315678 	
1.49999924937879 	
2.74999823660233 	
4.74999044497335 	
4.09721675139774 	
1.4999989542961 	
2.74999823660233 	
6.84721305151012 	
0.999999955750158 	
0 	
6.10647391147191 	
2.74999678686945 	
3.74999654088158 	
2.99999744393963 	
2.7499972938257 	
2.74999866212173 	
0.999999955750158 	
5.14582580243831 	
4.74999159423241 	
5.56885573533357 	
0 	
3.99999765868495 	
5.12499088427408 	
2.99999673853966 	
0 	
4.49999643624411 	
1.99999925212376 	
6.99998873772064 	
3.99999695409411 	
5.12499492337971 	
3.49999636475662 	
4.0972179835731 	
1.49999793618377 	
4.74999739284981 	
5.42823447747528 	
3.74999608526027 	
3.12499757404253 	
1.99999925090085 	
6.24999202246043 	
4.49999455098558 	
3.99999536016988 	
3.49999765027731 	
2.41666501590486 	
5.24999473980116 	
4.12499512232064 	
6.87498579818325 	
2.74999756007185 	
1.4999989542961 	
3.74999688106753 	
0 	
7.49998761274572 	
5.74999151150157 	
4.74999507558002 	
4.74999431200742 	
4.24999511975073 	
6.24998790197337 	
6.49999048068313 	
5.74999549339148 	
0.999998883927388 	
6.2499889795931 	
0 	
0 	
4.74999507834724 	
3.74999601467187 	
5.42823340569217 	
8.14582064485365 	
4.8472166898452 	
0 	
6.2499895012704 	
3.74999531836632 	
6.09721344559533 	
2.7499972938257 	
6.99304650538657 	
1.99999872400313 	
0 	
8.12498674625989 	
0.999999874489039 	
