1.49999876307492 	
0.999999706003063 	
0.999999480761448 	
1.99999936250854 	
0 	
4.09721757222915 	
0 	
2.74999711066652 	
0.999999271778114 	
6.0972135703112 	
0 	
3.9999971536885 	
1.99999889527422 	
2.74999839465536 	
0.999999364845566 	
3.74999780596388 	
4.499996177507 	
6.0972144851974 	
3.49999516206569 	
0 	
1.99999925212376 	
0 	
0 	
0.999999362001564 	
5.12499542287476 	
4.74999291018318 	
1.99999798262039 	
0 	
5.74999429080502 	
0 	
1.99999882108138 	
0.999999190685501 	
0 	
4.99999435910225 	
1.99999937108649 	
5.49999352998098 	
2.7499972938257 	
4.49999594025185 	
5.09721338287327 	
2.99999577549888 	
0 	
0.999999955750158 	
2.74999823660233 	
3.49999716603056 	
2.74999685970157 	
2.74999783985878 	
3.99999821131202 	
1.99999925212376 	
5.12499358053184 	
2.74999756007185 	
8.09721290935614 	
0 	
4.74999581884985 	
1.99999812706582 	
0 	
2.74999888109405 	
2.74999783985878 	
2.99999704615014 	
1.9999981544939 	
0.999999674307175 	
2.99999774530102 	
2.74999756007185 	
3.49999609223892 	
4.74999496565812 	
5.49999205954021 	
0 	
0 	
2.99999724085389 	
2.99999772204389 	
0 	
4.8472166898452 	
0.999999075432228 	
2.99999703105186 	
0 	
1.99999861524161 	
1.4999991831514 	
4.74999397893805 	
3.99999754577122 	
2.99999752236798 	
4.12499636601304 	
8.49998457691522 	
5.49999309978898 	
4.99999764962317 	
2.7499978714374 	
6.24999252783351 	
0 	
0 	
7.4999888141884 	
2.9999987745015 	
4.39582867799609 	
0 	
0 	
1.99999925212376 	
0 	
1.99999887928238 	
0.999999075311881 	
0.999999364845566 	
2.7499972938257 	
4.09721644910415 	
4.74999592864607 	
3.12499757404253 	
1.49999924937879 	
4.9999952622197 	
4.49999568849901 	
3.74999554579983 	
2.99999742279683 	
0.999999674307175 	
6.09721568740019 	
1.99999889527422 	
2.7499978714374 	
6.84721078295822 	
1.99999810182898 	
3.99999629591921 	
4.74999236996264 	
8.3472063752428 	
0.999999625291197 	
3.49999492804044 	
8.24998765190682 	
0 	
0 	
0 	
2.99999772204389 	
2.74999823660233 	
2.7499978714374 	
0 	
6.74999174347922 	
1.99999750134629 	
0.999999480761447 	
4.49999643624411 	
6.49998776083448 	
4.24999511975073 	
6.62499052477389 	
3.49999716603056 	
3.12499757404253 	
5.24999439394729 	
3.49999675156946 	
2.74999756007185 	
2.49999710095548 	
2.99999895496878 	
1.49999980424771 	
0 	
0 	
0.999999625291197 	
4.74999423305128 	
0 	
0 	
0.999999190685501 	
0 	
3.49999675156946 	
0 	
0.999999955750158 	
4.49999333386052 	
0 	
2.99999911337028 	
3.74999499527448 	
3.49999716603056 	
0 	
2.99999822086715 	
4.74999170138255 	
0 	
5.59721528397891 	
3.74999499527448 	
2.99999801999699 	
8.59720881386787 	
4.24999687014716 	
0.999999743847612 	
5.74999352423446 	
4.7499964699988 	
0 	
4.09721961872707 	
0 	
3.12499681181261 	
1.9999981544939 	
0 	
0 	
1.99999910565601 	
1.49999945202234 	
2.99999654077016 	
3.49999466112027 	
1.99999798262039 	
0.999999074097364 	
3.49999679841701 	
4.12499665548851 	
2.74999676499049 	
5.87499161456932 	
3.49999654983179 	
3.49999516206569 	
3.74999704062235 	
5.99999247737669 	
7.16665763212788 	
1.99999925212376 	
0 	
2.74999676499049 	
3.74999759808387 	
0.999998514553604 	
4.09721961872707 	
0 	
3.74999608526027 	
0 	
3.99999579793103 	
2.99999764431886 	
0 	
0.999999625450423 	
3.49999710779926 	
