0.999999726098982 	
2.99999759120835 	
3.49999765027731 	
6.74999152523544 	
0.999999362001564 	
6.74998825219409 	
8.49998755531801 	
0 	
1.99999857684425 	
6.24999328701344 	
5.49998978675476 	
9.14581413441177 	
4.99999302537095 	
1.99999818104543 	
5.74999303322285 	
4.49999568849901 	
7.62498375287409 	
2.74999756007185 	
6.99999138360823 	
3.04166336847577 	
7.87498886293006 	
5.99999168777624 	
7.49999112673065 	
6.87498700385417 	
5.7499916124481 	
5.49999200293183 	
3.33680108571354 	
3.41666336987004 	
3.74999709337107 	
5.49999221480968 	
5.87499093037476 	
2.99999772204389 	
8.87498322785871 	
4.83332490349994 	
7.24998692129496 	
7.62498778244877 	
5.74304858767443 	
4.24999358023851 	
1.99999857684425 	
4.24999342510623 	
6.24998976493179 	
3.91666429428297 	
4.49999365366335 	
4.62499418802204 	
0 	
4.74999236996264 	
6.99998693352291 	
4.49999386102908 	
4.12499735276555 	
3.04166206886095 	
4.49999597994036 	
2.99999744664827 	
4.24999415334768 	
5.74999036868542 	
4.49999447432039 	
1.99999857684425 	
2.83332991025917 	
1.9999981544939 	
1.99999925212376 	
5.49999136479752 	
4.74999457715671 	
4.39582518357991 	
8.49998125952746 	
7.49998695717253 	
8.49998086026624 	
5.87499302213438 	
2.74999545845069 	
6.87498976249874 	
2.99999750757478 	
5.74999024075576 	
10.9999789944743 	
5.49999191076572 	
4.74999603024804 	
3.91666170992498 	
4.24999431078706 	
6.49998783932981 	
8.14581704944602 	
4.49999643624411 	
3.74999789214643 	
6.6249938672914 	
6.10647515842818 	
3.99999754577122 	
7.49998522708298 	
9.42822438023374 	
6.49999267253586 	
5.24999136223842 	
2.4999972404062 	
2.74999783985878 	
7.99998459908912 	
3.9999938519227 	
0.999999481250932 	
3.74999551214551 	
5.24999092604977 	
1.99999810182898 	
5.99998620555747 	
6.24998993466017 	
5.74999333131475 	
3.74999704062235 	
5.49999334041579 	
7.04165435058966 	
4.94327781424219 	
