0 	
3.74999701593621 	
5.49999223353746 	
0 	
1.99999694981218 	
3.74999704062235 	
3.99999531753781 	
1.99999910565601 	
3.49999675156946 	
1.9999981710566 	
1.99999910565601 	
5.74999387731328 	
4.74999269315449 	
3.74999704062235 	
2.99999895496878 	
8.4999839395239 	
2.7499978714374 	
0 	
2.99999844228434 	
1.99999910565601 	
0.999999364845566 	
4.74999494800343 	
0.999999533150113 	
1.99999882108138 	
1.99999882108138 	
3.74999528375309 	
0 	
1.49999980424771 	
2.99999744664827 	
0.999999533150113 	
6.87499068453221 	
2.74999866212173 	
2.99999846823145 	
2.74999756007185 	
7.7499866951994 	
0 	
0 	
0 	
6.1064753629086 	
0 	
2.74999608450569 	
4.99999613179649 	
0.999999190685501 	
4.49999392911261 	
3.74999566477666 	
4.74999592864608 	
1.99999854355623 	
4.09721562868049 	
0 	
3.9999970961061 	
2.74999756007185 	
1.99999849322372 	
0 	
0 	
5.49999361187088 	
2.74999839465536 	
3.74999608526027 	
3.74999704062235 	
1.49999959300891 	
0.999999090522717 	
3.49999639717766 	
3.74999731346903 	
1.49999945202234 	
4.12499808903932 	
5.49999152363067 	
0 	
3.12499716641525 	
5.24999406984154 	
6.4999931283958 	
2.99999744393963 	
0.999999090522717 	
1.99999949396443 	
2.41666453448906 	
0.999999364845566 	
5.24999344268458 	
4.74999441027949 	
8.59720650204858 	
0.999999625291197 	
3.99999483362146 	
4.0972179835731 	
5.09721848277407 	
6.74998902091077 	
3.74999789214643 	
1.99999935938627 	
2.74999873621326 	
2.74999728948102 	
2.74999677858222 	
0 	
1.99999843843719 	
5.12499405609554 	
2.74999689842802 	
2.99999622011283 	
3.74999731346903 	
4.74999592864608 	
2.74999756007185 	
2.7499972938257 	
3.49999862848395 	
0.999999190685501 	
2.7499978714374 	
2.99999744664827 	
0 	
0.999999075311881 	
3.74999604432589 	
2.99999786047445 	
3.49999466112027 	
1.99999904112638 	
2.74999711066652 	
1.99999910565601 	
0.999999625291197 	
1.4999991831514 	
5.24999379057734 	
3.74999701593621 	
4.74999503174738 	
2.99999801999699 	
6.99998768659191 	
4.49999343115615 	
2.74999689842802 	
2.74999676499049 	
4.0972184552507 	
3.12499716641525 	
5.49999223353746 	
1.99999882108138 	
3.74999601230337 	
3.49999675156946 	
3.74999734941714 	
5.12499205918021 	
2.41666435799602 	
2.74999676499049 	
0 	
3.87499696224642 	
4.74999500556927 	
2.74999676499049 	
3.74999614468788 	
4.24999539780908 	
2.99999803776103 	
2.41666501590486 	
0.999999151454652 	
0.999999190685501 	
7.99998801294413 	
0.999999625291197 	
3.74999670944712 	
0.999999874489039 	
1.99999910565601 	
4.74999592864608 	
3.8124935310611 	
2.99999895496878 	
1.99999843843719 	
2.74999866212173 	
0 	
4.99999433451891 	
1.4999989542961 	
5.49999132301909 	
0.999999320815288 	
0 	
0.999999481250932 	
7.49998752363232 	
0.999999271778114 	
4.12499379972232 	
1.99999904112638 	
2.62499811909508 	
0.9999994945726 	
6.24999204493782 	
0.999999481250932 	
0 	
3.99999761433513 	
2.99999862574498 	
0 	
6.74999267527051 	
1.99999798262039 	
3.74999831381977 	
7.09721143005392 	
0 	
0.999999124762434 	
0.999999625291197 	
2.74999677858222 	
0.999999955750158 	
3.74999831381977 	
0 	
0.999999625291197 	
4.99999418856545 	
5.0972178313503 	
8.34720827726816 	
3.49999844650581 	
0.999999151454652 	
4.99999596489325 	
0.999999625291197 	
5.44443582630125 	
0 	
2.74999823660233 	
4.0972179835731 	
4.41666045819494 	
4.09721502928699 	
0.999999075432228 	
5.12499405609554 	
0 	
3.74999670944712 	
0.999999320815288 	
6.99998724147329 	
2.99999764431886 	
0 	
1.99999925058239 	
4.84721774052765 	
0.999999075311881 	
6.2499924582258 	
0 	
0 	
2.74999756007185 	
3.49999618098355 	
3.99999531753781 	
0 	
5.99999396335226 	
5.74998943542848 	
0 	
0 	
0.999999362001564 	
0 	
3.99999694115299 	
0.999999533150113 	
1.99999882108138 	
4.69443854761321 	
4.09721504197768 	
3.74999679139307 	
0.999999151454652 	
6.7499912085727 	
2.74999756007185 	
5.74999440244768 	
3.74999670944712 	
3.74999551610393 	
2.99999822086715 	
1.99999896152289 	
0 	
4.74999369145108 	
3.49999597508921 	
2.99999781533434 	
2.74999677858222 	
3.49999663703507 	
0 	
5.87498979550497 	
5.42823367904833 	
3.99999689227089 	
3.49999824194872 	
2.99999774530102 	
5.49999458765139 	
3.99999483362146 	
0.999999362001564 	
2.99999830900379 	
4.74999460173615 	
1.99999815449391 	
8.49998629400001 	
0 	
2.49999907915258 	
6.12498879160678 	
5.74999517284729 	
0.999999955750158 	
5.76735576452618 	
0 	
2.74999728948101 	
0 	
1.99999835976479 	
4.74999581047407 	
7.59720838902652 	
5.74999333131475 	
2.99999846823145 	
3.74999670944712 	
1.99999970759252 	
0 	
0 	
2.99999846823145 	
4.12499671212091 	
2.7499972938257 	
0 	
4.69443922306722 	
3.74999542808003 	
0.999999674307175 	
0 	
0 	
0 	
2.7499980742022 	
2.99999846823145 	
5.39582697085207 	
2.74999866212173 	
3.74999604432589 	
0 	
7.49998835069688 	
2.74999728948102 	
5.87499261855855 	
1.99999815449391 	
5.12499533465419 	
4.99999763358665 	
2.74999678686945 	
5.24999379057734 	
1.4999989542961 	
0.999999364845566 	
1.49999881743637 	
4.83332712546214 	
1.99999910565601 	
2.99999772759547 	
1.99999910565601 	
1.99999937108649 	
0 	
6.74999065948243 	
0 	
5.09721639692462 	
1.4999989542961 	
2.74999676499049 	
4.24999623816615 	
0 	
5.84721755869248 	
2.74999517662505 	
3.49999765027731 	
0.999999625291197 	
2.7499978714374 	
2.74999823660233 	
5.49999054980227 	
6.74998961386496 	
2.99999895496878 	
3.99999439758414 	
0 	
6.49998977111723 	
4.74999374590519 	
3.12499757404253 	
5.09721670004087 	
2.7499978714374 	
2.62499782489719 	
1.99999872969113 	
5.74999293836525 	
4.99999421977512 	
0.999999271778113 	
0 	
3.99999531753781 	
2.41666254091972 	
4.74999044497335 	
3.62499619156093 	
5.99304945055006 	
2.74999677858222 	
4.7499944118049 	
0 	
4.74999383465259 	
5.74999226525377 	
3.74999614468787 	
1.99999882108138 	
2.74999735523939 	
5.44443780767254 	
3.74999373435402 	
3.12499856831199 	
2.99999821385622 	
3.74999542808003 	
9.24998065566721 	
5.74999517284729 	
5.49999341632241 	
2.99999781533434 	
2.74999873621326 	
0.999999364845566 	
2.74999887924079 	
1.99999760937355 	
0 	
4.74999376493104 	
6.24999105455718 	
5.49999368697414 	
4.0972171407793 	
0 	
2.99999819208221 	
2.74999685970157 	
0.999999533150113 	
4.99999467404801 	
4.74999505273505 	
3.49999639717766 	
5.49999512014369 	
5.74999104265543 	
3.74999679139307 	
1.99999835976479 	
2.74999782159296 	
3.74999670360931 	
0.999999320815288 	
0 	
6.99998923447935 	
0.999999494572601 	
0 	
5.49999289155029 	
1.49999881743637 	
0.999999271778114 	
5.49999192493261 	
4.74999705768371 	
1.99999882108138 	
2.99999822086715 	
4.99999320746557 	
1.99999853570796 	
0 	
0 	
1.99999910565601 	
2.99999636369529 	
7.99998508780524 	
2.99999911337028 	
2.41666394248105 	
3.87499562020505 	
2.74999839465536 	
4.12499363578315 	
0.999999874489039 	
1.49999924937879 	
3.49999675156946 	
1.99999849322372 	
