3.49999692001608 	
4.09721644910415 	
4.49999500455084 	
1.49999945202234 	
0.999999362001564 	
4.84721448679884 	
4.74999592864607 	
4.24999346265554 	
0 	
9.4999773791119 	
2.74999756007185 	
0 	
3.12499681181261 	
0 	
9.62497907226567 	
7.24998516090766 	
0.999999301397666 	
4.12499677705196 	
2.99999579691563 	
4.24999591397859 	
0.999999090522717 	
3.74999670944712 	
1.99999843843719 	
4.74999423305128 	
6.49998885470147 	
0 	
2.74999782159296 	
1.99999882108138 	
7.49998626080829 	
3.99999552792429 	
3.99999680460606 	
5.84721755869248 	
6.84721121257256 	
9.2499795661393 	
4.84721571317196 	
3.99999589657948 	
3.49999483042604 	
3.49999607911891 	
6.7499881539852 	
6.24998911466874 	
8.0416497636446 	
9.24998335924488 	
6.51735207714271 	
4.49999599964016 	
5.7499929151112 	
3.7499960774283 	
7.99998496923966 	
3.99999512739809 	
4.749993684791 	
5.76735419614519 	
5.91665811966458 	
4.99999469881492 	
2.99999764431886 	
3.74999430207062 	
4.65624563468634 	
3.04166336847577 	
1.9999986200448 	
6.84721231304716 	
3.74999780596388 	
0 	
2.74999823660233 	
5.89582100186322 	
2.74999677858222 	
2.49999864425311 	
7.74998888370798 	
4.24999674005396 	
6.99998679548651 	
6.37498708414822 	
4.74999372928712 	
4.24999404186676 	
6.49999074931301 	
9.49997984887588 	
7.84720919370837 	
0.999999481250932 	
6.49998956917023 	
2.99999764431886 	
0.999999320815288 	
5.49999422885914 	
5.89582255805381 	
5.49999223196673 	
8.99998113737431 	
5.74999020380028 	
0 	
5.37499241822527 	
3.99999531753781 	
5.74999244936239 	
0.999999481250932 	
2.74999756007185 	
6.99999435085381 	
3.74999731346903 	
3.74999456022374 	
2.7499978714374 	
3.49999765027731 	
3.74999705341554 	
3.74999780596388 	
6.99998752411093 	
6.12499043501799 	
7.24998791584979 	
7.89581655496464 	
5.62499425491563 	
0 	
8.7430387631808 	
2.49999828497185 	
1.99999815449391 	
1.99999874892738 	
5.37498843874314 	
3.99999667252078 	
5.04166024049127 	
0.999999625291197 	
2.41666501590486 	
6.40624486575774 	
9.04164793826525 	
6.12499265369942 	
2.99999877752949 	
4.69443705383212 	
2.41666453448906 	
4.74999497759338 	
6.12499265369942 	
5.49999261741509 	
0 	
2.9999987745015 	
7.12498962015677 	
4.49999604077057 	
0 	
7.12498635291705 	
7.49998925336109 	
5.24999139401871 	
0 	
4.49999687801887 	
4.24999404186676 	
6.74998864382901 	
6.74998724985187 	
4.74999434377825 	
4.87499430262964 	
3.74999670944712 	
8.19442920710822 	
6.74999093309002 	
2.49999710095548 	
7.24998867621849 	
8.42822769308922 	
5.7499931959348 	
3.74999414897702 	
2.62499688208881 	
2.99999830900379 	
4.74999459743465 	
3.74999498188414 	
5.79165645718747 	
6.4999900179501 	
6.749985587698 	
5.74999283313998 	
7.89581391705886 	
5.74999020380028 	
6.49999547924181 	
0 	
2.99999821385622 	
6.24998809544392 	
7.39582103172486 	
4.24999583786729 	
1.99999849322372 	
2.99999703105186 	
7.4999793848812 	
0 	
4.99999544672739 	
3.74999601230337 	
3.49999639717766 	
4.49999562887426 	
0 	
2.9999987745015 	
1.99999882108138 	
0 	
3.49999483042604 	
5.24999253058838 	
5.87498809777455 	
6.6249880576365 	
5.74999322513609 	
2.62499688208881 	
5.24999170873728 	
3.41666239830261 	
5.37499136767375 	
6.24999094719476 	
4.74999361738812 	
2.7499972938257 	
0 	
4.74999434390394 	
5.49999039317139 	
5.49999252716952 	
2.74999823660233 	
0.999999271778113 	
3.99999589657948 	
3.49999577590319 	
6.24999117309046 	
8.34720796785521 	
5.49999289155029 	
2.74999489337738 	
3.74999614468787 	
9.49303334891959 	
5.49999512014369 	
5.83332350696507 	
1.99999761363494 	
4.74999361738812 	
5.39582417597511 	
