0 	
0 	
0 	
0 	
0.999999480761448 	
0 	
0.999999746982215 	
0.999999948466456 	
0 	
4.74999374590519 	
2.74999759530079 	
4.24999591397859 	
0.999999320815288 	
0 	
1.99999949396443 	
1.99999925212376 	
3.74999702035387 	
4.24999553995524 	
0 	
0.999999955750158 	
1.99999882108138 	
0.999999625291197 	
0.999999874489039 	
0 	
2.74999823660233 	
1.49999944158655 	
4.39582990668647 	
0 	
0.999999320815288 	
0.999999674307175 	
2.74999823660233 	
0 	
1.99999925212376 	
3.74999702035387 	
0 	
0 	
0 	
3.74999704062235 	
5.2499925237784 	
1.99999937108649 	
0 	
1.49999945202234 	
0.999999625291197 	
3.12499681181261 	
0 	
1.99999750134629 	
2.74999626358476 	
2.74999866212173 	
2.7499978714374 	
0 	
1.99999908898271 	
1.9999981710566 	
0 	
2.7499978714374 	
0.999999955750158 	
0 	
0.999999625450423 	
1.99999882108138 	
0 	
1.99999882108138 	
0 	
2.7499978714374 	
1.99999970759252 	
0 	
2.74999756007185 	
2.74999823660233 	
0 	
1.99999925212376 	
2.7499978714374 	
4.74999705768371 	
0 	
0 	
4.74999503174738 	
1.99999882108138 	
0 	
2.7499978714374 	
2.7499978714374 	
1.99999937108649 	
0.999999358698125 	
1.99999970759252 	
0 	
0 	
2.74999873621326 	
2.74999888109405 	
1.99999925212376 	
4.74999644828165 	
0 	
0 	
0 	
0 	
1.99999882108138 	
2.74999887924079 	
2.99999857435547 	
0.999999674307175 	
3.99999821131202 	
1.99999815449391 	
0 	
0 	
1.99999807596109 	
0 	
1.49999899548204 	
2.99999819208221 	
0 	
4.74999644828165 	
2.74999866212173 	
0 	
1.99999925090085 	
0 	
0 	
2.74999888109405 	
0 	
0.999999075432228 	
1.99999937108649 	
0 	
0 	
4.49999599450929 	
0 	
0 	
0 	
3.74999709337107 	
4.74999644828165 	
3.99999695246082 	
1.99999937108649 	
1.99999935938627 	
0 	
0 	
5.49999352998098 	
3.74999731789528 	
0.999999674307175 	
0 	
0 	
0.999999703628503 	
0 	
0 	
2.99999821385622 	
1.99999910565601 	
2.74999756007185 	
0 	
0 	
0 	
0 	
3.99999629591921 	
2.99999830900379 	
0 	
0 	
3.12499757404253 	
1.99999882108138 	
2.74999887924079 	
0 	
0 	
5.74999445713511 	
0.999999362001564 	
2.74999866212173 	
3.12499804123177 	
0 	
0 	
0.999999955750158 	
3.99999809686907 	
4.0972184552507 	
2.74999888109405 	
0 	
1.99999857684425 	
3.99999585488829 	
1.99999872969113 	
0 	
0 	
1.99999937108649 	
0 	
0 	
0 	
2.74999728948102 	
1.99999970759252 	
0 	
1.99999925212376 	
0 	
1.99999896152289 	
0 	
0 	
1.99999854355623 	
0 	
0 	
1.99999857684425 	
0 	
1.99999937108649 	
3.49999609223892 	
1.99999925212376 	
0 	
0 	
0.999999674307175 	
0 	
0 	
3.99999793160788 	
0 	
0 	
0 	
0.999999625291197 	
1.99999909483913 	
1.99999857684425 	
2.74999666187245 	
0.999999271778113 	
2.74999756007185 	
1.99999857684425 	
1.99999937108649 	
2.7499978714374 	
0.999999674307175 	
2.74999823660233 	
3.49999675156946 	
1.49999945202234 	
