0 	
0 	
0 	
0 	
0.999999883968031 	
0.999999955750158 	
1.99999896152289 	
0.999999320815288 	
0 	
0 	
0 	
0 	
0 	
0 	
0.999999320815288 	
0 	
1.99999910565601 	
1.99999910565601 	
0 	
0.999999362001564 	
0 	
0 	
1.99999896152289 	
0 	
0 	
0 	
0 	
2.74999823660233 	
0 	
0 	
0 	
0 	
3.99999645026543 	
1.99999970759252 	
1.99999882108138 	
0 	
1.99999896152289 	
3.74999709337107 	
0 	
0.999999625291197 	
2.74999887924079 	
0 	
3.74999831381977 	
0 	
2.41666527764049 	
1.99999925212376 	
0 	
0 	
2.74999866212173 	
2.99999846823145 	
0 	
0.999999533150113 	
3.99999850424752 	
0.999999320815288 	
4.74999592864607 	
0 	
0 	
0 	
0 	
0.999999625291197 	
0 	
4.0972184552507 	
2.7499978714374 	
1.99999882108138 	
1.99999970759252 	
0 	
0.999999151454652 	
1.99999910565601 	
0 	
0 	
1.99999910565601 	
2.74999866212173 	
0 	
0 	
2.74999685970157 	
0.999999874489039 	
0 	
0 	
2.99999895496878 	
0.999999674307175 	
0.999999955750158 	
1.99999896152289 	
0 	
1.9999981544939 	
0.999999874489039 	
1.99999925212376 	
3.9999971536885 	
0 	
0 	
0 	
1.99999925212376 	
1.99999896152289 	
2.74999823660233 	
1.4999989542961 	
4.74999581884985 	
0 	
0.999999625291197 	
1.99999887928238 	
0.999999533150113 	
0 	
0 	
1.99999882108138 	
0.999999746982215 	
0 	
0.999999625291197 	
2.99999627145299 	
