1.49999923137703 	
0 	
0 	
1.99999910565601 	
2.99999784913588 	
2.74999756007185 	
4.74999628282461 	
1.99999857684425 	
1.49999945202234 	
4.0972184552507 	
2.99999846823145 	
0 	
4.99999699496672 	
3.99999531753781 	
0 	
0 	
4.84721571317196 	
1.99999807596109 	
0.999999625450423 	
1.49999860311264 	
0.999999874489039 	
3.99999439758414 	
0.999999674307175 	
0 	
0.9999994945726 	
0.999999481250932 	
2.99999764431886 	
0 	
0 	
0 	
2.99999846823145 	
2.99999690852732 	
1.99999882108138 	
0.999999625291197 	
4.84721717929516 	
0 	
5.87499500959238 	
0 	
0 	
3.74999780596388 	
0.999999625291197 	
1.99999853570796 	
1.49999899548204 	
0.999999362001564 	
0 	
0.999999481250932 	
1.99999910565601 	
2.99999822086715 	
0 	
0 	
0.999999151454652 	
1.49999830080934 	
1.99999970759252 	
0 	
0 	
0.999999481250932 	
1.99999798262039 	
1.99999872856566 	
0.999999674307175 	
0 	
4.24999511975073 	
1.99999910565601 	
0 	
1.99999910565601 	
2.74999888109405 	
0 	
2.74999795488737 	
0 	
0 	
1.99999861524161 	
0 	
1.99999926941578 	
2.74999823660233 	
2.74999888109405 	
1.99999854355623 	
2.74999756007185 	
2.99999772204389 	
0 	
0 	
0.999999533150113 	
0 	
0 	
0 	
4.12499759236027 	
0 	
4.99999590392521 	
0.999999481250932 	
0 	
0.999999632186113 	
0 	
1.99999970759252 	
2.74999888109405 	
3.74999789214643 	
2.74999823660233 	
4.24999641373104 	
4.49999594025185 	
0.999999533150113 	
0 	
2.99999877752949 	
3.49999544653296 	
0 	
0.999999674307175 	
0 	
4.74999496565812 	
0 	
0 	
0 	
0 	
0 	
0.999999151454652 	
1.99999937108649 	
1.99999900162489 	
2.99999688461562 	
0 	
2.74999888109405 	
2.99999681645478 	
0 	
0.999999481250932 	
1.99999857684425 	
0.999999674307175 	
0.999998923012306 	
2.99999854782064 	
0 	
2.74999795488737 	
4.84721774052765 	
2.74999783985878 	
4.74999460173615 	
4.0972184552507 	
3.49999679833093 	
1.99999857684425 	
4.74999308283868 	
4.74999562356054 	
0 	
3.49999679833093 	
2.74999689842802 	
1.99999910565601 	
0 	
0.999999874489039 	
1.99999857684425 	
2.74999887924079 	
0 	
2.99999911337028 	
2.41666527764049 	
3.49999765212327 	
0 	
3.49999765212327 	
3.49999765027731 	
2.74999756007185 	
0 	
3.99999821131202 	
0 	
0 	
0.999999271778113 	
0 	
2.99999839005062 	
0 	
0 	
1.99999935938627 	
0 	
1.99999872969113 	
0 	
2.7499972938257 	
0.999999151454652 	
2.41666501590486 	
3.99999850424752 	
3.99999667252078 	
1.99999761588545 	
7.24998818757287 	
0.999999625291197 	
2.99999753870488 	
0 	
1.4999989542961 	
0.999999533150113 	
0 	
0 	
1.99999910565601 	
0 	
0 	
0 	
0 	
1.99999925212376 	
3.74999670944712 	
2.99999744393963 	
4.12499622681232 	
3.7499977113039 	
0 	
0 	
3.41666479386283 	
0 	
3.49999716603056 	
0 	
0 	
0 	
0 	
1.99999882108138 	
1.99999937108649 	
0 	
4.74999589246849 	
0.999999955750158 	
0 	
1.49999899548204 	
1.99999970759252 	
0 	
