0 	
0 	
0 	
0 	
0 	
1.49999926114479 	
0 	
0 	
0 	
0 	
0 	
0 	
0.999999685543246 	
0 	
0 	
0 	
0.999999326122992 	
0 	
0 	
0 	
0 	
2.49999900890652 	
0 	
0 	
0 	
0 	
0 	
0 	
1.99999932899716 	
0 	
0 	
0 	
0 	
0 	
0 	
0 	
0 	
0 	
0.999999664498579 	
0 	
0 	
0 	
0 	
0 	
0 	
0 	
0 	
0 	
0 	
0 	
0 	
0.999999955750158 	
0 	
0 	
0 	
0 	
0 	
0 	
0.999999481250932 	
0 	
0 	
0 	
0 	
0 	
0.99999985379626 	
0 	
0 	
0 	
0 	
0 	
0 	
0 	
0 	
0 	
0 	
0.99999985379626 	
0 	
1.99999970759252 	
0 	
0.999999834909781 	
1.99999944585635 	
0 	
0 	
0 	
0 	
0.99999985379626 	
0 	
0 	
0.999999685543246 	
0 	
0.999999410540692 	
1.99999882143885 	
0 	
0 	
0 	
0 	
0 	
1.99999932899716 	
0.999999955750158 	
0 	
1.99999932899716 	
0 	
0 	
0 	
0 	
0 	
