6.74999248784178 	
0 	
2.49999900890652 	
0 	
2.9999977929769 	
0.999999955750158 	
0 	
0.999999685543246 	
0 	
0 	
0 	
1.99999932899716 	
5.24999383697183 	
0 	
0.999999955750158 	
4.99999620399028 	
0 	
2.99999853367808 	
2.49999888266728 	
0 	
0 	
0 	
1.99999932899716 	
2.99999732902704 	
3.99999729198589 	
4.99999682589122 	
2.49999888266728 	
0.999999955750158 	
0.999999664498579 	
0.999999955750158 	
2.99999803582339 	
1.99999835846966 	
3.99999694529401 	
0 	
0 	
1.99999932899716 	
0 	
2.999998590577 	
2.49999822650748 	
0.99999985379626 	
0.999999834909781 	
3.24999804841631 	
0.99999962606188 	
4.24999671816968 	
0 	
0.999999685543246 	
1.99999937108649 	
0 	
2.49999933657743 	
1.99999928958687 	
0.999999955750158 	
7.99998978860191 	
0 	
3.4999978833523 	
1.49999889648845 	
1.99999966981956 	
2.99999860410666 	
3.49999725557329 	
1.99999882143885 	
3.49999742189306 	
0.999999955750158 	
0.999999685543246 	
3.7499981619119 	
0.999999685543246 	
0.999999685543246 	
0.999999955750158 	
2.49999936383076 	
0.99999985379626 	
1.49999906191345 	
2.49999933657743 	
2.49999807476462 	
0 	
4.99999621840247 	
0.999999534702219 	
0 	
1.99999906940444 	
1.99999926437222 	
2.49999900890652 	
2.99999797836898 	
0 	
1.99999895379353 	
0.999999632186113 	
3.49999750992293 	
0.999999955750158 	
0 	
0 	
3.71874510985391 	
2.99999860410666 	
0.999999664498579 	
0 	
1.99999932899716 	
0.999999077246953 	
0 	
0.999999955750158 	
3.49999768200477 	
0.99999985379626 	
2.49999807476462 	
3.49999775116065 	
0 	
3.99999746649791 	
