0 	
0 	
0 	
0 	
1.99999906940444 	
0.999999664498579 	
0 	
2.99999803582339 	
0.999999955750158 	
0 	
0 	
0.999999288422125 	
0.999999955750158 	
0.999999534702219 	
2.49999888266728 	
0.999999534702219 	
0 	
0 	
0 	
0 	
0 	
0 	
1.9999984012004 	
0.999999674307175 	
0 	
0.999999664498579 	
0 	
0.99999985379626 	
0 	
0 	
0 	
0 	
0 	
0 	
0.999999664498579 	
0 	
0.999999326122992 	
1.49999973592541 	
0 	
0 	
0 	
0 	
0.99999985379626 	
0.999999534702219 	
0 	
0 	
0 	
0 	
0 	
0 	
0.999999955750158 	
0 	
0 	
0 	
0 	
0.99999985379626 	
0 	
0.99999985379626 	
0.999999834909781 	
1.49999949753796 	
1.49999949753796 	
0 	
0.999999955750158 	
0 	
0 	
0 	
0 	
0.999999664498579 	
1.99999970759252 	
0 	
0 	
0.999999955750158 	
0 	
0 	
0 	
0 	
0 	
0 	
0 	
0 	
0.99999985379626 	
0 	
0 	
0 	
0.999999534702219 	
1.49999956887986 	
0 	
0 	
0 	
0 	
0 	
0 	
0.999999685543246 	
0 	
0 	
0.999999955750158 	
0 	
2.4999989594695 	
0 	
0 	
1.99999932899716 	
0 	
0 	
0 	
0 	
0.999999955750158 	
0 	
0.999999685543246 	
0.99999985379626 	
2.74999900670956 	
1.99999882108138 	
1.99999937108649 	
0.999999247119337 	
0 	
0.999999664498579 	
1.99999932899716 	
0 	
0 	
0.999999632186113 	
0 	
0 	
0.999999534702219 	
0 	
0 	
0 	
0 	
0 	
0 	
0 	
0 	
1.99999944585635 	
0 	
0.999999664498579 	
0.999999685543246 	
0 	
1.99999849709127 	
0 	
0 	
1.49999926114479 	
0 	
0 	
2.49999900890652 	
1.99999932899716 	
1.99999882143885 	
0.999999326122992 	
0 	
0 	
0 	
0 	
0 	
0 	
0.999999410540692 	
0.999999481250932 	
0.999999674307175 	
0 	
1.99999932899716 	
0.99999985379626 	
0 	
0.999999834909781 	
0.999999664498579 	
0.999999674307175 	
1.99999932899716 	
1.99999849423867 	
0 	
0.999999664498579 	
0.999999955750158 	
0.999999685543246 	
0 	
1.99999906940444 	
0 	
0 	
0 	
0 	
1.99999865224599 	
0.999999664498579 	
0 	
0 	
2.49999933657743 	
0 	
0 	
0 	
0 	
0 	
0.999999534702219 	
0 	
0 	
0 	
0 	
2.99999899349574 	
0.999999955750158 	
0.999999955750158 	
0 	
0.999999664498579 	
1.99999932899716 	
0 	
0 	
0 	
0 	
0 	
1.99999928958687 	
0 	
0 	
0 	
0.999999481250932 	
