1.9999981260745 	
2.49999936383076 	
2.99999895380229 	
0.999999685543246 	
1.99999944585635 	
0.999999685543246 	
0 	
0 	
5.99999447636253 	
3.49999767850511 	
0.999999955750158 	
5.49999518476859 	
2.9999989755954 	
3.49999812332951 	
4.43749535853854 	
2.99999860410666 	
7.49999210802526 	
3.49999679483245 	
4.62499484996886 	
3.49999667878249 	
3.99999567151089 	
3.99999697490023 	
5.7499948930269 	
0.999999534702219 	
7.49999137021445 	
2.9999979102369 	
0 	
0 	
4.49999600688182 	
6.9999925226395 	
4.49999644946788 	
1.99999966981956 	
3.49999883066944 	
0 	
0 	
0 	
4.49999644946788 	
2.99999860410666 	
1.99999937108649 	
0 	
3.99999726474452 	
5.99999436730861 	
4.7499953649703 	
2.49999933657743 	
0.999999955750158 	
1.99999944585635 	
0.999999955750158 	
0.999999685543246 	
5.49999330338231 	
3.49999720305672 	
0.999999955750158 	
3.99999651331416 	
1.99999932899716 	
2.49999900890652 	
3.49999858345191 	
0 	
1.99999966981956 	
0 	
0.999999955750158 	
0.99999985379626 	
5.49999576145331 	
0.999999955750158 	
3.24999764452982 	
5.74999514898568 	
4.49999600688182 	
0.999999955750158 	
6.37499163229064 	
3.99999684978996 	
2.99999790492049 	
1.99999928958687 	
1.99999928958687 	
8.24999020204086 	
2.49999936383076 	
0.999999674307175 	
1.99999937108649 	
4.49999740240311 	
6.9999925226395 	
0.999999685543246 	
4.49999705893855 	
6.74999270198076 	
2.49999900890652 	
3.99999684978996 	
7.24999247673809 	
1.99999966981956 	
2.99999803582339 	
3.49999770804682 	
6.49999311801711 	
3.99999857917373 	
1.49999973592541 	
4.37499673689951 	
2.24999869415451 	
1.99999944585635 	
3.49999767859544 	
2.99999895380229 	
1.99999895379353 	
1.49999973592541 	
1.49999956887986 	
0.999999955750158 	
0.999999534702219 	
1.49999906191345 	
