1.99999966981956 	
2.49999915348231 	
3.37499647832854 	
0 	
1.99999906940444 	
1.99999944585635 	
1.99999932899716 	
1.99999937108649 	
2.9999989755954 	
1.99999863237226 	
0.999999326122992 	
0 	
5.49999670479115 	
0.99999985379626 	
0.999999834909781 	
0.999999834909781 	
4.87499563001484 	
0.999999955750158 	
2.99999719160947 	
0.99999985379626 	
4.99999507263645 	
4.24999599354057 	
2.99999790492049 	
0 	
1.49999949753796 	
2.999998590577 	
0.999999955750158 	
1.99999937108649 	
1.99999895379353 	
0.999999326122992 	
2.49999812302909 	
0.999999358698126 	
1.99999966981956 	
0.999999955750158 	
0.999999685543246 	
0.999999955750158 	
0.999999955750158 	
4.74999646096026 	
0.999999955750158 	
2.49999915348231 	
0.999999685543246 	
2.99999911337029 	
3.49999726992546 	
4.49999712428432 	
2.74999854038941 	
0.99999962606188 	
0.999999834909781 	
3.4999986734051 	
0.999999674307175 	
0 	
1.99999906940444 	
0 	
4.99999614952924 	
0.999999834909781 	
1.99999906940444 	
0.99999985379626 	
0.999999834909781 	
0 	
0.999999075432228 	
0.999999534702219 	
0.99999962606188 	
3.99999626063786 	
3.99999811576938 	
2.49999783595282 	
3.99999684978996 	
0.999999834909781 	
2.87499808825831 	
3.99999814381208 	
1.74999943565487 	
0.99999962606188 	
0.999999955750158 	
0.999999955750158 	
3.49999741145122 	
0 	
1.99999937108649 	
1.99999944585635 	
2.49999900890652 	
0 	
0.999999685543246 	
1.99999925212376 	
1.99999937108649 	
3.99999811576938 	
4.99999644258572 	
2.99999860410666 	
1.99999944585635 	
0.999999955750158 	
1.99999932899716 	
1.99999865224598 	
0.999999834909781 	
4.49999596499424 	
0.999999534702219 	
0 	
0 	
2.99999806833731 	
0.99999985379626 	
1.99999970759252 	
0 	
0 	
2.99999911337029 	
0 	
0.999999288422125 	
1.99999966981956 	
1.9999984012004 	
3.49999816132328 	
3.49999726992546 	
0.99999985379626 	
2.49999812302909 	
1.99999932899716 	
0.999999664498579 	
0 	
2.99999749506935 	
1.99999895379353 	
3.49999828167426 	
3.7499981619119 	
1.99999895379353 	
0.999999834909781 	
1.99999865224598 	
2.87499808825831 	
3.49999812332951 	
3.49999767859544 	
3.99999615484918 	
0.99999962606188 	
3.49999703308775 	
0.999999955750158 	
0.999999674307175 	
0.999999955750158 	
2.49999832048613 	
2.49999915348231 	
4.49999705893855 	
1.99999895379353 	
0.999999632186113 	
3.49999742189306 	
4.49999646770971 	
2.49999807603087 	
1.99999803162609 	
0 	
1.99999966981956 	
1.99999882143885 	
0.999999955750158 	
0 	
0 	
0.999999685543246 	
1.99999882143885 	
0 	
3.99999684978996 	
5.24999510404708 	
0.999999358698126 	
2.49999900890652 	
0 	
0.999999685543246 	
0 	
0 	
0.999999534702219 	
3.49999812332951 	
5.49999576145331 	
0 	
0 	
1.99999966981956 	
5.99999470617199 	
0 	
0 	
0.999999955750158 	
0 	
0.999999955750158 	
0.99999985379626 	
2.49999936383076 	
3.9999968024008 	
1.99999944585635 	
0.99999985379626 	
1.99999882143885 	
4.49999555712481 	
0 	
1.99999970759252 	
0 	
2.49999933657743 	
1.99999932899716 	
1.99999944585635 	
0 	
5.24999595376974 	
4.4999976960255 	
0.999999955750158 	
0 	
0 	
2.74999782168123 	
0.999999075432228 	
0.99999962606188 	
0.999999685543246 	
5.74999474363301 	
0.99999985379626 	
0 	
2.49999868031027 	
0.999999955750158 	
1.49999973592541 	
2.74999837283827 	
0.999999674307175 	
4.99999606556721 	
0.999999955750158 	
0 	
1.99999926437222 	
1.99999835846966 	
