0 	
0.999999685543246 	
3.49999750992293 	
0 	
0 	
0.999999955750158 	
0.999999674307175 	
0.999999955750158 	
1.99999863237226 	
1.99999944585635 	
0 	
1.99999937108649 	
1.99999895379353 	
0.999999326122992 	
0.999999834909781 	
0 	
1.99999849423867 	
0 	
0 	
0.999999685543246 	
1.99999932899716 	
0 	
0 	
0 	
0.999999834909781 	
3.99999813880887 	
0 	
1.49999902894885 	
0.99999985379626 	
0.999999674307175 	
0 	
0 	
0.999999326122992 	
0 	
3.49999816132328 	
0 	
0.999999534702219 	
0 	
0 	
2.99999899349574 	
0 	
0.99999985379626 	
0 	
1.99999849423867 	
0 	
0 	
3.49999816132328 	
0.999999955750158 	
0 	
0 	
3.24999804841631 	
2.99999790492049 	
0.999999077246953 	
0.999999955750158 	
2.99999749506935 	
0 	
0.999999664498579 	
0 	
1.99999906940444 	
0 	
0.999999834909781 	
1.99999932899716 	
0 	
0 	
1.49999926114479 	
0 	
0 	
1.99999906940444 	
0 	
2.49999900890652 	
0.999999955750158 	
1.99999857684425 	
0 	
3.99999684978996 	
0 	
0 	
4.24999647445915 	
0.999999955750158 	
0 	
0.999999834909781 	
0.999999481250932 	
0 	
0.999999955750158 	
2.99999812520056 	
0.999999247119337 	
0.999999685543246 	
0 	
0.99999985379626 	
0 	
5.24999595376974 	
4.49999740240311 	
0.999999834909781 	
0.999999955750158 	
0.999999685543246 	
1.99999906940444 	
0 	
0.999999664498579 	
0.999999955750158 	
0 	
3.7499981619119 	
