1.99999846627262 	
3.49999816132328 	
0 	
0 	
1.99999906940444 	
0 	
1.99999906940444 	
0.999999410540692 	
0 	
0 	
0 	
0.999999247119337 	
0 	
0 	
0.999999955750158 	
1.99999895379353 	
0.999999326122992 	
0 	
0.999999955750158 	
0.999999955750158 	
1.49999956887986 	
2.49999812302909 	
2.49999888266728 	
0.999999674307175 	
0 	
0 	
1.74999912020685 	
0.999999685543246 	
1.99999966981956 	
0 	
0.999999685543246 	
0 	
1.99999932899716 	
0 	
3.49999883066944 	
3.24999764452982 	
0 	
0.999999534702219 	
0 	
0 	
0 	
0.999999834909781 	
0.999999534702219 	
3.4999978833523 	
2.99999899349574 	
1.99999835846966 	
0.999999674307175 	
1.49999973592541 	
0 	
3.99999766208377 	
0.999999685543246 	
0.99999985379626 	
2.49999812302909 	
0 	
0 	
3.9999968024008 	
0 	
0 	
0 	
0 	
0.999999955750158 	
0.999999288422125 	
0 	
2.999998590577 	
0 	
0.99999985379626 	
0.99999985379626 	
0 	
0 	
2.99999899349574 	
0.999999834909781 	
3.99999814381208 	
1.99999895379353 	
0.999999834909781 	
0 	
3.99999615484918 	
0 	
0 	
0.999999955750158 	
0.99999962606188 	
0 	
0 	
0 	
2.49999933657743 	
0 	
0 	
1.9999984012004 	
0.999999685543246 	
2.99999895380229 	
0.999999955750158 	
2.49999822650748 	
1.99999865224599 	
0.999999834909781 	
0.999999955750158 	
0.999999326122992 	
0 	
2.49999836430149 	
0 	
0 	
2.99999803582339 	
2.999998590577 	
