1.99999932899716 	
3.49999644586819 	
0 	
5.24999563294248 	
0.999999834909781 	
2.99999812520056 	
1.99999944585635 	
1.99999865224598 	
2.999998590577 	
5.49999644485095 	
3.4999978833523 	
4.93749566001816 	
0.999999955750158 	
0.999999632186113 	
1.9999981260745 	
3.99999684978996 	
7.37499102429875 	
4.99999521041391 	
0.99999962606188 	
4.49999705893855 	
0 	
0 	
3.99999811576938 	
5.49999576145331 	
0.999999955750158 	
0.999999674307175 	
1.99999966981956 	
1.99999944585635 	
3.74999725557329 	
2.49999933657743 	
1.99999944585635 	
2.999998590577 	
4.49999658607053 	
0 	
0.999999834909781 	
4.24999720955216 	
4.37499530984812 	
1.99999882143885 	
2.99999860410666 	
5.49999473119483 	
3.49999775116065 	
0.999999685543246 	
0.999999632186113 	
5.99999325960217 	
2.999998590577 	
2.74999825154308 	
7.2499919796582 	
2.49999915348231 	
5.49999491113879 	
0.99999985379626 	
2.49999933657743 	
6.24999399960599 	
2.49999888266728 	
3.49999812332951 	
0.999999685543246 	
4.99999592135897 	
6.99999288129145 	
3.99999726474452 	
5.9999925699431 	
4.93749365625042 	
4.74999646096026 	
3.99999765212327 	
3.49999858345191 	
0 	
2.49999933657743 	
8.43748713174409 	
5.49999407357916 	
2.87499865514971 	
4.37499591834304 	
7.49999135714716 	
4.93749470536667 	
0 	
2.93749707564688 	
2.49999936383076 	
0.999999955750158 	
5.99999420226914 	
1.9999984012004 	
0 	
5.24999563294248 	
4.99999592135897 	
2.99999860410666 	
0.99999985379626 	
9.99998415811563 	
6.9999916393574 	
4.99999510540532 	
3.49999633182789 	
3.99999695763606 	
5.49999472964783 	
5.87499402071838 	
3.49999883066944 	
0.999999685543246 	
0.999999955750158 	
3.74999766668953 	
2.49999888266728 	
3.99999606325218 	
4.99999661115025 	
7.37499116947058 	
3.99999857917373 	
3.49999766668953 	
2.49999868031027 	
