0.999999879990005 	
0 	
0.999999664498579 	
0 	
0 	
0.999999955750158 	
0.999999955750158 	
0 	
0.999999955750158 	
0.999999674307175 	
0 	
0 	
0 	
0.999999955750158 	
0 	
0 	
0 	
0 	
0.999999955750158 	
0 	
0 	
0 	
0 	
0 	
0.999999685543246 	
0 	
0 	
0 	
0 	
0 	
0 	
0 	
0 	
0.999999664498579 	
0 	
0 	
0.999999481250932 	
0 	
0 	
0.999999955750158 	
0 	
0 	
0 	
0 	
0 	
0 	
0 	
0.999999534702219 	
0.999999955750158 	
0 	
0 	
0.99999985379626 	
0 	
0 	
0 	
0.999999685543246 	
0 	
0 	
0 	
0 	
0 	
0.999999326122992 	
0 	
0 	
0 	
0 	
0 	
0 	
2.49999900890652 	
0.999999955750158 	
0 	
0 	
0.999999955750158 	
0 	
0 	
0 	
0 	
0 	
0 	
0 	
0 	
0 	
0.999999955750158 	
0 	
0 	
0 	
0 	
0 	
0 	
0 	
0 	
1.99999882143885 	
0.999999834909781 	
0 	
0 	
0 	
0 	
0 	
0 	
0 	
0 	
0 	
0 	
0 	
0 	
