0.999999879990005 	
0.999999534702219 	
0 	
0 	
0.99999985379626 	
0 	
2.49999933657743 	
0 	
0 	
0.999999955750158 	
0.999999955750158 	
1.99999970759252 	
0 	
0 	
0.999999955750158 	
0 	
0 	
2.49999915348231 	
0 	
0.999999632186113 	
2.49999832048613 	
1.99999928958687 	
0.999999664498579 	
0 	
0 	
0 	
0 	
1.99999895379353 	
0.999999664498579 	
0 	
3.4999986734051 	
0 	
0.999999410540692 	
0.999999664498579 	
0 	
0.99999985379626 	
2.99999760360247 	
0 	
0.999999664498579 	
0 	
0 	
0.999999834909781 	
0 	
1.99999932899716 	
0 	
0 	
1.49999906191345 	
0 	
0.99999985379626 	
1.99999970759252 	
0.999999534702219 	
0 	
1.99999865224599 	
0 	
0 	
0.999999834909781 	
0 	
0.999999664498579 	
1.99999865224598 	
1.99999944585635 	
0 	
1.99999932899716 	
0.999999955750158 	
0 	
0 	
0 	
0.99999985379626 	
0.999999955750158 	
0 	
0 	
0 	
0 	
0 	
0.999999664498579 	
0.999999664498579 	
0.999999664498579 	
0.99999985379626 	
0 	
0 	
2.99999749506935 	
0 	
0 	
0 	
0.999999077353539 	
0 	
0 	
0 	
0.999999685543246 	
0 	
0 	
2.49999792031699 	
0 	
0 	
0 	
1.99999882143885 	
0 	
1.99999932899716 	
0.999999664498579 	
0 	
0 	
0 	
