0.999999746982215 	
0.999999685543246 	
0 	
2.49999888266728 	
2.99999803582339 	
2.74999900670956 	
0 	
0 	
2.99999760360247 	
0.99999985379626 	
0.999999834909781 	
1.49999973592541 	
0 	
0 	
0.999999664498579 	
0 	
3.99999684978996 	
0.999999534702219 	
0 	
1.99999823539067 	
0.999999834909781 	
0 	
3.99999674687401 	
1.49999973592541 	
1.99999966981956 	
0 	
1.99999882143885 	
4.99999618076607 	
0 	
0.999999326122992 	
0.999999834909781 	
0 	
0 	
1.99999849709127 	
0 	
0 	
2.999998590577 	
0 	
0 	
0 	
0.999999834909781 	
0 	
0 	
2.99999797836898 	
0.99999985379626 	
0.999999534702219 	
0 	
0 	
0.99999985379626 	
0.999999664498579 	
2.49999933657743 	
1.99999895379353 	
0 	
0.999999955750158 	
0.999999685543246 	
0 	
0 	
1.99999863237226 	
0 	
0.999999834909781 	
0.999999955750158 	
1.49999926114479 	
2.49999900890652 	
0.999999481250932 	
3.99999746649791 	
0 	
4.99999606556721 	
0 	
0 	
4.7499956740831 	
2.74999900670956 	
0.999999674307175 	
3.49999816132328 	
0.999999955750158 	
0 	
2.74999814763871 	
0.999999955750158 	
3.49999750992293 	
0 	
0 	
1.99999944585635 	
1.99999895379353 	
1.99999966981956 	
0 	
0 	
0.999999834909781 	
3.49999703308775 	
1.99999895379353 	
0.99999962606188 	
0 	
0 	
0 	
0 	
0 	
0.999999834909781 	
0.999999664498579 	
4.24999728571173 	
1.99999944585635 	
0 	
0 	
3.49999767850511 	
2.99999790492049 	
2.99999774832884 	
1.99999937108649 	
1.99999895379353 	
0 	
1.49999926114479 	
0 	
0 	
2.74999806837219 	
1.49999973592541 	
0 	
0 	
2.999998590577 	
0 	
0 	
0.999999955750158 	
0.999999664498579 	
0 	
0.999999674307175 	
0.999999664498579 	
0.999999955750158 	
1.99999865224598 	
0.99999985379626 	
2.99999803582339 	
0 	
2.99999803582339 	
0 	
1.87499872748638 	
4.74999718574034 	
3.24999786521054 	
0.999999534702219 	
3.99999615484918 	
0 	
0.999999955750158 	
0 	
0 	
0 	
1.99999944585635 	
1.9999984012004 	
0 	
0.999999834909781 	
3.49999770804682 	
2.49999915348231 	
0 	
0.999999632186113 	
0 	
0 	
0 	
0 	
0 	
2.99999812520056 	
1.99999944585635 	
2.49999881862438 	
0.999999834909781 	
0 	
0 	
0 	
0.999999834909781 	
1.49999956887986 	
0.999999664498579 	
0 	
2.49999844470935 	
2.99999774832884 	
0 	
0.999999955750158 	
3.4999986734051 	
1.99999932899716 	
0 	
0.999999955750158 	
3.9999968024008 	
0.999999834909781 	
0 	
0.999999685543246 	
1.99999815470708 	
3.99999811576938 	
0.999999664498579 	
0 	
1.99999865224598 	
0 	
1.99999906940444 	
0 	
0.999999534702219 	
0 	
0 	
1.99999871739625 	
2.49999900890652 	
0 	
1.99999835846966 	
0.999999481250932 	
0 	
0 	
0 	
0 	
0.999999955750158 	
1.99999932899716 	
0.99999985379626 	
3.49999701340659 	
0 	
0.999999955750158 	
0 	
