0.999999746982215 	
0 	
1.99999906940444 	
0 	
0 	
0 	
0 	
0 	
1.99999932899716 	
0 	
0 	
0 	
0 	
0 	
0 	
0 	
0.999999534702219 	
0 	
0.99999985379626 	
0 	
0 	
0.99999985379626 	
0 	
0 	
0.999999955750158 	
0 	
0.999999685543246 	
0.999999955750158 	
0 	
1.99999944585635 	
0 	
0.99999985379626 	
0 	
0 	
1.49999906191345 	
0 	
0 	
0 	
0 	
0 	
0 	
0.999999685543246 	
0.999999685543246 	
1.99999895379353 	
0.999999664498579 	
0 	
0 	
1.99999944585635 	
0.999999664498579 	
0 	
0.999999674307175 	
0 	
0 	
1.99999865224599 	
0 	
0 	
0.999999664498579 	
0 	
0 	
0 	
0 	
0 	
0 	
0 	
0 	
0.99999985379626 	
0 	
0.99999985379626 	
0 	
0 	
0.99999985379626 	
0 	
0 	
0.99999985379626 	
1.99999906940444 	
0 	
0 	
0 	
0.99999985379626 	
0 	
0 	
0 	
0 	
0 	
0 	
0 	
0 	
0.999999664498579 	
0 	
0 	
0 	
0 	
0.999999534702219 	
0.999999664498579 	
0 	
0 	
0.99999985379626 	
0 	
0 	
0 	
0 	
0 	
0 	
0 	
0 	
0 	
1.99999835846966 	
0 	
0 	
0 	
0.99999985379626 	
0 	
0 	
0 	
0 	
0.99999985379626 	
0 	
2.49999933657743 	
0.999999955750158 	
0 	
0 	
0 	
0.999999664498579 	
0 	
1.49999973592541 	
2.99999860410666 	
0 	
0.999999664498579 	
0.999999534702219 	
2.99999823162208 	
0 	
1.99999970759252 	
0 	
0.999999534702219 	
0.999999534702219 	
0.99999985379626 	
0 	
0 	
0.999999664498579 	
0.999999955750158 	
0 	
0 	
0 	
0 	
0 	
0 	
0 	
0 	
0 	
0 	
0.999999685543246 	
0.99999985379626 	
3.4999986734051 	
1.99999895379353 	
0.999999664498579 	
0 	
0 	
0 	
0 	
0 	
0 	
0 	
0.999999664498579 	
0 	
0 	
0.99999985379626 	
0 	
0.999999955750158 	
0.999999664498579 	
0 	
0.999999664498579 	
0 	
1.49999926114479 	
0.999999664498579 	
0 	
0 	
0 	
0 	
0.99999985379626 	
0.99999985379626 	
0 	
0 	
0.999999955750158 	
0.999999834909781 	
0 	
0 	
0.999999664498579 	
0.99999985379626 	
1.99999865224599 	
0.999999955750158 	
0 	
0 	
0.999999955750158 	
0.999999077353539 	
0 	
0 	
0 	
0 	
1.99999895379353 	
0 	
0 	
