0 	
6.74999399826025 	
3.49999883066944 	
2.99999760360247 	
0.99999985379626 	
0.999999834909781 	
0.999999834909781 	
0.999999534702219 	
5.49999590566156 	
0.999999955750158 	
0.999999632186113 	
2.49999822650748 	
3.49999766668953 	
5.2499943774759 	
1.99999937108649 	
1.99999895379353 	
2.49999787497659 	
1.49999889648845 	
1.99999882143885 	
1.99999926437222 	
0 	
0.99999985379626 	
3.99999615770059 	
2.99999790492049 	
2.9999977929769 	
1.99999944585635 	
4.74999646096026 	
9.24998639354565 	
0.999999481250932 	
0.999999955750158 	
0 	
1.99999906940444 	
3.49999673832265 	
2.99999760360247 	
0.999999534702219 	
2.49999844470935 	
0.999999674307175 	
3.49999716366584 	
3.49999770804682 	
6.4999921999461 	
0.999999632186113 	
5.24999383697183 	
2.49999933657743 	
2.9999977929769 	
4.49999750676444 	
1.99999944585635 	
1.99999849709127 	
3.99999615484918 	
2.49999787497659 	
0 	
3.49999816132328 	
0.99999985379626 	
0.999999834909781 	
4.68749347035543 	
1.99999895379353 	
0 	
1.99999815470708 	
3.87499672669793 	
3.49999633182789 	
1.99999966981956 	
3.93749641866594 	
0 	
2.49999936383076 	
0 	
3.99999733381657 	
4.49999622423862 	
0 	
0.999999955750158 	
5.24999623371613 	
3.49999883066944 	
0 	
2.49999933657743 	
4.46874497875591 	
0.999999534702219 	
1.99999865224599 	
4.99999614952924 	
3.99999615484918 	
6.24999352257047 	
4.99999540266986 	
4.99999664097225 	
8.99998702511986 	
3.99999751117314 	
1.99999944585635 	
4.99999494874976 	
3.7499965117928 	
4.49999669987334 	
6.24999436730861 	
3.49999737492793 	
3.49999742189306 	
6.74999309505112 	
6.49999416137573 	
1.99999823539067 	
0.999999358698126 	
3.49999816132328 	
5.24999510404708 	
0.999999685543246 	
4.49999750676444 	
1.49999956887986 	
1.99999966981956 	
1.99999966981956 	
