0 	
0 	
4.87499428972893 	
0.999999955750158 	
3.74999745002675 	
0.999999685543246 	
4.99999614952924 	
1.74999884100239 	
1.99999932899716 	
0.999999685543246 	
2.99999790492049 	
1.49999973592541 	
2.999998590577 	
4.4999958286395 	
0.999999481250932 	
0.999999955750158 	
1.49999956887986 	
3.99999729198589 	
0.999999664498579 	
0 	
1.99999970759252 	
0 	
0.99999962606188 	
0.999999685543246 	
2.74999782168123 	
3.49999770804682 	
1.99999970759252 	
4.49999603250381 	
0.999999955750158 	
2.99999723206061 	
1.99999944585635 	
0.999999632186113 	
0 	
0.999999955750158 	
3.9999976428777 	
5.49999670479115 	
4.49999600688182 	
1.99999966981956 	
2.99999835196365 	
4.49999718574034 	
2.9999989755954 	
0 	
3.999996252149 	
2.99999760360247 	
0 	
4.49999573764605 	
0.999999534702219 	
0 	
1.99999865224598 	
0 	
2.49999807476462 	
0.999999955750158 	
0 	
0 	
4.74999599044672 	
3.49999703308775 	
0 	
1.99999871082045 	
0.999999955750158 	
2.71874713703934 	
4.49999718574034 	
3.49999775116065 	
4.99999606556721 	
1.96874759971777 	
0.999999674307175 	
4.4999960325038 	
4.99999664097225 	
3.49999883066944 	
0 	
0.999999955750158 	
0.999999664498579 	
0 	
1.99999944585635 	
2.9999989755954 	
0.999999834909781 	
0 	
0 	
3.49999883066944 	
4.99999674050888 	
2.9999989755954 	
4.74999572644327 	
0 	
0 	
0.999999534702219 	
0 	
1.99999944585635 	
5.24999615206174 	
2.9999989755954 	
1.99999895379353 	
0 	
2.99999911337029 	
4.74999683755573 	
4.24999591084221 	
4.99999652459213 	
0.999999955750158 	
0 	
0.99999962606188 	
2.49999933657743 	
2.999998590577 	
4.49999718183517 	
