1.49999949753796 	
1.99999944585635 	
0 	
0 	
2.49999888266728 	
0.99999985379626 	
0.999999834909781 	
0 	
5.49999518476859 	
0.999999534702219 	
0.99999985379626 	
0 	
1.99999835846966 	
1.99999970759252 	
0.999999534702219 	
0 	
1.99999970759252 	
0 	
1.49999973592541 	
0.999999674307175 	
1.99999882143885 	
0.999999685543246 	
0.999999664498579 	
2.49999936383076 	
0.999999834909781 	
0.999999955750158 	
1.99999895379353 	
0.999999247119337 	
1.49999973592541 	
0 	
0 	
0 	
1.9999984012004 	
0.99999962606188 	
1.49999973592541 	
0 	
2.99999911337029 	
0 	
1.9999984012004 	
3.49999812332951 	
4.99999664097225 	
0 	
1.49999973592541 	
1.99999835846966 	
0 	
0.999999955750158 	
4.74999563001484 	
0.999999955750158 	
2.99999899349574 	
0 	
1.99999928958687 	
2.99999723818126 	
0.999999534702219 	
0 	
0 	
1.49999956887986 	
0 	
0.999999685543246 	
1.99999932899716 	
0 	
3.99999730449197 	
1.99999944585635 	
1.99999849709127 	
3.9999976428777 	
0.999999955750158 	
0.999999534702219 	
2.74999900670956 	
2.99999812520056 	
0.999999955750158 	
0.999999955750158 	
0 	
1.99999823539067 	
0 	
0 	
0.999999247119337 	
0.999999955750158 	
0.999999685543246 	
1.49999949753796 	
0.999999834909781 	
0 	
2.9999989755954 	
1.99999944585635 	
0 	
0.999999955750158 	
0.999999664498579 	
0 	
0.999999955750158 	
1.99999863237226 	
1.99999803162609 	
2.49999888266728 	
0.999999077353539 	
0.999999632186113 	
0 	
2.49999807476462 	
2.99999790492049 	
3.49999883066944 	
0 	
0.999999685543246 	
3.49999726639481 	
4.74999699065414 	
0.999999685543246 	
0 	
0.999999674307175 	
1.99999895379353 	
0 	
1.99999906940444 	
0.999999955750158 	
2.4999989594695 	
0 	
0.99999985379626 	
0 	
1.49999926114479 	
0 	
0 	
0.999999674307175 	
1.99999970759252 	
0 	
2.99999860410666 	
2.99999702665085 	
2.99999723818126 	
4.4999976960255 	
0.999999834909781 	
2.49999900890652 	
0.999999326122992 	
0.99999985379626 	
0 	
0.99999985379626 	
3.99999615484918 	
2.99999749506935 	
2.99999718830387 	
0 	
0 	
3.49999816132328 	
4.62499437611097 	
2.49999915348231 	
3.24999742379328 	
0 	
0.999999534702219 	
0 	
2.74999825154308 	
0 	
0 	
1.49999949753796 	
0.999999955750158 	
1.99999895379353 	
0 	
2.49999900890652 	
1.99999895379353 	
0 	
2.49999900890652 	
0 	
0 	
0 	
0 	
1.99999932899716 	
0 	
1.99999966981956 	
1.74999943565487 	
0.99999985379626 	
0.999999834909781 	
0 	
2.49999936383076 	
0 	
0 	
0 	
1.99999895379353 	
0.999999685543246 	
4.49999705893855 	
0 	
1.49999973592541 	
0.999999955750158 	
0 	
2.74999825154308 	
0.999999664498579 	
3.74999797298752 	
1.99999944585635 	
1.99999970759252 	
0.999999955750158 	
1.99999944585635 	
0 	
0.999999834909781 	
3.49999673832265 	
0.999999955750158 	
3.4999986734051 	
0.999999685543246 	
1.99999932899716 	
2.74999854038941 	
1.99999863237226 	
2.49999900890652 	
0 	
1.99999970759252 	
0.999999834909781 	
0.999999834909781 	
0 	
0 	
2.49999881862438 	
2.99999899349574 	
1.99999970759252 	
0.999999632186113 	
0 	
