0 	
0 	
0 	
0 	
0 	
0 	
0 	
0 	
0 	
0 	
0 	
0.999999850339695 	
0 	
0 	
0 	
0 	
0 	
0 	
2.66666163771134 	
4.9999936731467 	
0 	
0 	
0 	
0 	
0 	
0 	
0 	
0 	
0 	
4.99999730802411 	
4.99999730802411 	
0 	
0 	
4.99999730802411 	
0 	
0 	
2.9999955474464 	
0 	
0 	
0 	
0 	
0.999999634707892 	
0 	
1.99999926941578 	
0 	
1.99999862004479 	
6.49999364918853 	
0 	
6.499989767596 	
0 	
0 	
0 	
0 	
0 	
2.74999835632591 	
0 	
3.99999654227145 	
0 	
0 	
0.999999746982215 	
0.999999135567864 	
1.99999926941578 	
0 	
3.87499565644467 	
0.999999135567864 	
0 	
0 	
0 	
0 	
5.99999051320508 	
0 	
0 	
0 	
0 	
0 	
0 	
0 	
1.99999926941578 	
0 	
0 	
0 	
0 	
0 	
4.99999730802411 	
0 	
2.99999838481446 	
0 	
0 	
0 	
0 	
1.99999926941578 	
0 	
0 	
0 	
0 	
0 	
0 	
0 	
4.99999267692019 	
4.99999730802411 	
0 	
1.99999926941578 	
0 	
0 	
1.99999900162489 	
0 	
0.999999310022398 	
0 	
0 	
0 	
2.99999695761669 	
7.93748140233746 	
0 	
0.999999271778114 	
0 	
0 	
0 	
4.99999492936115 	
0 	
