0 	
0 	
0 	
0 	
0 	
0 	
0 	
0 	
0 	
0 	
1.999994320466 	
0.999998949472322 	
1.49999867042621 	
0 	
0 	
0 	
0 	
0.999996622516367 	
0.999999726098983 	
0 	
0 	
6.49998825850192 	
6.74999013530726 	
6.74998796211415 	
0 	
8.71872830109576 	
3.49999216572201 	
1.99999719818003 	
0 	
0.999999527826406 	
1.4999989542961 	
6.93748020487312 	
0 	
0.999999634707892 	
4.49999621683333 	
3.87499690136819 	
1.99999670479698 	
5.74998958438072 	
4.24999342510623 	
0 	
0 	
5.49998989302386 	
4.74999065293447 	
9.24998323045621 	
3.74999127861218 	
0 	
1.99999900162489 	
0 	
2.99999740670359 	
0.999998571245522 	
0.999999634707892 	
0 	
0 	
2.74999835632591 	
0 	
5.62499085508098 	
1.99999926941578 	
0 	
2.74999689842802 	
3.99999636986277 	
0.999999135567864 	
2.99999838481446 	
1.99999827113573 	
2.74999569902364 	
5.9687364049663 	
4.99999168790678 	
4.99999484195386 	
2.99999571373657 	
4.99999492936115 	
0 	
1.99999906725881 	
0.999999634707892 	
0.999998571245522 	
0 	
2.99999451971464 	
3.99999499619055 	
3.49999542282686 	
0 	
1.9999981710566 	
0 	
4.74999319137403 	
4.74998984380227 	
4.99999492936115 	
2.99999924094665 	
1.99999736794324 	
0 	
0.999998571245522 	
4.74999252530576 	
2.99999695761669 	
0 	
3.99999174590549 	
1.99999827113573 	
1.99999827113573 	
0.999999135567864 	
0 	
5.99999165714047 	
7.93747975755259 	
3.49998941173192 	
1.99999926941578 	
0 	
0 	
0 	
0 	
1.99999900162489 	
0.999997670518856 	
3.99999602987367 	
0 	
7.67082757736247 	
0 	
1.99999670479698 	
5.49999300573656 	
4.9999963887334 	
2.99999571373657 	
0 	
9.17081929195597 	
5.74999243164974 	
5.99998410193093 	
4.99998870744736 	
1.99999841283459 	
