1.99999970759252 	
1.9999982342004 	
3.99999636622452 	
1.9999982342004 	
1.9999982342004 	
1.9999988064692 	
1.9999988064692 	
1.9999988064692 	
3.99999636622452 	
1.99999926941578 	
3.99999636622452 	
1.99999926941578 	
0 	
0 	
3.99999850424752 	
0 	
1.99999925212376 	
1.9999988064692 	
1.99999926941578 	
0 	
3.99999636622452 	
3.99999748534765 	
1.99999815449391 	
3.99999636622452 	
3.99999748534765 	
3.99999636622452 	
3.99999636622452 	
0 	
1.99999878934161 	
1.99999926941578 	
3.99999748534765 	
3.99999748534765 	
1.99999970759252 	
1.99999970759252 	
1.99999878934161 	
1.9999988064692 	
1.99999926941578 	
0 	
1.99999925212376 	
1.99999815449391 	
0 	
0 	
3.99999636622452 	
1.99999878934161 	
1.99999815449391 	
1.99999970759252 	
1.9999988064692 	
1.99999882108138 	
1.99999970759252 	
1.9999982342004 	
1.99999970759252 	
0 	
3.99999850424752 	
1.99999970759252 	
1.9999988064692 	
1.99999926941578 	
3.99999748534765 	
3.99999748534765 	
3.99999850424752 	
1.99999878934161 	
1.9999982342004 	
1.99999926941578 	
0 	
3.99999748534765 	
3.99999636622452 	
1.9999982342004 	
3.99999748534765 	
1.9999988064692 	
1.99999970759252 	
1.99999926941578 	
1.9999988064692 	
1.99999925212376 	
1.9999982342004 	
1.9999988064692 	
1.99999882108138 	
0 	
3.99999748534765 	
3.99999748534765 	
3.99999850424752 	
1.99999970759252 	
1.9999988064692 	
3.99999748534765 	
0 	
3.99999636622452 	
1.99999970759252 	
1.99999815449391 	
1.9999988064692 	
0 	
1.99999815449391 	
1.99999926941578 	
3.99999748534765 	
3.99999850424752 	
1.99999970759252 	
1.99999970759252 	
1.99999926941578 	
0 	
1.99999878934161 	
1.99999926941578 	
1.99999926941578 	
1.99999970759252 	
