0 	
0 	
0 	
0 	
0 	
0 	
0 	
0 	
0 	
0.999999955750158 	
0 	
0 	
0 	
0 	
0 	
0 	
0 	
0 	
0 	
0 	
0 	
0 	
0 	
0 	
4.74999535110479 	
0 	
0 	
0 	
0 	
0 	
0 	
0.999999634707892 	
0 	
0 	
0 	
0 	
0 	
0 	
0 	
0 	
0 	
0 	
0 	
0 	
0.999999634707892 	
0 	
0 	
0 	
0 	
0 	
0 	
1.9999981710566 	
0 	
0 	
0.999999634707892 	
0 	
0 	
0 	
0 	
0 	
0 	
0 	
0 	
0.999999634707892 	
0 	
0 	
0 	
2.99999838481446 	
0 	
0 	
0 	
0 	
0 	
0 	
0 	
0 	
0 	
0 	
0 	
0 	
0 	
0 	
0 	
0 	
0 	
0 	
0 	
0 	
0 	
0 	
0 	
0 	
0 	
0 	
0 	
0 	
0 	
0 	
0 	
0 	
0 	
0 	
0 	
0 	
0 	
0 	
0 	
0 	
0 	
