0 	
0 	
1.66666634056042 	
0 	
0 	
0.999999901248782 	
0 	
3.55554237343054 	
0 	
0.999999726098983 	
0.999999075432228 	
1.49999687086126 	
1.9999982500707 	
0 	
0 	
0 	
0 	
9.4374672246243 	
2.99999781533434 	
0 	
0 	
9.68748018715267 	
0 	
4.99999484195386 	
2.99999515386606 	
0 	
0 	
2.99999656422529 	
0 	
0 	
0 	
2.99999787734047 	
0 	
0 	
0 	
0 	
0 	
5.6249880841032 	
0 	
0 	
9.18747037669895 	
6.74998962592952 	
0 	
2.99999695761669 	
3.49999542282686 	
1.9999981710566 	
0 	
4.74999275995838 	
0 	
2.74999835632591 	
0.999999634707892 	
0 	
0 	
1.99999926941578 	
0.999999634707892 	
1.99999827113573 	
0 	
3.49999626978175 	
1.99999926941578 	
0.999997908177554 	
0 	
0 	
0 	
0 	
0 	
0 	
1.49999866891271 	
0 	
8.93747796373622 	
0 	
3.49999673886277 	
0 	
4.09721860938804 	
2.74999569902364 	
1.9999981710566 	
0 	
0 	
2.99999372386623 	
4.74999535110479 	
2.74999835632591 	
0.999999358698125 	
4.9999963887334 	
0 	
3.74999614468788 	
1.9999981710566 	
4.74999535110479 	
2.99999809674709 	
1.49999907939518 	
4.74998568398634 	
0 	
0 	
3.99999522897315 	
2.74999569902364 	
2.9999955474464 	
5.9999944559453 	
3.87499160350133 	
0 	
0.999998571245522 	
0 	
0 	
0 	
1.99999926941578 	
4.99998975018862 	
2.74999835632591 	
2.74999603578856 	
0.999999634707892 	
4.74999260834536 	
0 	
4.24999287582382 	
4.99999484195386 	
2.99999695761669 	
0 	
0 	
0.999999085528302 	
0 	
0 	
