0 	
0.999999884905103 	
0.999999884905103 	
0.999999884905103 	
0.999999632186113 	
0 	
0 	
0 	
0 	
0 	
0 	
0 	
0 	
0 	
0 	
0 	
1.99999970759252 	
0 	
0 	
0 	
1.99999970759252 	
0 	
1.99999970759252 	
1.99999925212376 	
0 	
1.99999970759252 	
1.99999925212376 	
1.9999988064692 	
1.99999926941578 	
0 	
1.99999882108138 	
0 	
1.99999970759252 	
1.99999926941578 	
0 	
1.99999970759252 	
1.99999882108138 	
3.99999748534765 	
0 	
0 	
1.99999970759252 	
1.9999988064692 	
0 	
0 	
0 	
0 	
0 	
0 	
0 	
0 	
0 	
0 	
0 	
1.99999878934161 	
0 	
1.99999970759252 	
0 	
0 	
0 	
1.99999970759252 	
0 	
1.99999926941578 	
1.99999926941578 	
0 	
1.99999878934161 	
0 	
0 	
1.99999970759252 	
0 	
0 	
1.99999815449391 	
1.99999970759252 	
1.9999988064692 	
0 	
1.99999878934161 	
1.99999925212376 	
1.99999926941578 	
0 	
0 	
1.99999882108138 	
1.99999926941578 	
1.9999988064692 	
1.99999882108138 	
1.9999988064692 	
0 	
1.99999878934161 	
0 	
0 	
0 	
1.99999970759252 	
1.99999970759252 	
0 	
0 	
0 	
3.99999636622452 	
0 	
1.99999882108138 	
1.99999970759252 	
0 	
1.99999926941578 	
1.99999970759252 	
1.99999926941578 	
0 	
0 	
1.99999926941578 	
1.99999970759252 	
1.99999878934161 	
1.99999926941578 	
1.9999988064692 	
0 	
0 	
0 	
0 	
1.99999926941578 	
