0 	
0 	
0.999999707766314 	
0 	
0 	
0.999999669088326 	
0 	
0 	
0 	
0 	
0.999999669088326 	
1.66666511387485 	
2.16666093676856 	
1.66666481653782 	
0 	
0 	
0 	
0 	
0.99999806681734 	
0 	
4.99999492936115 	
1.99999736794324 	
0 	
0.999999634707892 	
6.24998699555489 	
6.9999851698916 	
0 	
0 	
0 	
0 	
0.999999500812446 	
3.74999554579983 	
0 	
4.74998984380227 	
0 	
0 	
0.999999500812446 	
0 	
0 	
0.999999634707892 	
0 	
5.96874253426325 	
2.74999370575605 	
0 	
0 	
0 	
0 	
1.99999926941578 	
1.99999761363494 	
0 	
3.99999489966709 	
4.99999492936115 	
2.99999656422529 	
0 	
6.49999274523953 	
0 	
0.999999955750158 	
1.99999841283459 	
0 	
0 	
2.99999395478375 	
2.99999695761669 	
0 	
2.99999695761669 	
0 	
0 	
2.99999924094665 	
7.24998255373905 	
0.999999085528302 	
0 	
3.99999379471168 	
2.74999689842802 	
0 	
0 	
1.99999900162489 	
6.49998318933214 	
0 	
0 	
0 	
0 	
4.49999537575188 	
3.87499759581631 	
0 	
0.999999135567864 	
6.3032286202261 	
0 	
0 	
0 	
1.99999761363494 	
0 	
0 	
2.99999887635127 	
0 	
6.24999017047697 	
0 	
0 	
4.74999275995838 	
0 	
0 	
0 	
0 	
3.74999402897985 	
1.99999827113573 	
0 	
8.24998345685756 	
0 	
0 	
0 	
4.99999682791182 	
3.49999362891344 	
4.9999936731467 	
4.99999245673487 	
1.99999827113573 	
0 	
0 	
1.9999981710566 	
0 	
1.99999900162489 	
0 	
