0 	
0 	
0 	
0 	
0.999999884905103 	
0 	
0 	
0 	
0 	
0 	
0 	
0 	
0 	
0.999999901248782 	
0 	
0 	
0 	
0 	
0 	
0 	
0.999999948466456 	
0.999999948466456 	
0.999999884905103 	
0 	
0 	
1.99999970759252 	
1.99999925212376 	
0 	
1.99999970759252 	
0 	
0 	
0 	
0 	
0 	
0 	
0 	
0 	
0 	
0 	
1.99999926941578 	
0 	
0 	
1.99999925212376 	
0 	
0 	
0 	
0 	
1.99999970759252 	
0 	
0 	
1.99999926941578 	
0 	
0 	
0 	
0 	
0 	
1.99999970759252 	
0 	
0 	
1.99999926941578 	
0 	
1.99999970759252 	
1.9999988064692 	
1.99999882108138 	
1.99999926941578 	
0 	
0 	
0 	
0 	
0 	
0 	
1.99999970759252 	
0 	
1.99999970759252 	
1.99999970759252 	
0 	
1.99999926941578 	
0 	
1.99999926941578 	
0 	
1.9999988064692 	
1.99999970759252 	
0 	
1.99999970759252 	
0 	
1.99999882108138 	
1.9999982342004 	
1.99999925212376 	
0 	
0 	
1.99999878934161 	
0 	
1.99999970759252 	
0 	
1.99999926941578 	
0 	
0 	
1.99999925212376 	
1.99999970759252 	
1.99999970759252 	
0 	
0 	
0 	
0 	
0 	
0 	
1.99999970759252 	
0 	
0 	
0 	
0 	
0 	
1.99999878934161 	
1.99999925212376 	
0 	
1.99999878934161 	
1.99999925212376 	
0 	
1.99999878934161 	
0 	
0 	
0 	
1.99999926941578 	
