0.999999669088326 	
0 	
0 	
0 	
0 	
0 	
0 	
0 	
1.66666393085713 	
0.999999707766314 	
0 	
0 	
0 	
0.999999707766314 	
0 	
0 	
0 	
0 	
0 	
2.99999695761669 	
0 	
0 	
0 	
0 	
0 	
4.74999535110479 	
0 	
0 	
0 	
0 	
0 	
1.9999981710566 	
2.74999835632591 	
0 	
0 	
0 	
0 	
0 	
6.49999364918853 	
0 	
0 	
0 	
0 	
1.99999827113573 	
2.99999781533434 	
0 	
3.87499759581631 	
4.49999427881309 	
0 	
0 	
0 	
0 	
0 	
0 	
0 	
2.74999569902364 	
0 	
0 	
0 	
0 	
0 	
0 	
0 	
0.999999634707892 	
0 	
0 	
0.999999135567864 	
2.99999887635127 	
0 	
0 	
0 	
2.99999656422529 	
8.49998196523272 	
0 	
6.74998962592952 	
0 	
6.93748361105591 	
1.99999926941578 	
3.49999325186705 	
4.74999535110479 	
3.74999831381977 	
0 	
0 	
0 	
0.999999135567864 	
4.99999492936115 	
0 	
0 	
0 	
0 	
0 	
3.49999492804044 	
0 	
3.99999636986277 	
4.74999202161167 	
0 	
1.99999926941578 	
0 	
0 	
2.74999835632591 	
3.87499565644467 	
2.99999740670359 	
0 	
0 	
0.999999527826406 	
0 	
3.87499565644467 	
0 	
0 	
1.99999670479698 	
1.99999827113573 	
0.999999090522717 	
1.99999827113573 	
4.49999427881309 	
6.24998699555489 	
0 	
2.74999689842802 	
3.74999614468788 	
