0 	
0 	
0 	
0 	
0 	
0 	
2.99999838481446 	
0 	
4.99999730802411 	
0 	
0 	
0 	
0 	
3.49999542282686 	
0 	
3.49999701080513 	
0 	
0 	
0.999999634707892 	
0 	
0 	
0 	
1.99999827113573 	
0 	
0 	
1.99999926941578 	
0 	
0 	
0.999999135567864 	
2.99999838481446 	
0 	
0 	
0 	
0 	
0 	
0 	
0 	
0 	
0 	
0 	
0 	
0 	
0 	
0 	
2.99999838481446 	
0 	
0 	
0 	
0.999999746982215 	
0 	
0 	
0 	
0 	
0 	
0 	
0 	
0 	
0 	
0 	
0 	
0 	
0.999999746982215 	
0 	
0 	
0 	
0 	
0 	
0 	
0 	
0 	
0 	
0 	
0 	
0 	
0 	
2.99999739365314 	
0.999999085528302 	
0.999999955750158 	
0.999999955750158 	
0 	
0 	
0 	
3.87499759581631 	
0 	
0.999999634707892 	
4.99999492936115 	
0 	
0 	
0 	
0 	
0 	
0 	
0 	
4.99999730802411 	
0 	
0 	
0 	
0 	
0 	
0 	
0 	
0 	
0 	
0 	
0 	
0.999999634707892 	
