0 	
0 	
0 	
0 	
0 	
0 	
0 	
4.49999518470771 	
2.99999704695937 	
0 	
0 	
0.999999630141741 	
0 	
2.99999678039367 	
0 	
3.99999859703249 	
2.99999887635127 	
0 	
0.999999743847612 	
0 	
0 	
2.99999671818565 	
2.99999601885319 	
2.99999678039367 	
0 	
0 	
2.99999797807344 	
0 	
3.99999657689073 	
2.99999817663496 	
2.99999671818565 	
1.49999934669477 	
1.49999944158655 	
0 	
0.999999743847612 	
2.99999709765145 	
0.999999481250932 	
0 	
1.49999944158655 	
2.99999817663496 	
0 	
1.49999944158655 	
2.99999797807344 	
3.99999446363889 	
0 	
0 	
0 	
2.99999887635127 	
0 	
1.49999944158655 	
2.99999709765145 	
0 	
0 	
2.99999704695937 	
0.9999994945726 	
3.99999859703249 	
0 	
2.99999817663496 	
2.99999671818565 	
0 	
0.999998259031573 	
0 	
0 	
0 	
0 	
0 	
0 	
3.9999958506191 	
0 	
0 	
2.99999637597357 	
2.99999797807344 	
0 	
2.99999924094665 	
0 	
0 	
1.49999944158655 	
0 	
4.49999686688106 	
3.99999523917794 	
0 	
0 	
0.999998750375256 	
0 	
0 	
0.999998750375256 	
2.99999637597357 	
0 	
2.99999924094665 	
2.99999924094665 	
0 	
2.99999797807344 	
2.99999797807344 	
0 	
0.999999955750158 	
2.99999709765145 	
2.99999551273941 	
2.99999797807344 	
0 	
2.9999980945367 	
2.99999817663496 	
0 	
0 	
0 	
1.49999944158655 	
0 	
0 	
0 	
0.999999630141741 	
2.99999817663496 	
2.9999980945367 	
0.999999743847612 	
2.99999817663496 	
0 	
2.99999709765145 	
0 	
2.9999980945367 	
0 	
0 	
1.49999944158655 	
1.4999989542961 	
0 	
0 	
0 	
2.99999709765145 	
0 	
0 	
2.99999709765145 	
0.999999630141741 	
2.99999817663496 	
0.999999387104185 	
0.9999994945726 	
2.99999709765145 	
2.99999671818565 	
0 	
2.99999887635127 	
0.999998791902575 	
0 	
0 	
0 	
3.99999687853648 	
0 	
2.99999887635127 	
0 	
0 	
1.49999934669477 	
0 	
0 	
0 	
2.99999797807344 	
1.49999817397798 	
0 	
2.99999817663496 	
0 	
0 	
0 	
3.99999698113519 	
0 	
0 	
0 	
0 	
0 	
1.49999944158655 	
0 	
1.99999664070763 	
1.99999723632745 	
0 	
0 	
2.99999671818565 	
0 	
2.99999797807344 	
0 	
1.99999892337733 	
0.999998553385877 	
2.99999797807344 	
2.99999709765145 	
2.99999887635127 	
0 	
2.9999980945367 	
0 	
0 	
0 	
0.999999387104185 	
0.999999632186113 	
2.99999797807344 	
0 	
0 	
2.99999709765145 	
0 	
0 	
0 	
2.99999671818565 	
2.99999709765145 	
2.99999924094665 	
2.9999980945367 	
2.99999709765145 	
1.49999914206631 	
3.99999657689073 	
0.999999955750158 	
2.99999704695937 	
3.99999476900474 	
0 	
2.99999551273941 	
0.999999151454652 	
1.49999793618377 	
0.999999834909781 	
0 	
