3.99999657689073 	
6.99998679855389 	
2.99999704695937 	
4.49999622776905 	
4.49999518470771 	
3.99999523917794 	
3.99999312988294 	
3.49999677289243 	
2.99999551273941 	
0.999999632186113 	
4.49999234825624 	
2.99999637597357 	
6.49998715471644 	
6.49999313743395 	
4.49999315057257 	
4.99999546328436 	
3.99999523917794 	
2.99999671818565 	
2.99999709765145 	
2.99999551273941 	
2.99999551273941 	
4.49999268629217 	
2.49999829438316 	
1.99999613270456 	
3.9999958506191 	
3.99999446363889 	
4.49999686688106 	
1.99999920183901 	
4.49999315057257 	
4.49999457698554 	
5.49998991632156 	
6.49998948339 	
2.99999551273941 	
2.49999559074556 	
5.9999891444167 	
4.49999457698554 	
5.49998935137965 	
4.99999290858297 	
2.99999727156815 	
6.49998656910723 	
3.49999741072062 	
2.99999637597357 	
4.49999590150043 	
2.99999671818565 	
2.99999844228434 	
5.99999168368154 	
5.99999070799807 	
5.4999925455776 	
5.49999175116706 	
5.49999262965495 	
2.99999671818565 	
2.99999804022799 	
3.9999958506191 	
5.49999053356722 	
5.99999405350581 	
2.99999551273941 	
5.99998824148872 	
5.49999053356722 	
6.49998544090613 	
2.49999631301712 	
2.99999503161278 	
3.99999296524319 	
3.99999476900474 	
4.9999966465684 	
4.49999119671006 	
2.99999797807344 	
2.99999709765145 	
2.99999503161278 	
2.49999631301712 	
4.49999268629217 	
3.99999448713115 	
4.49999268629217 	
2.9999982822829 	
5.9999909299709 	
3.99999805797361 	
4.99999360728796 	
3.9999929652432 	
4.49999163740039 	
0.999998259031573 	
5.9999912343305 	
6.49998978494366 	
3.9999929652432 	
5.49998991632156 	
0.99999860933355 	
0 	
2.99999551273941 	
5.49998831235178 	
2.99999781533434 	
0 	
6.49998799733021 	
3.99999312988294 	
4.49999563508388 	
2.99999503161278 	
2.99999797807344 	
5.49998784401682 	
5.49998784401682 	
4.49999590150043 	
3.99999402302374 	
0.999999632186113 	
2.99999671818565 	
