2.99999678039367 	
0 	
2.99999637597357 	
4.99999070928397 	
3.99999698113519 	
2.99999671818565 	
1.49999769690853 	
4.49999234825624 	
3.99999523917794 	
4.49999163740039 	
2.99999601885319 	
2.99999551273941 	
1.99999896250186 	
1.49999934669477 	
2.99999709765145 	
4.49999319377296 	
2.99999637597357 	
0.999999743847612 	
5.49998991632156 	
0 	
0.999999834909781 	
2.99999601885319 	
4.49999378614998 	
2.99999601885319 	
0.999999301397666 	
3.99999476900474 	
2.49999526992063 	
5.49999182898219 	
3.99999698113519 	
1.99999750508763 	
0.999999074097364 	
3.99999619028261 	
2.99999752614984 	
3.99999523917794 	
3.99999476900474 	
4.49999512005836 	
4.99999360728796 	
3.99999296524319 	
5.49998991632156 	
0 	
0 	
3.99999448713115 	
2.99999637597357 	
3.99999448713115 	
3.9999958506191 	
6.49999004480941 	
2.99999503161278 	
0.999999674307175 	
4.49999457698554 	
0 	
2.99999551273941 	
3.99999567013273 	
4.49999401865121 	
4.49999563508388 	
7.49998718047721 	
3.99999523917794 	
2.99999551273941 	
4.9999919488337 	
4.9999919488337 	
4.49999401865121 	
0 	
4.49999315057257 	
2.99999671818565 	
3.99999402302374 	
4.99999182095997 	
3.99999312988294 	
5.49999387269789 	
4.9999926585139 	
3.99999312988294 	
6.99998791060493 	
0.999999632186113 	
2.99999551273941 	
0.999998481277345 	
1.99999876237399 	
0 	
4.99999395989662 	
2.49999606397229 	
3.49999741127764 	
2.99999727156815 	
0 	
3.99999491989141 	
2.99999671818565 	
3.49999741072062 	
1.49999955366899 	
0 	
2.9999980945367 	
0 	
4.49999401865121 	
1.4999991831514 	
4.99999584481474 	
2.99999551273941 	
2.99999503161278 	
3.9999958506191 	
3.99999446363889 	
5.49999655617099 	
3.99999446363889 	
2.99999709765145 	
1.99999840465054 	
6.49998950304246 	
0 	
