2.49999878082317 	
2.99999797807344 	
1.49999842573893 	
0 	
3.99999593152921 	
0 	
0.999999481250932 	
0 	
0 	
4.49999234825624 	
3.9999958506191 	
3.99999606225393 	
0.999999955750158 	
0 	
0 	
2.99999493050655 	
0 	
2.99999601885319 	
2.99999709765145 	
2.99999671818565 	
1.99999966981956 	
2.49999536747629 	
0.999999630141741 	
2.99999671818565 	
3.99999491989141 	
2.99999637597357 	
1.99999892337733 	
3.99999606225393 	
0 	
0 	
1.99999966981956 	
0.999999632186113 	
2.9999962102467 	
0 	
0.999999743847612 	
0 	
0 	
0 	
2.99999671818565 	
3.99999312988294 	
3.99999698113519 	
3.99999619028261 	
3.99999593152921 	
3.99999593152921 	
2.99999709765145 	
2.99999817663496 	
0.999999630141741 	
0 	
0.999999632186113 	
2.99999601885319 	
0.999999674307175 	
0 	
3.99999446363889 	
3.99999296524319 	
0.999998750375256 	
0 	
0 	
1.49999944158655 	
0 	
3.99999402302374 	
0 	
2.99999671818565 	
2.99999845105884 	
2.99999601885319 	
0.999998259031573 	
2.99999709765145 	
5.49999093057447 	
2.99999709765145 	
0 	
0 	
0 	
1.49999944158655 	
2.99999637597357 	
0 	
2.99999671818565 	
0 	
4.99999360728796 	
2.99999797807344 	
0 	
3.99999619028261 	
1.49999914206631 	
2.49999882881048 	
2.49999687451012 	
0 	
2.99999924094665 	
2.99999671818565 	
2.99999924094665 	
2.99999797807344 	
2.99999551273941 	
1.49999934669477 	
0 	
1.99999757044182 	
5.4999925455776 	
2.99999797807344 	
3.99999859703249 	
0 	
2.99999671818565 	
0 	
3.99999523917794 	
2.99999709765145 	
