0 	
0.999999901248782 	
0 	
0 	
0 	
2.99999781533434 	
1.99999935032798 	
4.49999518470771 	
2.99999709765145 	
1.49999817397798 	
0 	
0 	
2.99999709765145 	
0 	
2.99999817663496 	
0 	
2.99999704695937 	
0.999999075432228 	
2.99999844228434 	
1.49999769690853 	
2.99999817663496 	
4.99999290858297 	
2.49999882881048 	
0 	
0 	
2.49999878082317 	
2.99999781533434 	
2.99999844228434 	
0 	
1.49999944158655 	
2.49999873847255 	
3.99999657689073 	
0 	
3.99999619028261 	
2.99999671818565 	
1.49999817397798 	
1.49999934669477 	
2.99999709765145 	
2.99999817663496 	
0 	
1.49999842573893 	
2.99999709765145 	
0 	
0 	
4.49999440564186 	
1.49999830080934 	
0 	
0.999999481250932 	
0 	
1.49999934669477 	
0 	
2.99999704695937 	
3.99999523917794 	
3.9999958506191 	
0.999999481250932 	
2.49999878082317 	
0 	
2.49999852593978 	
2.99999551273941 	
0 	
3.9999958506191 	
0 	
0.999999151454652 	
1.49999944158655 	
0 	
5.49999262965495 	
4.49999622776905 	
3.99999657689073 	
0 	
0 	
1.49999944158655 	
0.999999632186113 	
3.99999765868495 	
2.99999637597357 	
3.9999929652432 	
0 	
3.99999687853648 	
4.49999457698554 	
4.49999163740039 	
0.999999743847612 	
2.99999551273941 	
2.99999671818565 	
0 	
0.999999124762434 	
0.999999743847612 	
2.99999887635127 	
1.49999944158655 	
1.49999793618377 	
0.999999632186113 	
0 	
2.99999704695937 	
0.999999743847612 	
2.99999727156815 	
0 	
2.99999601885319 	
0 	
2.99999671818565 	
0.999998667521104 	
0 	
0 	
0.999998609333551 	
2.49999882881048 	
0 	
0 	
0.999999151454652 	
