0 	
0.999999673371927 	
0 	
0 	
0 	
2.9999980945367 	
0 	
0 	
0.999999955750158 	
0 	
0.999999632186113 	
2.99999781533434 	
2.99999924094665 	
0 	
0 	
1.99999750508763 	
2.49999931067901 	
3.99999373032566 	
2.9999980945367 	
0 	
0 	
0.999999743847612 	
2.9999980945367 	
1.49999934669477 	
0.999999074097364 	
0.999999481250932 	
2.9999980945367 	
0 	
0 	
0.999999632186113 	
0.999999151454652 	
2.99999709765145 	
0 	
3.99999687853648 	
3.99999859703249 	
0 	
0 	
0.999998927286276 	
0 	
2.9999962102467 	
0 	
0.999998667521104 	
3.99999657689073 	
2.49999931067901 	
1.49999934669477 	
0 	
0.999999481250932 	
2.9999980945367 	
0.999999632186113 	
0.999999632186113 	
0 	
0 	
2.99999817663496 	
0 	
0 	
1.49999934669477 	
0 	
4.49999563508388 	
0 	
0 	
2.99999797807344 	
0.999998750375256 	
0 	
0.999999630141741 	
3.99999765868495 	
2.99999887635127 	
2.99999671818565 	
0 	
2.99999671818565 	
0 	
0.999999632186113 	
2.99999817663496 	
0.999999481250932 	
0 	
0.999999632186113 	
2.99999781533434 	
0 	
2.9999980945367 	
2.99999797807344 	
2.99999621024671 	
2.99999709765145 	
2.99999709765145 	
0 	
0 	
0 	
2.99999817663496 	
0 	
2.99999551273941 	
3.99999523917794 	
1.99999868409949 	
0 	
3.99999523917794 	
0 	
0 	
0.999999743847612 	
0 	
2.99999551273941 	
0 	
0 	
1.4999991831514 	
3.99999859703249 	
0.999999743847612 	
2.99999887635127 	
0 	
2.99999709765145 	
1.49999944158655 	
2.99999551273941 	
0 	
0 	
2.99999551273941 	
2.99999817663496 	
0.999999481250932 	
0 	
2.99999817663496 	
1.99999809870032 	
2.99999751738952 	
0 	
3.99999657689073 	
2.99999678039367 	
0.9999994945726 	
0 	
0.999999632186113 	
1.49999955366899 	
4.49999622776905 	
4.99999549186298 	
3.99999657689073 	
2.99999844228434 	
0 	
0 	
0.999999632186113 	
2.99999671818565 	
0 	
0 	
0 	
2.99999817663496 	
0 	
0 	
3.99999765868495 	
0 	
2.99999671818565 	
0 	
2.99999671818565 	
0.999999955750158 	
0.999998750375256 	
0 	
0 	
2.99999924094665 	
0 	
0 	
0.999999955750158 	
2.99999709765145 	
0.999998553385877 	
2.99999817663496 	
0 	
2.99999601885319 	
0.999999387104185 	
0.999999743847612 	
2.99999671818565 	
0 	
1.49999934669477 	
1.49999955366899 	
2.99999727156815 	
0.999999834909781 	
2.99999924094665 	
0.999998791902575 	
0 	
0 	
2.99999797807344 	
2.99999709765145 	
0.999999630141741 	
2.99999924094665 	
2.99999709765145 	
2.99999678039367 	
0 	
3.99999402302374 	
2.99999797807344 	
2.99999671818565 	
2.99999797807344 	
0 	
2.99999844228434 	
0 	
2.99999671818565 	
0 	
2.99999671818565 	
1.49999842573893 	
0 	
2.99999709765145 	
3.99999687853648 	
2.99999727156815 	
0.999998750375256 	
0 	
0 	
0.999999955750158 	
0 	
0 	
2.99999817663496 	
1.49999944158655 	
0 	
3.99999698113519 	
2.99999704695937 	
0 	
0 	
0 	
2.99999671818565 	
