0 	
0 	
0.999999745831695 	
0.999999673371927 	
0 	
0 	
0 	
2.99999797807344 	
0 	
0 	
0 	
2.99999709765145 	
2.9999980945367 	
0 	
0 	
0 	
0 	
0 	
0 	
2.9999960672529 	
3.99999606225393 	
0 	
0 	
0 	
0 	
0.999999481250932 	
1.49999771322501 	
0 	
1.4999989542961 	
1.49999817397798 	
1.49999944158655 	
0.999999834909781 	
0 	
0 	
0 	
0 	
0 	
0 	
0 	
0 	
0 	
0 	
0 	
2.9999980945367 	
1.49999934669477 	
0 	
0 	
2.99999709765145 	
2.99999817663496 	
0 	
0 	
2.99999709765145 	
0.999998927286276 	
0 	
2.99999671818565 	
2.99999817663496 	
0 	
0 	
0 	
0 	
3.99999593152921 	
4.49999590150043 	
0 	
0 	
0 	
0 	
2.99999817663496 	
0 	
0 	
0 	
0 	
0 	
0 	
0 	
2.99999817663496 	
2.99999704695937 	
0 	
2.99999817663496 	
0 	
0 	
0 	
0.999999630141741 	
2.99999817663496 	
2.99999671818565 	
2.99999751738952 	
0.999999743847612 	
3.99999698113519 	
0 	
0 	
2.99999797807344 	
2.99999817663496 	
0 	
0 	
0 	
1.49999980424771 	
2.99999817663496 	
0.999999955750158 	
0 	
0 	
0 	
0 	
0.999999632186113 	
0 	
2.99999671818565 	
0.999999955750158 	
0.999999955750158 	
4.99999655031877 	
2.99999817663496 	
2.99999751738952 	
0 	
0 	
0 	
0 	
2.99999781533434 	
2.99999704695937 	
2.99999671818565 	
2.99999704695937 	
2.99999817663496 	
0 	
0 	
0 	
2.99999797807344 	
2.99999709765145 	
0 	
2.99999817663496 	
2.99999844228434 	
0 	
2.99999709765145 	
0 	
0 	
2.99999797807344 	
0 	
0 	
0.999999630141741 	
0.999999955750158 	
0 	
0 	
2.99999797807344 	
0 	
0 	
0.999999301397666 	
2.99999887635127 	
0 	
0 	
0 	
2.99999924094665 	
0 	
0.999999074097364 	
2.99999924094665 	
0 	
0 	
0 	
1.49999842573893 	
2.99999704695937 	
0 	
0 	
0 	
2.99999817663496 	
0 	
0 	
0.999999743847612 	
0 	
0 	
0.999999632186113 	
0 	
0 	
0 	
0 	
0.999999630141741 	
0 	
0 	
0 	
4.49999686688106 	
0 	
1.49999860311264 	
0 	
2.99999678039367 	
0 	
0 	
0 	
0.999999630141741 	
0 	
2.99999781533434 	
1.49999860311264 	
0 	
0 	
0.999999632186113 	
0 	
0 	
0 	
3.99999859703249 	
1.49999842573893 	
0 	
2.99999797807344 	
0 	
0 	
0 	
2.99999887635127 	
0 	
0 	
2.99999797807344 	
0.999999481250932 	
2.99999797807344 	
2.99999817663496 	
0.999999151454652 	
2.99999924094665 	
0 	
