2.99999797807344 	
1.99999920183901 	
0 	
4.99999155303968 	
4.9999919488337 	
5.4999925455776 	
4.9999919488337 	
5.49999062975389 	
2.99999551273941 	
3.99999491989141 	
2.99999601885319 	
4.99999328370772 	
2.49999827630936 	
2.99999704695937 	
3.99999446363889 	
2.99999727156815 	
1.49999955366899 	
0 	
1.49999817397798 	
1.99999928206219 	
3.9999948407951 	
2.99999709765145 	
5.49999262965495 	
2.99999621024671 	
1.4999991831514 	
0 	
3.99999446363889 	
4.49999095226575 	
5.49999062975389 	
5.49999505430948 	
4.99999333946297 	
3.99999619028261 	
3.99999296524319 	
6.49999004480941 	
2.99999678039367 	
5.49999053356722 	
1.49999726981658 	
3.99999523917794 	
3.9999958506191 	
0.999999301397666 	
3.9999948407951 	
5.99999087984456 	
4.99999333946297 	
3.99999606225393 	
2.9999980945367 	
0 	
4.99999328370772 	
2.99999601885319 	
2.99999671818565 	
4.99999286610826 	
2.99999751738952 	
4.99999333946297 	
2.49999840848296 	
3.99999446363889 	
4.49999401865121 	
2.99999503161278 	
5.99999168368154 	
4.49999457698554 	
2.99999551273941 	
2.99999551273941 	
3.99999619028261 	
2.99999601885319 	
1.49999842573893 	
3.99999373032566 	
5.49999053356722 	
3.99999698113519 	
4.99999360728796 	
3.99999312988294 	
2.99999503161278 	
4.99999045006565 	
3.49999486530377 	
2.49999852593978 	
2.99999671818565 	
2.99999671818565 	
5.9999912343305 	
4.49999079460055 	
3.99999296524319 	
3.9999929652432 	
4.49999234825624 	
2.99999781533434 	
1.9999964746006 	
2.99999503161278 	
4.9999919488337 	
4.49999163740039 	
2.99999503161278 	
3.4999971550048 	
5.4999931652673 	
2.99999817663496 	
2.99999781533434 	
4.99999328370772 	
5.99999405350581 	
3.99999237413712 	
4.49999783956743 	
2.9999982822829 	
2.99999709765145 	
4.49999268629217 	
2.99999551273941 	
2.99999727156815 	
2.99999503161278 	
2.99999709765145 	
