0 	
0 	
0 	
0 	
0 	
0 	
0 	
0 	
0 	
0 	
0 	
0 	
0 	
0 	
0 	
0 	
0 	
0 	
0 	
2.9999980945367 	
0 	
2.99999709765145 	
2.99999671818565 	
2.99999924094665 	
0 	
0 	
0 	
0 	
0 	
0 	
0 	
0.999999481250932 	
0 	
0 	
0.999999834909781 	
0 	
2.99999887635127 	
0 	
0 	
0 	
0.999999955750158 	
0 	
0 	
0 	
0 	
0 	
0 	
0 	
0 	
0.999999834909781 	
0 	
0.999999630141741 	
0 	
0 	
0 	
0 	
0 	
0 	
0.999998927286276 	
0 	
0 	
2.99999709765145 	
0 	
0 	
0 	
1.49999944158655 	
0 	
0.999999630141741 	
0 	
0 	
0 	
0 	
0 	
0 	
0 	
0 	
3.99999859703249 	
0 	
0 	
0.999999630141741 	
0 	
2.99999817663496 	
0 	
0 	
0 	
0 	
0 	
0 	
0 	
0 	
0 	
0 	
0 	
0 	
0 	
0 	
0 	
2.99999678039367 	
0 	
0 	
0 	
0 	
0 	
2.99999817663496 	
0 	
0 	
0 	
0 	
0.999999955750158 	
0.999999632186113 	
0 	
0 	
2.99999709765145 	
0.999999743847612 	
0 	
0 	
0 	
0 	
0.999999151454652 	
1.49999944158655 	
0.999999387104185 	
0 	
0 	
0 	
2.99999678039367 	
0 	
0 	
0 	
0 	
0.999999632186113 	
1.49999944158655 	
0.999999151454652 	
0 	
0 	
0 	
0 	
0 	
2.99999887635127 	
0.999999632186113 	
0 	
0 	
0 	
0 	
0 	
0 	
0 	
0 	
0 	
0 	
0 	
0 	
2.9999980945367 	
2.99999887635127 	
2.99999887635127 	
0 	
0 	
0 	
2.99999797807344 	
0 	
0.999999151454652 	
0 	
0 	
0 	
2.99999709765145 	
0 	
0 	
0 	
0 	
2.99999709765145 	
0 	
0 	
0 	
0 	
2.99999817663496 	
0 	
2.99999887635127 	
0 	
0 	
0 	
0.999999743847612 	
0 	
0 	
0 	
0 	
0 	
0.999999743847612 	
0 	
0.999999387104185 	
2.99999817663496 	
0 	
0.999999955750158 	
0 	
0 	
0 	
0 	
0 	
2.99999817663496 	
0 	
0 	
0 	
0 	
0 	
0 	
0 	
0 	
0 	
0 	
2.99999709765145 	
0 	
0 	
0 	
0 	
0 	
