0 	
0 	
0 	
0.999999745831695 	
0 	
0 	
0 	
0 	
0 	
0 	
0.999999955750158 	
0 	
0 	
0 	
0 	
0 	
0 	
0 	
2.99999817663496 	
0 	
0 	
0 	
0 	
0 	
0.999999743847612 	
0 	
0 	
2.99999671818565 	
0 	
0 	
0 	
0 	
0 	
0 	
0 	
0.999999743847612 	
0 	
0 	
0 	
0 	
0 	
0 	
0 	
2.99999817663496 	
0.999999632186113 	
0 	
0 	
0 	
0 	
0.999999743847612 	
0 	
0 	
0 	
0 	
0 	
0 	
0 	
0.999999743847612 	
0 	
0 	
0 	
0 	
0 	
0 	
0 	
0 	
0 	
2.99999797807344 	
2.99999709765145 	
0 	
0 	
0 	
0 	
0 	
0 	
0 	
0 	
0 	
0 	
0 	
0 	
0 	
0.999999074097364 	
0 	
0 	
0 	
0 	
0 	
0 	
0 	
0 	
0 	
0 	
0 	
0 	
0 	
0 	
2.99999887635127 	
0 	
0 	
0 	
0 	
0 	
0 	
0 	
0.999999743847612 	
0 	
0 	
0 	
0.999999630141741 	
0 	
0.999999743847612 	
0 	
0 	
0 	
