3.99999765868495 	
2.99999678039367 	
0.999999075432228 	
0.999999743847612 	
4.49999523909564 	
1.99999920183901 	
0 	
0 	
3.99999453137812 	
1.49999944158655 	
3.99999593152921 	
5.49999440176284 	
0 	
1.4999989542961 	
0 	
2.99999797807344 	
1.4999989542961 	
0.999998750375256 	
0.999999481250932 	
3.9999958506191 	
0 	
2.99999601885319 	
2.99999671818565 	
0 	
0.999999632186113 	
0 	
2.99999551273941 	
0.999999075432228 	
3.99999402302374 	
3.9999958506191 	
0 	
0 	
0 	
2.99999678039367 	
0.999999743847612 	
1.4999989542961 	
0 	
1.49999934669477 	
2.99999709765145 	
0 	
2.99999781533434 	
0.999999481250932 	
1.49999980424771 	
1.49999771322501 	
2.99999671818565 	
2.99999678039367 	
0.999999481250932 	
4.99999360728796 	
0.999999481250932 	
3.99999606225393 	
1.49999881743637 	
4.49999523909564 	
0 	
1.4999991831514 	
4.49999518470771 	
4.49999622776905 	
2.99999671818565 	
2.99999601885319 	
3.99999446363889 	
0.999998905533304 	
3.99999491989141 	
4.9999919488337 	
1.49999860311264 	
2.49999882881048 	
2.99999781533434 	
4.49999523909564 	
1.99999866720991 	
3.99999446363889 	
0 	
0.999999632186113 	
2.49999719028766 	
0 	
3.99999402302374 	
3.99999593152921 	
2.99999551273941 	
2.99999709765145 	
1.49999944158655 	
0 	
3.99999453137811 	
2.99999671818565 	
3.99999312988294 	
2.99999671818565 	
0.999999955750158 	
3.99999698113519 	
4.9999926044446 	
2.99999709765145 	
2.49999852593978 	
3.99999657689073 	
2.99999709765145 	
2.99999671818565 	
2.99999704695937 	
3.99999698113519 	
0.99999860933355 	
4.49999457698554 	
2.99999887635127 	
2.99999709765145 	
1.99999935032798 	
1.99999876237399 	
0.999999955750158 	
2.99999671818565 	
