0 	
0 	
0 	
0 	
0 	
0 	
0 	
0 	
0 	
0 	
0 	
0 	
0 	
0 	
0 	
0 	
0 	
2.99999817663496 	
0 	
0 	
0 	
0 	
0 	
2.99999817663496 	
0 	
0 	
2.99999924094665 	
0 	
0 	
0 	
0 	
0 	
0 	
0 	
0 	
0 	
0 	
0 	
0 	
0 	
0 	
0 	
0 	
0 	
0 	
0 	
2.99999817663496 	
0 	
0 	
0 	
0.999999743847612 	
0 	
0 	
0 	
0 	
0 	
0 	
0 	
0 	
0 	
2.99999817663496 	
0 	
0 	
0 	
0 	
0 	
0 	
0 	
0 	
0 	
0 	
0 	
0 	
0 	
0 	
0 	
0 	
0 	
0 	
0 	
0 	
0 	
0 	
0.999999743847612 	
0 	
0 	
0 	
0 	
0 	
0 	
0 	
0 	
0 	
0 	
0 	
2.99999817663496 	
0 	
0 	
0 	
0 	
0.999999955750158 	
0 	
2.99999797807344 	
0 	
0 	
0 	
0 	
0 	
0 	
0 	
