0.999998830019713 	
0 	
0 	
0 	
0.999999673371927 	
0 	
0 	
1.49999950685565 	
0 	
1.99999920502681 	
0 	
0 	
2.9999980945367 	
0 	
0 	
0 	
2.99999924094665 	
0 	
0.999998667521104 	
0 	
0 	
2.99999817663496 	
0 	
0 	
0 	
0 	
0 	
2.99999817663496 	
2.99999704695937 	
0 	
1.4999991831514 	
0 	
2.99999924094665 	
0 	
0 	
0 	
0 	
2.9999980945367 	
0 	
0 	
0 	
0 	
0 	
0 	
1.49999980424771 	
0 	
0 	
0 	
0 	
0 	
0 	
2.99999924094665 	
0.999999834909781 	
0 	
0 	
0 	
0.999999955750158 	
2.99999709765145 	
0 	
1.49999944158655 	
1.49999944158655 	
0 	
2.99999781533434 	
0 	
2.99999797807344 	
2.99999817663496 	
0.999999151454652 	
0 	
0 	
2.99999817663496 	
0 	
0 	
0 	
0 	
2.99999671818565 	
0 	
0 	
2.99999924094665 	
0 	
0.999999955750158 	
0 	
0.999999743847612 	
0 	
0 	
0 	
0 	
0 	
0 	
0 	
2.99999704695937 	
0 	
0 	
0 	
0 	
0 	
2.99999797807344 	
0.999999743847612 	
0 	
0 	
2.99999709765145 	
0.999999301397666 	
0 	
0 	
2.99999817663496 	
0 	
0 	
0 	
0.999999955750158 	
2.99999709765145 	
0 	
0 	
0 	
0 	
0 	
1.49999955366899 	
0 	
0 	
0 	
0 	
1.49999896676208 	
0 	
0 	
0 	
0 	
0.999999955750158 	
0 	
0 	
0 	
0 	
3.99999593152921 	
0 	
0 	
0 	
0 	
0 	
0 	
0 	
0 	
0 	
0 	
0 	
0.999999955750158 	
0 	
0.999999743847612 	
0.9999994945726 	
0 	
2.99999817663496 	
0.999999743847612 	
0 	
2.99999797807344 	
0 	
2.99999817663496 	
0.999999955750158 	
0.999999743847612 	
0 	
0 	
0 	
0 	
0 	
0 	
0.999999743847612 	
0 	
0 	
0 	
0 	
0.999999630141741 	
0 	
2.99999781533434 	
0 	
0 	
0.999999743847612 	
0 	
0 	
2.99999709765145 	
0 	
0 	
0.999999743847612 	
2.99999797807344 	
2.99999797807344 	
0 	
0 	
2.99999678039367 	
2.99999817663496 	
0 	
0 	
0 	
0 	
0 	
1.49999944158655 	
0.999999955750158 	
1.49999955366899 	
0 	
0 	
0 	
1.49999817397798 	
0.999999074097364 	
0.999999955750158 	
0 	
0 	
0 	
0 	
0 	
1.49999980424771 	
0 	
0 	
0 	
0 	
0 	
0 	
0 	
