1.99999694417678 	
3.99999446363889 	
0 	
2.99999671818565 	
2.99999678039367 	
2.99999887635127 	
0 	
0 	
0 	
2.99999924094665 	
0.999999834909781 	
3.99999619028261 	
4.49999518470771 	
3.99999606225393 	
2.99999678039367 	
0.999998481277345 	
2.99999551273941 	
4.49999622776905 	
2.99999709765145 	
2.99999637597357 	
4.4999937474609 	
2.99999671818565 	
3.99999619028261 	
1.99999892337733 	
2.99999551273941 	
3.99999619028261 	
2.99999601885319 	
1.49999934669477 	
2.99999797807344 	
0.999999151454652 	
0 	
2.99999825104121 	
1.49999748537926 	
6.9999886730034 	
3.99999296524319 	
1.49999817397798 	
3.99999453137811 	
4.49999622776905 	
4.9999919488337 	
5.99999070799807 	
3.99999446363889 	
2.99999671818565 	
4.49999378614998 	
3.99999491989141 	
4.99999360728796 	
0 	
5.49998991632156 	
3.99999523917794 	
2.99999671818565 	
2.99999503161278 	
2.99999551273941 	
3.99999453137811 	
2.99999709765145 	
0 	
2.99999671818565 	
1.49999914206631 	
2.99999601885319 	
1.49999726981658 	
4.4999937474609 	
5.49999440176284 	
5.49999053356722 	
2.99999781533434 	
0.999999481250932 	
0.999998481277345 	
4.99999121050128 	
0.999999955750158 	
0.999998750375256 	
3.99999593152921 	
5.99999119294493 	
1.49999707979064 	
3.99999312988294 	
2.99999727156815 	
3.99999453137811 	
2.99999671818565 	
0.999999632186113 	
1.9999972186671 	
5.49999382922791 	
2.99999637597357 	
3.99999453137812 	
3.9999929652432 	
2.99999671818565 	
0 	
2.99999671818565 	
0 	
1.49999748537926 	
5.49999409463518 	
5.49999505402874 	
1.4999989542961 	
1.99999871739625 	
0 	
2.99999709765145 	
3.99999446363889 	
5.49999440176284 	
2.99999503161278 	
0.999999632186113 	
0 	
3.99999657689073 	
2.99999709765145 	
4.49999512005836 	
2.9999980945367 	
2.99999781533434 	
