1.49999950685565 	
0.999998639668943 	
3.99999491989141 	
1.49999793618377 	
1.99999723632745 	
4.49999401865121 	
1.4999989542961 	
2.99999781533434 	
2.99999678039367 	
4.499992606642 	
1.49999771322501 	
3.99999491989141 	
2.99999671818565 	
2.99999709765145 	
2.99999601885319 	
2.99999704695937 	
3.9999958506191 	
1.49999944158655 	
2.99999601885319 	
3.99999556707539 	
0 	
3.99999446363889 	
2.99999817663496 	
3.99999312988294 	
2.99999727156815 	
3.99999476900474 	
4.49999622776905 	
4.49999163740039 	
1.49999914206631 	
3.99999593152921 	
5.49998991632156 	
4.99999584481474 	
1.49999726981658 	
0 	
0 	
4.99999200655938 	
0 	
3.99999476900474 	
0 	
3.99999523917794 	
0.999999955750158 	
1.99999920183901 	
5.49999178462063 	
1.49999944158655 	
3.49999789254237 	
4.99999010577023 	
1.49999769690853 	
0 	
2.99999797807344 	
0.999999481250932 	
2.99999704695937 	
1.49999934669477 	
1.49999896676208 	
2.99999551273941 	
3.99999523917794 	
0 	
0.999999481250932 	
3.9999929652432 	
2.99999709765145 	
3.99999619028261 	
0 	
1.99999892337733 	
4.49999783956743 	
2.99999671818565 	
3.99999593152921 	
0 	
4.49999518470771 	
2.99999727156815 	
2.99999727156815 	
0.999999481250932 	
2.99999924094665 	
4.49999315057257 	
3.99999687853648 	
2.49999882881048 	
2.99999704695937 	
1.4999991831514 	
4.49999358363772 	
5.4999925455776 	
2.99999573600664 	
3.9999958506191 	
1.49999876307492 	
0 	
4.49999315057257 	
4.49999512005836 	
2.99999671818565 	
2.9999982822829 	
4.49999518470771 	
1.99999723632745 	
2.99999751738952 	
4.99999070928397 	
2.99999709765145 	
4.99999256418846 	
0 	
2.99999817663496 	
2.99999671818565 	
0 	
1.49999896676208 	
0 	
2.4999957455265 	
4.49999358363772 	
3.99999523917794 	
0.999999834909781 	
