0 	
0 	
0 	
0 	
0 	
0 	
0 	
0 	
0 	
1.74999920246495 	
0 	
0 	
0 	
0 	
0.99999985379626 	
0 	
0 	
0 	
0 	
0 	
0 	
0 	
0 	
0.999999955750158 	
0 	
0 	
1.49999980424771 	
0.99999985379626 	
0 	
0.999999955750158 	
0.999999955750158 	
0 	
0.999999955750158 	
0 	
0 	
0 	
0 	
0.99999985379626 	
0 	
0.99999985379626 	
0 	
1.99999970759252 	
0 	
0 	
0 	
0 	
0 	
0 	
0 	
0 	
0 	
0 	
0 	
0 	
0 	
0 	
0.999999955750158 	
0.999999955750158 	
0 	
0 	
0 	
0 	
0 	
0 	
0 	
0 	
0.999999955750158 	
0 	
0 	
0 	
0 	
0.99999985379626 	
0.999999834909781 	
0 	
0 	
0 	
0 	
0 	
0 	
0 	
0 	
0 	
0 	
0 	
0 	
0.999999955750158 	
0 	
0 	
0.999999955750158 	
0 	
0 	
0 	
0 	
0 	
0 	
0 	
0 	
0 	
0 	
0 	
0 	
0 	
0 	
0 	
0 	
0.99999985379626 	
1.99999919989308 	
0 	
0.99999985379626 	
0 	
