1.49999980424771 	
0 	
0.999999834909781 	
0 	
0.999999648406347 	
0 	
0 	
0 	
0.99999985379626 	
0 	
1.74999938758003 	
1.49999980424771 	
0 	
0 	
0 	
0 	
0 	
0 	
0.99999985379626 	
0 	
0.999999834909781 	
0.999999955750158 	
0 	
0.999999834909781 	
0 	
0.99999985379626 	
0 	
0 	
0 	
0 	
0 	
0 	
0 	
0 	
0 	
0 	
0 	
1.9999993648126 	
0.99999985379626 	
0 	
0 	
0 	
0 	
0 	
0 	
0 	
0 	
0 	
0 	
0 	
0 	
0 	
0 	
0 	
0 	
0 	
0.99999985379626 	
0 	
0 	
0.99999985379626 	
0 	
0 	
0 	
0 	
0 	
0.999999632186113 	
0 	
0 	
0 	
0 	
0.999999955750158 	
0 	
1.49999980424771 	
0 	
0 	
0 	
0 	
0 	
0 	
0 	
0 	
0 	
0 	
0 	
0 	
0 	
0 	
0 	
0 	
0 	
0 	
0 	
0 	
0 	
1.99999937108649 	
0 	
1.49999980424771 	
0 	
0.99999985379626 	
0 	
0 	
0 	
0 	
0 	
0.999999955750158 	
0 	
1.49999980424771 	
0 	
0 	
1.99999944585635 	
