0 	
0 	
0 	
0 	
0.99999985379626 	
0 	
0.99999985379626 	
0 	
0 	
0 	
0 	
0 	
0 	
0 	
0 	
0 	
0 	
0 	
0 	
0 	
0 	
0 	
0 	
0.999999955750158 	
0 	
0 	
0 	
0 	
0 	
0 	
0 	
0 	
0 	
0 	
0 	
1.99999947878987 	
0.999999955750158 	
0 	
1.99999937108649 	
0 	
0 	
0 	
0 	
0.99999985379626 	
0 	
0 	
0 	
0 	
0.999999690865243 	
0 	
0 	
0.99999985379626 	
0 	
0.99999985379626 	
0 	
0 	
1.99999970759252 	
0 	
0 	
0 	
0.99999985379626 	
0 	
1.99999970759252 	
0 	
0 	
0 	
0 	
0 	
0.99999985379626 	
0 	
0 	
0 	
0 	
0 	
0 	
1.99999944585635 	
0 	
1.9999991993596 	
0.99999985379626 	
1.49999980424771 	
0.99999985379626 	
0 	
1.99999937108649 	
0 	
0 	
0 	
0 	
0 	
0 	
0 	
0 	
0 	
0 	
1.49999973592541 	
0 	
0 	
0 	
0 	
0 	
0 	
0.99999985379626 	
0 	
0 	
0 	
0.99999985379626 	
0 	
0 	
0 	
0 	
0 	
