0 	
1.49999945202234 	
0.999999674307175 	
0 	
0 	
0 	
0 	
0 	
0 	
1.99999925212376 	
0 	
0 	
0.99999985379626 	
0 	
0 	
0 	
0 	
0 	
1.99999925212376 	
0 	
0 	
0 	
0.999999674307175 	
0 	
0.999999481250932 	
0.99999985379626 	
0.999999685543246 	
1.49999973592541 	
1.49999973592541 	
0 	
0 	
2.49999887661345 	
1.99999925212376 	
0.99999985379626 	
0 	
0.99999985379626 	
0 	
0 	
0 	
0.999999685543246 	
0 	
0.99999962606188 	
0 	
1.99999925212376 	
0 	
0.99999985379626 	
0 	
1.99999944585635 	
0.999999955750158 	
0.999999685543246 	
0 	
0 	
0 	
1.49999956887986 	
1.49999973592541 	
0.999999955750158 	
0 	
0.99999985379626 	
0 	
1.49999973592541 	
0 	
0.999999685543246 	
0 	
0 	
1.99999925212376 	
0.99999985379626 	
0 	
0.999999674307175 	
1.99999919989308 	
0.999999410540692 	
0 	
0.999999685543246 	
0 	
0.999999955750158 	
0.99999962606188 	
1.99999925212376 	
0 	
2.7499978714374 	
0 	
0.999999685543246 	
0 	
0.99999962606188 	
0 	
1.49999973592541 	
0 	
0 	
0.99999962606188 	
0 	
0 	
0 	
0.999999632186113 	
0 	
0.99999985379626 	
0 	
0 	
1.99999936122043 	
0 	
0 	
1.99999910565601 	
0 	
0 	
0 	
0 	
0 	
0 	
0 	
0 	
1.49999973592541 	
0 	
0.99999985379626 	
0 	
0 	
1.99999948832808 	
0 	
0 	
0 	
0 	
0.999999955750158 	
0 	
0.99999985379626 	
0 	
0 	
1.99999928958687 	
0 	
0 	
0 	
0 	
0.99999985379626 	
0 	
0 	
0.99999985379626 	
0.99999985379626 	
0 	
0 	
0 	
1.99999937108649 	
1.4999989542961 	
0 	
0 	
1.99999925212376 	
0 	
0 	
0 	
0 	
1.99999925212376 	
1.99999910565601 	
0.999999685543246 	
0.99999985379626 	
2.74999888109405 	
0 	
0.999999481250932 	
2.49999853092383 	
1.49999973592541 	
0.99999962606188 	
0 	
0 	
0 	
0 	
0.999999955750158 	
0 	
0 	
0 	
1.49999945202234 	
1.99999970759252 	
3.49999765212327 	
1.99999925212376 	
0 	
0.99999962606188 	
1.74999955269008 	
0 	
0.999999834909781 	
0.999999481250932 	
1.99999948832808 	
0 	
1.4999989542961 	
0 	
0 	
0 	
0 	
0 	
0 	
0 	
0 	
1.4999989542961 	
0.99999985379626 	
0.999999685543246 	
0.999999552828006 	
0.999999685543246 	
0 	
0 	
0 	
0 	
0.999999955750158 	
0 	
0.99999962606188 	
0 	
0 	
1.49999973592541 	
0 	
0 	
0.999999685543246 	
