0 	
0 	
0.99999985379626 	
0 	
0.99999985379626 	
0 	
0 	
0 	
0 	
0 	
0.99999985379626 	
0 	
0 	
0 	
0.99999985379626 	
0 	
0 	
0 	
0 	
0 	
0 	
0 	
2.99999911337028 	
0.99999985379626 	
0 	
0 	
0.999999685543246 	
0 	
0 	
0 	
0 	
1.99999970759252 	
0 	
0 	
0 	
0 	
0 	
0 	
0 	
0 	
0 	
0 	
0 	
1.99999894463709 	
0 	
0 	
0 	
0 	
0 	
0 	
0 	
0.999999674307175 	
0 	
0 	
0 	
0 	
0 	
0 	
0 	
0 	
0 	
0 	
0 	
0.999999685543246 	
0.99999985379626 	
0 	
0.999999955750158 	
0.999999552828006 	
0 	
0 	
0 	
0 	
0 	
0 	
0 	
0 	
0 	
0 	
0 	
0 	
0.99999985379626 	
0.999999552828006 	
0 	
1.49999980424771 	
1.99999925212376 	
0 	
0 	
0 	
0.99999985379626 	
0.99999985379626 	
0 	
0.99999985379626 	
0.99999985379626 	
0.999999685543246 	
0 	
0 	
0.99999962606188 	
0 	
0 	
0 	
0 	
0 	
0 	
0 	
0 	
0 	
1.49999980424771 	
