2.49999868368493 	
1.49999973592541 	
2.12499861615367 	
2.49999868031027 	
0.999999674307175 	
0 	
1.99999937006216 	
1.49999955366899 	
0.99999985379626 	
0 	
0 	
0.99999962606188 	
3.49999886691862 	
1.99999937006216 	
0 	
0 	
0 	
0.999999685543246 	
2.7499990258912 	
0 	
2.49999915348231 	
0.99999985379626 	
0 	
1.49999973592541 	
1.49999973592541 	
1.49999955366899 	
0.999999834909781 	
0.999999834909781 	
2.49999915348231 	
0.999999834909781 	
0.999999685543246 	
0 	
1.499999440046 	
0.999999955750158 	
0 	
0 	
0 	
0.999999674307175 	
0.999999955750158 	
0 	
1.99999970759252 	
0 	
0 	
2.49999868368493 	
0 	
0.999999632186113 	
0 	
0.999999674307175 	
0 	
0.999999674307175 	
0 	
0 	
1.49999945202234 	
1.9999993648126 	
1.49999973592541 	
0.999999955750158 	
1.49999929000486 	
0.99999985379626 	
0 	
0 	
0 	
0 	
0.99999985379626 	
1.49999956887986 	
0 	
0.999999632186113 	
0 	
0 	
1.49999973592541 	
0 	
0.999999685543246 	
0 	
0.99999962606188 	
0 	
0 	
0.999999632186113 	
1.99999870834421 	
0 	
0.99999985379626 	
1.499999440046 	
0.999999674307175 	
0 	
0 	
0 	
0.999999410540692 	
2.49999915348231 	
0 	
2.99999911337028 	
0.99999985379626 	
0.99999985379626 	
0.999999481250932 	
1.99999896596004 	
0 	
0.999999685543246 	
1.99999925212376 	
0.999999685543246 	
0 	
0 	
0.99999962606188 	
0 	
