1.99999970759252 	
0 	
0 	
0 	
0 	
1.49999973592541 	
0 	
0 	
0 	
0 	
0 	
0 	
0.99999985379626 	
0 	
1.49999973592541 	
0 	
1.49999956887986 	
1.49999945202234 	
0 	
0.999999955750158 	
0 	
0.99999962606188 	
0 	
1.49999973592541 	
0 	
0 	
0 	
2.49999897808495 	
0.999999552828006 	
0 	
0 	
0 	
0 	
2.49999842879065 	
0.999999685543246 	
0 	
0.999999674307175 	
0.99999985379626 	
0.99999985379626 	
1.99999966981956 	
0 	
0 	
0 	
0.99999985379626 	
0 	
1.99999870834421 	
0.999999481250932 	
0 	
0.999999288422125 	
0 	
0 	
0 	
0 	
0.999999955750158 	
0 	
1.99999948832808 	
1.99999894378058 	
0 	
0 	
0.999999685543246 	
0 	
0 	
1.49999945202234 	
0 	
0.99999985379626 	
0 	
1.49999973592541 	
0.999999674307175 	
0.99999962606188 	
0.99999985379626 	
1.99999890401956 	
0.99999985379626 	
0 	
0 	
0.999999955750158 	
0 	
0 	
1.4999989542961 	
0 	
1.99999925212376 	
0 	
1.49999973592541 	
0.999999685543246 	
2.99999859202172 	
0 	
0.999999552828006 	
0 	
0 	
0.999999674307175 	
1.99999910565601 	
0.999999674307175 	
1.74999915466699 	
0 	
0.99999985379626 	
0.99999962606188 	
0 	
0.999999674307175 	
2.99999846823145 	
0 	
0.999999955750158 	
