0 	
0.999999685543246 	
0 	
0 	
1.99999894463709 	
0 	
0 	
1.99999919989308 	
0 	
2.49999868031027 	
0.999999674307175 	
0.99999962606188 	
1.99999944585635 	
2.74999866212173 	
0 	
0 	
0 	
0 	
0.99999985379626 	
1.99999944585635 	
1.99999925212376 	
0 	
0 	
0 	
2.9999974866891 	
0 	
0 	
0 	
0.999999481250932 	
1.99999919989308 	
0.999999288422125 	
1.99999928958687 	
0.99999962606188 	
0.99999962606188 	
0 	
1.499999440046 	
0 	
1.49999945202234 	
1.99999925212376 	
0.999999410540692 	
2.49999936383076 	
0 	
0.999999955750158 	
0 	
0.99999962606188 	
0.999999632186113 	
2.749998564872 	
0.999999674307175 	
0 	
3.99999821623885 	
1.49999973592541 	
1.99999936122043 	
0.999999552828006 	
1.99999910565601 	
1.99999857983407 	
1.99999970759252 	
0.999999685543246 	
0 	
0 	
1.99999970759252 	
0 	
0.999999674307175 	
0 	
0.999999685543246 	
2.99999858000972 	
0.99999985379626 	
0 	
0 	
0 	
0 	
0 	
0 	
0 	
0.99999985379626 	
0 	
0 	
2.99999826848597 	
0.99999962606188 	
0 	
3.9999978902564 	
0 	
0.999999674307175 	
2.49999884646765 	
0 	
0.999999685543246 	
1.499999440046 	
2.99999846823145 	
2.49999901334407 	
2.99999859202172 	
0.999999685543246 	
0 	
0.999999685543246 	
1.99999919989308 	
1.99999937108649 	
0.99999962606188 	
4.49999530158072 	
0 	
2.74999866212173 	
1.99999970759252 	
0 	
