0 	
0.99999985379626 	
0.99999962606188 	
0.999999674307175 	
0 	
0 	
0 	
0.99999985379626 	
0.999999410540692 	
0.99999985379626 	
0 	
0.99999962606188 	
1.999999094168 	
0.999999955750158 	
0 	
1.99999910565601 	
0.99999985379626 	
0 	
0.99999985379626 	
0 	
0.99999985379626 	
0 	
0 	
0.99999985379626 	
0 	
0 	
0 	
0.999999481250932 	
1.99999970759252 	
0 	
1.49999973592541 	
0 	
0 	
0.99999985379626 	
0 	
0 	
0 	
0 	
0 	
0.999999685543246 	
0.999999955750158 	
0 	
0.99999985379626 	
0.999999685543246 	
0 	
0 	
0 	
0 	
2.74999888109405 	
0 	
0 	
0.999999955750158 	
0 	
0 	
0 	
0 	
0 	
0 	
0 	
0.99999985379626 	
0 	
0 	
0 	
0.999999674307175 	
0 	
0 	
0 	
0 	
0 	
0 	
0 	
0 	
0 	
1.49999973592541 	
1.49999956887986 	
1.49999973592541 	
0.999999685543246 	
0 	
0 	
0 	
0.99999962606188 	
0 	
0 	
0 	
0 	
1.99999925212376 	
0.999999834909781 	
0 	
0 	
0 	
1.99999970759252 	
1.99999910565601 	
0.999999955750158 	
0 	
0 	
0 	
2.49999901334407 	
0 	
0 	
0 	
0 	
1.99999970759252 	
0 	
2.49999936383076 	
