7.49998896380268 	
0.999999632186113 	
5.99999189551767 	
3.9999978902564 	
6.9999894647795 	
4.49999494167062 	
8.99998321675666 	
3.99999314538772 	
5.49999364541341 	
7.49998821087254 	
2.49999933657743 	
3.49999757153949 	
1.49999851288814 	
2.49999882083344 	
5.99998965136573 	
6.99998742325167 	
8.74998062980053 	
6.74998785975206 	
5.99999086161076 	
2.49999718383046 	
3.99999641944583 	
4.9999940356013 	
6.99998678737213 	
6.24999212371974 	
1.99999944585635 	
0.999999480761448 	
4.49999510487708 	
1.49999956887986 	
0 	
0.999999364845566 	
3.49999504610684 	
5.49999607233961 	
2.49999933657743 	
2.99999707151132 	
5.99999054132365 	
3.99999392350779 	
5.49999399766311 	
4.99999510066456 	
3.99999792467902 	
8.74998472784577 	
0.99999962606188 	
3.49999832332707 	
4.99999368837989 	
6.99999117384656 	
7.49999003068945 	
3.49999544939599 	
3.99999741761558 	
1.9999981479596 	
1.499999440046 	
3.49999371484806 	
