3.9999913314829 	
1.99999871471559 	
0.999999625450423 	
0.999999459819545 	
2.99999775141991 	
0 	
2.74999854834832 	
2.99999806020817 	
2.4999986136775 	
4.99999366437413 	
1.49999946916253 	
4.99999470676367 	
7.49999023585731 	
4.99999285613588 	
5.99999191062456 	
3.49999642963801 	
0.999999288422124 	
5.99999286179213 	
6.49998790805968 	
1.99999854805305 	
2.9999973411655 	
0 	
3.49999554477517 	
1.4999991831514 	
3.99999644707344 	
2.74999814762565 	
2.49999802754249 	
2.99999707151132 	
7.49998761443291 	
2.49999936383076 	
2.49999927529708 	
4.49999454741137 	
0.99999962606188 	
0.999999410540692 	
3.49999820356539 	
0.99999985379626 	
0.999999955750158 	
3.99999439642561 	
2.9999968516487 	
6.49999297532045 	
3.99999640624267 	
3.499997072974 	
3.49999678704988 	
2.9999985773708 	
2.49999901334407 	
5.9999937032974 	
0 	
3.49999826699734 	
0.999999685543246 	
2.99999719947206 	
2.49999800989876 	
3.49999844035458 	
3.99999287237617 	
0.999999955750158 	
1.99999877885619 	
4.49999360079297 	
0 	
1.99999882915978 	
4.99999531980401 	
6.99998779773428 	
2.49999915348231 	
5.49999121264773 	
4.9999929727405 	
6.49999132278281 	
2.74999919262464 	
0 	
0.999999685543246 	
0.999998784921131 	
0 	
0 	
0.999999151431815 	
3.99999550591999 	
2.49999818053189 	
0.999999685543246 	
1.49999891715081 	
4.49999328048897 	
2.99999711734673 	
2.49999788317119 	
0.99999962606188 	
5.99998892924946 	
0.999999834909781 	
1.49999980424771 	
3.4999960080185 	
5.49999281404373 	
4.49999421386158 	
4.99999470676367 	
4.99999112587684 	
5.99999240070474 	
1.99999925212376 	
5.9999927330589 	
4.49999214827555 	
2.99999767174167 	
2.99999865848402 	
2.99999740562627 	
1.99999882108138 	
3.99999538954234 	
3.99999650142727 	
0 	
2.49999800989876 	
3.99999686410188 	
3.99999857917373 	
0.999999955750158 	
0.999999364845566 	
2.99999806817296 	
2.49999868368493 	
3.99999425065282 	
3.99999417528474 	
0.99999985379626 	
3.49999657885059 	
1.99999925212376 	
2.4999982163849 	
1.49999911581104 	
3.49999886509781 	
5.99999500800104 	
3.999994708148 	
3.49999782952421 	
3.49999544939599 	
4.49999237911563 	
3.49999820356539 	
2.99999811899866 	
3.99999609534842 	
4.49999697775997 	
2.49999915348231 	
4.49999328048897 	
1.49999980424771 	
3.49999588176729 	
2.99999537170729 	
5.99999170823551 	
0.999999552828006 	
6.99999294232078 	
0.999999358698125 	
2.99999666052528 	
3.49999756771047 	
1.49999911581104 	
2.99999705751625 	
0.999999267853978 	
4.9999944238722 	
0.999999625450423 	
2.99999887818564 	
0 	
4.49999385218578 	
3.49999591544235 	
3.99999755771237 	
4.9999929727405 	
1.99999970759252 	
2.49999936383076 	
0.999999552828006 	
3.49999820356539 	
1.99999734408017 	
5.99999237687396 	
6.49998799328282 	
