3.4999951177052 	
6.99999293666009 	
4.99999151507799 	
2.49999761253793 	
0.999999364845566 	
3.99999657665948 	
3.49999574274233 	
0 	
1.99999750134628 	
0.999999480761448 	
0 	
3.99999483292381 	
4.99999330249981 	
1.49999907578501 	
2.99999643944539 	
4.99999133857158 	
2.49999927529708 	
3.99999811316043 	
3.49999781892323 	
1.99999882108138 	
4.49999328048897 	
3.49999735384445 	
1.499999440046 	
3.99999741419564 	
1.99999877885619 	
1.99999789896552 	
2.49999819267979 	
2.49999841697894 	
0 	
3.9999978902564 	
0 	
2.49999762648084 	
2.9999963547634 	
2.49999915348231 	
2.99999599732686 	
1.99999871471559 	
2.9999985773708 	
2.99999823162208 	
1.99999925212376 	
0 	
0 	
0 	
0 	
0 	
4.49999497114528 	
0 	
0 	
0.999999746982215 	
3.99999549198502 	
1.99999910565601 	
2.99999707151132 	
4.9999929727405 	
0.99999985379626 	
1.99999949396443 	
0.99999985379626 	
5.99999161157069 	
0 	
2.49999648637025 	
6.49999012222359 	
4.99999258470658 	
2.99999744164779 	
4.99999351433642 	
2.49999831152083 	
2.99999745436395 	
5.49999144830951 	
4.99999656259925 	
2.99999575748987 	
2.49999923356956 	
1.4999989542961 	
4.49999647913679 	
4.99999151507799 	
0.999999955750158 	
0 	
5.49999143455131 	
0 	
3.49999704916246 	
4.99999273531123 	
5.49999366213345 	
2.99999825822426 	
1.99999882108138 	
5.49999143455131 	
0 	
1.99999949396443 	
3.9999945979874 	
3.99999255209962 	
4.99999538623476 	
0.999999685543246 	
2.9999969051926 	
3.49999663488759 	
2.49999915209531 	
4.99999230559674 	
5.9999917807312 	
1.49999891715081 	
2.99999746721055 	
1.49999980424771 	
3.99999660205656 	
2.99999846823145 	
0 	
4.99999149702086 	
2.49999693005828 	
6.49999312857578 	
0.99999985379626 	
0.999999267853978 	
0.999999211205671 	
1.99999804752023 	
0.99999985379626 	
3.99999660205656 	
0 	
4.99999105476365 	
5.99999355479147 	
3.99999513968453 	
4.49999344146424 	
3.49999678041146 	
1.99999944585635 	
2.99999786526637 	
2.49999792361521 	
0 	
5.74999377846599 	
2.49999787481143 	
2.9999984437528 	
4.99998933310154 	
2.9999973411655 	
1.99999842650009 	
2.9999971590949 	
1.99999871739625 	
0.999999552828006 	
3.99999788208931 	
1.49999980424771 	
4.99999656259925 	
3.99999703772028 	
5.99999243146235 	
0 	
5.49999063898721 	
6.99999037598611 	
4.99999560102954 	
3.99999597615663 	
0.99999962606188 	
2.4999980663022 	
5.49999128928923 	
2.99999763975014 	
2.49999822105531 	
2.49999811118647 	
3.49999710779926 	
1.99999803162609 	
3.99999697816663 	
3.99999675292949 	
4.99999282728529 	
3.99999609534842 	
0.999999685543246 	
3.49999823313827 	
