0 	
3.99999755771237 	
0 	
0 	
0.999999213250046 	
0 	
0 	
0 	
0.999999358698125 	
0.999999746982215 	
2.4999986136775 	
0 	
0 	
0.999999674307175 	
0 	
0 	
0 	
0.999999685543246 	
0.999999955750158 	
0 	
0 	
0 	
0.99999962606188 	
0 	
0.999999267853978 	
1.99999742634282 	
0.99999905395905 	
1.4999987853828 	
0 	
0 	
0 	
2.99999816828428 	
0.999999480761448 	
0 	
0 	
0 	
0 	
0.999998480876946 	
0 	
1.49999956887986 	
0.999999955750158 	
0 	
0 	
0.999999213250046 	
1.99999764487621 	
0 	
1.99999877885619 	
0 	
0 	
2.49999875318184 	
0 	
0 	
0 	
0.99999985379626 	
1.49999945202234 	
0 	
1.99999796126785 	
0 	
0.999999955750158 	
0.999999480761448 	
0.999999685543246 	
2.49999763397021 	
0.999999288422124 	
1.99999796126785 	
0 	
1.499999440046 	
0.999999213250046 	
0 	
2.99999704685243 	
0.999999364845566 	
0.99999985379626 	
0 	
0 	
2.9999983772812 	
0.99999962606188 	
0 	
0 	
0 	
0 	
0 	
0 	
0 	
2.49999847819099 	
0 	
3.99999587080946 	
0.999999389428094 	
0 	
2.99999772759547 	
0.99999985379626 	
0.99999985379626 	
0.999999685543246 	
0 	
1.49999955366899 	
0 	
1.99999931263766 	
2.99999640426857 	
0.999999364845566 	
0 	
0 	
0 	
0 	
2.9999973411655 	
1.99999925212376 	
1.99999713072573 	
0 	
0 	
0 	
2.49999733448701 	
0.99999985379626 	
0.99999985379626 	
0.999999213250046 	
0 	
0.999999410540692 	
2.99999816828428 	
1.99999894104466 	
0 	
0.999999364845566 	
0 	
0.999999480761448 	
0.999999552828006 	
0.99999962606188 	
0.99999985379626 	
0.999999625450423 	
0 	
0 	
0 	
1.99999877885619 	
0 	
1.99999842650009 	
0.999999955750158 	
2.49999762648084 	
1.99999830297816 	
0.999999023837104 	
0 	
0.999998784921132 	
0.999999746982215 	
0 	
0 	
0 	
1.99999877885619 	
2.99999570715873 	
0.999999077246953 	
0 	
1.99999842650009 	
0 	
0 	
1.99999830297816 	
0 	
0 	
0 	
0 	
0 	
1.99999970759252 	
0.999999685543246 	
2.9999983772812 	
1.9999981079181 	
0.999998784921131 	
0.99999905395905 	
0.999999023837104 	
0 	
1.49999956887986 	
0 	
0.999999746982215 	
0 	
1.99999734408017 	
0 	
0.999999674307175 	
0.999999023837104 	
0.999999746982215 	
0.999999023837104 	
0 	
0.999999544491357 	
0 	
0.999999685543246 	
1.99999908898271 	
0 	
0 	
0.999999834909781 	
1.99999944585635 	
3.9999937094865 	
0 	
0 	
0 	
0 	
0 	
0 	
1.99999931263766 	
0 	
0 	
0 	
0.999999213250046 	
0.999998571227175 	
0 	
1.499999440046 	
0 	
0 	
0 	
2.49999768345243 	
0 	
0 	
0 	
2.99999763975014 	
0 	
0 	
1.99999970759252 	
0.999999552828006 	
0 	
0 	
