0 	
0.999998267219558 	
0.999998991310193 	
0.999999552828006 	
3.49999730593219 	
3.49999683884551 	
0.999999632186113 	
1.99999854805305 	
1.99999714245435 	
0.999999674307175 	
4.49999499598626 	
1.99999782261552 	
1.99999875789179 	
0.999999552828006 	
0.999999834909781 	
0.999999685543246 	
0 	
2.99999562764282 	
1.99999925212376 	
2.99999707151132 	
0 	
1.99999842650009 	
3.99999597615663 	
2.99999847837362 	
0 	
5.49999457539474 	
0 	
0 	
0 	
1.99999925212376 	
0 	
2.99999574209748 	
1.49999860311264 	
0 	
0.999999955750158 	
0 	
3.99999755771237 	
1.49999929000486 	
0 	
2.99999599732686 	
2.99999601612026 	
0.999999632186113 	
0.999999389428094 	
0 	
0 	
0.99999985379626 	
0.999999834909781 	
0 	
3.99999609504047 	
0 	
1.99999854355623 	
2.9999968516487 	
0 	
0.999999271778113 	
0.999999552828006 	
1.99999925090085 	
1.49999973592541 	
0 	
0 	
0 	
0 	
2.99999684697236 	
0 	
0.999999389428094 	
0 	
1.99999910565601 	
1.9999981544939 	
3.49999507606186 	
0 	
0.999999625450423 	
2.49999901820232 	
3.99999528975242 	
1.49999893263319 	
0 	
1.49999980424771 	
2.49999875318184 	
0 	
1.99999949396443 	
2.49999915209531 	
0 	
1.99999872969113 	
3.99999685300019 	
3.49999371484806 	
0.99999985379626 	
0 	
0 	
0 	
1.49999973592541 	
0.999999552828006 	
1.49999980424771 	
0 	
2.99999860559658 	
1.99999861524161 	
0 	
3.49999883066944 	
0 	
1.99999877885619 	
1.49999980424771 	
1.49999956887986 	
2.49999782109689 	
0 	
0 	
