0 	
3.99999244608667 	
0.999999544491357 	
0 	
0 	
0.999999746982215 	
0 	
0.999999685543246 	
2.99999599732686 	
2.99999872598333 	
2.9999973411655 	
6.99998487161677 	
1.49999876307492 	
1.99999882108138 	
0.999999834909781 	
1.99999804767421 	
1.49999884686153 	
0 	
4.49999398086972 	
2.99999640426857 	
1.99999804767421 	
0 	
1.99999910565601 	
2.49999678783399 	
2.99999485904079 	
1.99999882108138 	
4.99999418386938 	
0.999999746982215 	
0.999999447637109 	
0.99999985379626 	
0 	
0.999999685543246 	
2.99999810141313 	
1.49999926761356 	
0.999999077246953 	
2.49999888207001 	
1.99999789381402 	
2.99999872598333 	
0.99999962606188 	
0 	
1.99999877993995 	
1.99999804767421 	
1.99999872969113 	
2.49999927529708 	
0.999998672040085 	
0.999999480761448 	
1.49999980424771 	
3.49999823313827 	
0.99999962606188 	
0 	
2.99999640426857 	
2.4999964717942 	
1.99999837548816 	
2.99999672858217 	
3.99999597615663 	
4.99999054888348 	
1.99999925090085 	
2.49999915348231 	
0 	
0.999999632186113 	
2.99999816828428 	
5.49999457539474 	
2.99999764887305 	
0.999999674307175 	
1.99999728867397 	
3.49999574274233 	
3.99999660205656 	
1.99999931263766 	
3.49999796238255 	
2.49999853092383 	
1.99999896152289 	
1.99999902799006 	
2.49999901334407 	
0.99999905395905 	
0.999999077246953 	
0 	
0 	
2.99999759762819 	
0.999999481250932 	
4.49999360079297 	
5.99999081179714 	
2.99999707151132 	
1.99999937108649 	
1.99999789381402 	
0.99999962606188 	
2.99999599732686 	
3.49999678041146 	
0.999999632186113 	
1.99999842650009 	
2.99999607257346 	
0 	
1.49999952831487 	
0 	
1.99999889527422 	
3.999994708148 	
0 	
3.9999962158362 	
2.49999888207001 	
0.99999985379626 	
0 	
1.99999910565601 	
2.9999945357434 	
