1.9999981079181 	
2.49999788925195 	
2.9999973411655 	
3.99999582083948 	
0.999999151454652 	
2.49999901334407 	
3.49999504610684 	
0.999999955750158 	
1.99999742634282 	
2.99999677737665 	
4.99999694714047 	
2.9999954437946 	
0 	
0 	
3.99999426040228 	
0.999999632186113 	
3.99999660205656 	
1.99999944585635 	
0 	
0.999999685543246 	
3.99999409729162 	
5.49999132648773 	
2.99999816828428 	
0 	
3.7499964604688 	
0 	
0.999998784921131 	
3.99999528975242 	
6.49999072886021 	
5.49999104871159 	
2.99999772204389 	
1.99999928958687 	
0 	
3.99999352002707 	
3.49999823313827 	
3.99999510244553 	
2.99999529159228 	
2.9999969051926 	
5.49999203046301 	
3.99999324060736 	
1.99999944585635 	
2.99999601612026 	
0.999999685543246 	
3.9999958568144 	
2.99999823162208 	
2.49999721856998 	
0 	
4.24999652118307 	
0.999999674307175 	
1.99999925212376 	
2.99999568934186 	
1.99999877885619 	
2.49999853092383 	
0 	
1.99999843126093 	
1.99999925212376 	
2.99999601612026 	
6.49999132463614 	
4.49999718720329 	
1.99999910565601 	
6.99999152641615 	
0.999999685543246 	
2.9999963547634 	
2.99999601612026 	
3.999994708148 	
5.99998965136573 	
4.99999413963768 	
6.99998841619905 	
0.999999552828006 	
1.49999851288814 	
0 	
5.99999198119703 	
2.99999713388425 	
6.49999132463614 	
0.99999985379626 	
0.999998991310193 	
1.99999890401956 	
2.49999927529708 	
3.49999601362027 	
1.99999925090085 	
3.99999818320309 	
0 	
0 	
2.49999927529708 	
3.49999748696031 	
0 	
3.49999767204427 	
2.49999915348231 	
0 	
2.99999890404468 	
0.99999962606188 	
1.49999973592541 	
2.99999872598333 	
3.99999641944583 	
4.99999531980401 	
1.49999956887986 	
1.99999925090085 	
2.49999915348231 	
1.99999660328508 	
5.74999542443114 	
