0 	
0 	
0 	
0 	
0 	
0 	
0 	
0 	
0.999999746982215 	
0 	
0.999998784921132 	
0 	
0 	
0.999999746982215 	
0.999999023837104 	
0 	
0.99999905395905 	
0 	
0 	
0 	
0.999999625450423 	
0 	
0.999999358698125 	
0 	
0 	
0 	
0.999999077246953 	
0 	
0.99999985379626 	
0 	
0 	
0 	
0 	
0 	
0 	
0.999999685543246 	
0 	
0.999999674307175 	
0 	
0 	
0 	
0 	
0 	
1.9999981079181 	
0.999999213250046 	
0 	
0.99999985379626 	
0.999999288422124 	
1.99999910565601 	
0 	
1.99999804767421 	
0 	
0 	
0 	
0.999999625450423 	
0 	
0.999999685543246 	
0 	
0 	
0 	
0 	
0 	
0 	
0 	
0 	
0 	
0.99999985379626 	
0 	
0.99999985379626 	
0.99999985379626 	
0.99999985379626 	
0 	
0 	
0 	
0 	
0.999999746982215 	
0.999999955750158 	
2.99999684697236 	
0 	
0.99999985379626 	
0 	
0 	
0 	
0 	
0 	
1.99999949396443 	
0 	
0.99999985379626 	
0 	
2.49999933657743 	
2.99999816828428 	
0 	
0 	
0.999999690865243 	
0 	
0 	
1.99999760937355 	
0 	
0.999999746982215 	
0.999999288422125 	
0 	
0 	
0 	
0 	
1.99999925212376 	
0 	
0 	
0 	
0 	
1.99999944585635 	
0 	
0 	
0 	
0 	
0.999999023837104 	
0 	
0 	
0 	
0 	
0 	
0 	
0 	
0 	
0.999999674307175 	
0.999999364845566 	
0 	
0.999999211205671 	
0 	
0 	
0 	
0 	
0.999998571227174 	
0 	
1.49999891715081 	
0 	
0 	
0 	
0 	
0 	
0.999999625450423 	
0 	
0 	
0 	
0 	
0 	
0.99999962606188 	
0 	
0 	
0 	
0 	
0 	
0 	
0 	
0.999999746982215 	
0 	
0 	
1.99999837548816 	
0 	
0 	
0 	
0.999999674307175 	
0.999999746982215 	
0 	
1.99999970759252 	
0 	
0.999999674307175 	
0 	
0 	
2.99999725919696 	
0.999999288422124 	
0.999999389428094 	
0.999999267853978 	
0 	
1.99999804767421 	
0.999999023837104 	
2.99999816828428 	
0.99999962606188 	
0 	
0 	
0.999998923012306 	
0 	
0 	
0 	
2.49999915348231 	
0.99999985379626 	
0.999999213250046 	
1.99999949396443 	
0 	
0 	
0.99999985379626 	
0 	
0.999999023837104 	
0 	
0 	
0 	
0 	
0 	
0 	
0 	
1.99999830297816 	
0 	
0 	
0 	
