1.99999815240003 	
2.99999456203835 	
2.49999763397021 	
3.99999485647295 	
0 	
1.499999440046 	
2.99999635476339 	
0.999999410540692 	
0.99999962606188 	
1.99999842650009 	
1.99999842650009 	
2.49999901334407 	
1.99999714245435 	
0.99999905395905 	
1.99999949396443 	
2.49999915348231 	
0 	
1.99999925212376 	
1.99999837548816 	
1.9999981079181 	
0 	
1.99999814577495 	
4.99999321981463 	
1.99999902799006 	
1.99999815231109 	
0 	
5.49999457539474 	
2.99999640426857 	
2.99999816828428 	
0.999999685543246 	
0.999999389428094 	
0 	
1.99999804767421 	
2.99999888009199 	
0 	
1.99999842650009 	
2.49999622399066 	
0.999999480761448 	
1.99999882108138 	
2.49999915209531 	
3.49999767204427 	
1.99999796126785 	
0.999999685543246 	
0.99999905395905 	
4.49999590137133 	
1.499999440046 	
0 	
1.99999944585635 	
3.99999437228163 	
0.999999480761448 	
0.99999905395905 	
0.999999364845566 	
3.49999683884551 	
0.999999288422124 	
0.999999685543246 	
2.99999666052528 	
1.49999943909282 	
2.99999816828428 	
1.99999944585635 	
0.99999985379626 	
0 	
0.999998571227175 	
1.49999848696529 	
1.99999910565601 	
0.999999625450423 	
1.99999894104466 	
0 	
0.999998883927388 	
2.49999853092383 	
2.49999868031027 	
2.49999831152083 	
0.99999962606188 	
2.99999716187715 	
0 	
1.99999937108649 	
1.99999842650009 	
2.99999739779272 	
0.999999364845566 	
0.999999480761448 	
0.999998784921131 	
0 	
0.999999544491357 	
0.99999985379626 	
1.49999932924201 	
0 	
1.99999944585635 	
1.99999728867397 	
3.99999497853056 	
4.49999280436962 	
0 	
0 	
0 	
1.99999707431932 	
2.49999853092383 	
0.999998571227175 	
0 	
1.99999937108649 	
0 	
0 	
1.9999981079181 	
1.99999925212376 	
0 	
