1.99999780713396 	
0.999999834909781 	
1.49999956887986 	
0.99999905395905 	
1.99999854805305 	
2.49999936383076 	
2.9999969051926 	
4.99999237024129 	
0.999998750375256 	
4.49999205251872 	
3.49999692293169 	
1.99999877885619 	
4.99999351433642 	
1.49999851288814 	
2.99999855923089 	
0.999999077246953 	
0.999999075432228 	
2.99999811899866 	
0 	
0.999999685543246 	
3.49999445041033 	
4.99999440390755 	
2.99999725919696 	
0.999999077246953 	
1.99999750134629 	
0.99999962606188 	
1.99999804767421 	
0 	
4.99999526979524 	
3.99999279086329 	
0.999999358698125 	
0.999999410540692 	
3.99999821623885 	
0.999999288422124 	
5.49999003993921 	
2.49999740582082 	
0 	
0 	
0 	
1.9999981079181 	
1.99999944585635 	
0.99999962606188 	
0.99999962606188 	
0.999999410540692 	
3.99999685300019 	
0.999999746982215 	
0 	
2.99999578413461 	
0.999999271778114 	
4.49999460640286 	
0.999999552828006 	
0.99999962606188 	
1.49999943909282 	
0 	
1.499999440046 	
3.99999497260794 	
0.999999480761448 	
1.49999821191409 	
0 	
0 	
1.99999843126093 	
0 	
0.99999985379626 	
3.99999295392037 	
1.99999902799006 	
0 	
0 	
3.9999969127622 	
3.99999540408806 	
5.4999943934866 	
3.99999438537765 	
1.99999830407314 	
0.999999685543246 	
0.999999552828006 	
2.99999614765081 	
1.99999714245435 	
3.99999389622577 	
0 	
1.99999894104466 	
0 	
3.99999609534842 	
0.99999985379626 	
5.49999203185916 	
4.99999581951007 	
0.999999685543246 	
4.99999409974768 	
0 	
0 	
0.99999985379626 	
0.999999271778114 	
0 	
2.99999764887305 	
2.99999640426857 	
0.999999648406347 	
3.99999661987908 	
2.49999931067901 	
0.999999685543246 	
2.99999684697236 	
2.99999816828428 	
2.49999604546609 	
0 	
