1.99999877885619 	
1.99999877885619 	
1.99999970759252 	
0 	
0.99999905395905 	
4.99999542143993 	
2.99999704685243 	
2.99999858000972 	
0 	
2.99999763975014 	
1.99999857386403 	
2.9999983772812 	
0.99999962606188 	
3.99999488369517 	
0 	
0.999999834909781 	
0.99999985379626 	
2.49999763397021 	
0 	
0 	
2.49999819267979 	
0.99999962606188 	
0.999999410540692 	
0 	
4.99999467010761 	
0.99999985379626 	
1.99999764487621 	
0 	
1.9999975658756 	
0 	
0 	
0 	
2.499997206251 	
0 	
0 	
1.49999902894885 	
0.999999389428094 	
0.999999632186113 	
0.999999674307175 	
0.999999077246953 	
1.49999980424771 	
0 	
2.99999570715873 	
2.99999601612026 	
0.99999985379626 	
2.49999847819099 	
1.99999772523915 	
3.4999953696295 	
0 	
0.99999905395905 	
0 	
0.99999962606188 	
0 	
0 	
0.999999364845566 	
0.99999905395905 	
0 	
2.49999853092383 	
0.999999213250046 	
1.49999973592541 	
2.99999855923089 	
0 	
1.9999981079181 	
0.999999023837104 	
2.99999816828428 	
0.999999358698125 	
0.999999955750158 	
2.99999872598333 	
0.999999690865243 	
0 	
2.49999915348231 	
2.99999786526637 	
1.99999947878987 	
0 	
0.999999358698125 	
0.999998672040085 	
0 	
3.99999560141068 	
0 	
0 	
1.99999877885619 	
0.999999552828006 	
1.99999877885619 	
0.999999410540692 	
0.99999985379626 	
0 	
0.999999834909781 	
1.99999970759252 	
0 	
0 	
0.99999962606188 	
3.99999647067277 	
0 	
1.9999968653946 	
1.99999861524161 	
3.99999597615663 	
0.999998883927388 	
0 	
0 	
0.99999985379626 	
0.999999544491357 	
0.999999267853978 	
0 	
1.99999910565601 	
0.999999213250046 	
