0 	
0 	
0 	
0 	
0 	
0 	
0 	
0 	
0 	
0.999999674307175 	
0 	
0 	
0 	
0 	
0 	
0 	
0 	
0 	
0 	
0 	
0.999999023837104 	
0 	
0 	
0 	
0 	
0 	
0 	
0 	
0 	
0 	
0 	
0 	
0.999999955750158 	
0 	
0 	
0 	
0 	
1.99999877885619 	
0.999999685543246 	
0.999999552828006 	
0 	
0 	
0 	
0.999999955750158 	
0 	
0 	
1.49999952831487 	
0 	
0 	
0.999999955750158 	
0 	
0 	
0.999999389428094 	
0.999999151454652 	
0 	
2.99999816828428 	
0 	
0 	
0 	
0.999999746982215 	
0 	
0 	
0.999999955750158 	
0 	
0 	
0 	
0.999998905533304 	
0 	
0.99999905395905 	
0 	
0.999999023837104 	
0 	
0 	
0 	
0 	
0 	
0 	
0 	
0 	
0 	
0 	
0 	
0 	
0 	
0 	
0.999999955750158 	
0 	
0 	
1.99999877885619 	
0 	
0 	
0 	
0 	
0 	
0 	
0 	
0 	
0 	
0 	
0 	
0 	
0 	
0 	
0 	
