0.99999985379626 	
0 	
0 	
1.49999853133476 	
0 	
0 	
0.99999985379626 	
0 	
0 	
1.99999842650009 	
2.99999816828428 	
0 	
0.99999985379626 	
0 	
0.99999985379626 	
1.99999944585635 	
0.999999552828006 	
0 	
0 	
0.999999632186113 	
0 	
2.9999968516487 	
0.999999685543246 	
0 	
0 	
0.999999364845566 	
0 	
1.99999896152289 	
0 	
0 	
0 	
0 	
0 	
0.999999746982215 	
0 	
0 	
0.999999481250932 	
0 	
0.999999023837104 	
0.999999480761448 	
0 	
0 	
0 	
0 	
0.999999077246953 	
0 	
2.99999707151132 	
0.999999267853978 	
0 	
0.999999552828006 	
0.999999389428094 	
0 	
0 	
0 	
1.99999804752023 	
0.999999389428094 	
0 	
0 	
0 	
0.999999625450423 	
0 	
0 	
1.49999980424771 	
0 	
0 	
0 	
0 	
0.999999213250046 	
0 	
0.999999480761448 	
1.49999926761356 	
0 	
0.999998991310193 	
1.99999708269133 	
0 	
0 	
0.999999685543246 	
0 	
0 	
1.99999970759252 	
0 	
0 	
0.999999023837104 	
0 	
1.99999804767421 	
0 	
1.49999842036848 	
0.999998784921131 	
0.999998672040085 	
0 	
1.99999925090085 	
0 	
0 	
0 	
0.999999389428094 	
0 	
0 	
1.99999877885619 	
0 	
0.999999746982215 	
0 	
2.99999764887305 	
0.999999410540692 	
0 	
0 	
0.999999674307175 	
0 	
0 	
0 	
3.99999660205656 	
0 	
0.99999985379626 	
1.49999973592541 	
0 	
0 	
0.999999746982215 	
0 	
0 	
0.999999685543246 	
0 	
0.99999985379626 	
0 	
0 	
1.99999949396443 	
0.999999389428094 	
0.99999962606188 	
0.999999213250046 	
0 	
2.49999927529708 	
0 	
0.999998480876947 	
1.9999981079181 	
0 	
0.999999746982215 	
0 	
0 	
0 	
0 	
0 	
0.999999955750158 	
0 	
0 	
0.999998923012306 	
0.999999544491357 	
0 	
1.99999931263766 	
0.999999389428094 	
0 	
0 	
0.999999151454652 	
0 	
0 	
0 	
0 	
0.99999962606188 	
0 	
0 	
0 	
0 	
1.49999926761356 	
0 	
0 	
0 	
0 	
0 	
0 	
0.999999480761448 	
2.49999875318184 	
2.49999933657743 	
0 	
0 	
0.999999632186113 	
0 	
0 	
3.49999823313827 	
0 	
0 	
0.999999746982215 	
0 	
0 	
0 	
0 	
0 	
0 	
0.999999544491357 	
1.99999949396443 	
0 	
0.999999480761448 	
0.999999364845566 	
0 	
1.49999902894885 	
0.99999962606188 	
0 	
0 	
0.999999389428094 	
0 	
0.999999023837104 	
0.99999962606188 	
0 	
0.99999985379626 	
1.9999981079181 	
0.999999955750158 	
0.99999985379626 	
0 	
0.999999544491357 	
0 	
1.49999872723362 	
0 	
0 	
1.99999877885619 	
0 	
1.99999925212376 	
