0 	
0.99999985379626 	
0.999999685543246 	
0.999998682498263 	
1.99999877885619 	
1.9999981079181 	
0 	
0 	
0.999999955750158 	
2.99999697053255 	
2.99999763975014 	
0 	
0 	
0 	
0 	
0 	
0 	
1.49999945202234 	
1.99999837548816 	
1.99999877885619 	
0.999999685543246 	
1.99999882108138 	
3.49999796238255 	
0 	
0 	
0 	
0 	
0 	
0.999998807942727 	
0.999999364845566 	
1.49999952831487 	
0.99999985379626 	
2.99999716187715 	
0.999999077246953 	
0.999999955750158 	
0 	
0 	
2.49999915348231 	
2.9999969051926 	
2.99999816828428 	
2.99999716187715 	
3.49999704916246 	
1.99999902799006 	
0.999999955750158 	
0 	
0.99999985379626 	
0.99999962606188 	
0.99999985379626 	
0 	
2.49999683209879 	
0.999999410540692 	
0 	
2.49999741986351 	
1.99999830407314 	
1.99999796126785 	
1.49999909616882 	
0 	
0 	
0 	
1.49999956887986 	
0.999999746982215 	
0.999999685543246 	
0 	
1.99999902799006 	
0.999999746982215 	
0.999999632186113 	
1.49999956887986 	
0 	
0 	
0 	
1.49999980424771 	
1.99999804767421 	
1.99999902799006 	
0 	
0 	
1.99999854805305 	
2.49999936383076 	
0.99999985379626 	
3.49999706535512 	
0 	
2.99999844228434 	
0 	
1.99999684373217 	
2.99999816828428 	
0 	
0 	
0.999999625450423 	
0 	
1.99999734408017 	
2.99999846823145 	
0 	
0.999999746982215 	
0.999999544491357 	
0.999999834909781 	
0 	
0.999999746982215 	
0 	
0.999999625450423 	
1.99999734408017 	
0 	
0 	
0.999999746982215 	
0.99999962606188 	
0.999999151454652 	
1.99999970759252 	
0 	
2.99999757564628 	
0 	
