0 	
0 	
0 	
0 	
0 	
0.999999075149384 	
0 	
0 	
0 	
0 	
0 	
0 	
0 	
0.99999985379626 	
0 	
0.999999746982215 	
0 	
0 	
0 	
0 	
0 	
0 	
0 	
0 	
0 	
0 	
0 	
0 	
0 	
0 	
0 	
0 	
0 	
0.99999985379626 	
0 	
1.99999970759252 	
0 	
0 	
0 	
0 	
0 	
0 	
0 	
0.999999746982215 	
0 	
0.999999271778114 	
0 	
0 	
0 	
0 	
0.999999389428094 	
0 	
0 	
0 	
0 	
0 	
0 	
0.999999746982215 	
0 	
0 	
0 	
0.999999746982215 	
0 	
0 	
0 	
0 	
0 	
0 	
0 	
0 	
0 	
0 	
0 	
0 	
0 	
0 	
0 	
0 	
0 	
0 	
0.999999625450423 	
0 	
0 	
0 	
0 	
0.999999746982215 	
0.999999685543246 	
0 	
0.999999389428094 	
1.49999932924201 	
0 	
0.999999023837104 	
0 	
0 	
0 	
0 	
0 	
0 	
0 	
0 	
0.99999985379626 	
0 	
0 	
0 	
0 	
0.999999955750158 	
0 	
0 	
0 	
0 	
0 	
