2.99999806020818 	
6.49999151299986 	
2.99999864727524 	
3.99999522501191 	
4.99999540457565 	
0.99999985379626 	
6.99998831021676 	
7.99999164103288 	
4.49999274312421 	
0 	
6.4999907313621 	
1.99999910565601 	
7.24998285690975 	
7.49998554478219 	
1.49999952831487 	
4.99999332435817 	
5.99998725904311 	
0.999999632186113 	
8.24998741985543 	
2.49999766863163 	
6.99998762781561 	
2.49999888207001 	
6.99999080530265 	
4.49999460640286 	
6.9999878982282 	
3.99999341172066 	
4.99999617328091 	
2.99999811899866 	
3.99999683130327 	
4.99999099018921 	
7.99998593054136 	
5.49999121264772 	
4.49999590137133 	
4.49999184136428 	
2.49999848937398 	
6.99998806741769 	
5.9999923898269 	
4.99999336124743 	
4.99999345409726 	
6.99998995909135 	
6.49999188025391 	
5.4999931229651 	
7.99998643000541 	
6.49999210796277 	
4.99999594508633 	
0 	
6.4999897701303 	
2.99999610002326 	
7.99998534459394 	
3.99999551204094 	
