0 	
0 	
0 	
0 	
0 	
0 	
0.999999458764504 	
0 	
0.999999632186113 	
0.999999834909781 	
0 	
0.999999288422125 	
0.999999674307175 	
1.74999953715819 	
0.999999955750158 	
1.49999955366899 	
2.99999749506935 	
1.499999440046 	
0.999999834909781 	
2.99999803582339 	
0 	
0.999999687472308 	
0.999999746982215 	
2.49999927529708 	
0 	
1.99999845997668 	
0 	
0.99999895272789 	
0 	
0.999999326122993 	
0.999999480761447 	
0.999999834909781 	
0 	
0.99999985379626 	
0.999999481250932 	
0 	
1.99999852682416 	
0 	
0 	
0.99999985379626 	
0.999999674307175 	
0 	
0 	
0 	
0.999999874489039 	
2.49999915348231 	
0.99999962606188 	
0.999999077353539 	
1.9999992858887 	
1.99999925090085 	
0.999999271778113 	
0.999999077353539 	
1.49999956887986 	
0.999999834909781 	
0 	
0.999999544491357 	
1.99999949396443 	
0.999999674307175 	
0.999999625450423 	
0.999999625450423 	
0 	
0.999999955750158 	
0 	
0 	
2.4999987907474 	
0 	
0 	
2.49999755847478 	
0 	
0.999999674307175 	
1.99999849423867 	
2.49999857268928 	
2.99999754788487 	
0 	
0.999999674307175 	
2.9999989647594 	
0.999999207764843 	
0 	
0 	
0 	
0 	
0.999999674307175 	
0 	
0 	
0.999999625450423 	
1.9999987279337 	
1.49999956887986 	
0.999999625450423 	
0 	
1.99999966981956 	
0 	
0 	
2.99999860410666 	
0.999999552828006 	
0 	
0 	
1.99999906940444 	
0 	
1.99999906940444 	
0 	
0 	
1.49999956887986 	
0 	
