0.999992081892696 	
0 	
0.999999247119337 	
1.49999980424771 	
1.49999952831487 	
1.99999861524161 	
1.99999835846966 	
1.49999945202234 	
1.74999802114021 	
1.99999793904309 	
3.49999833078835 	
0.999999247119337 	
0.999999247119337 	
2.49999785412308 	
0.999999301953929 	
1.9999981260745 	
1.99999717312936 	
1.99999823539067 	
2.99999796697172 	
1.99999966981956 	
0 	
1.4999991831514 	
1.99999893744791 	
2.49999901820232 	
0 	
0 	
0 	
1.99999893744791 	
0.999998807942727 	
0.999999358698125 	
1.99999925090085 	
0 	
1.99999931263766 	
0.999998923078963 	
4.49999663254429 	
0 	
0.999999746982215 	
2.99999864425523 	
0 	
0 	
0.999999674307175 	
3.99999723133698 	
1.49999980424771 	
2.49999846908513 	
2.99999827533203 	
0.999999625450423 	
0.999999545184678 	
0.999999874489039 	
1.49999880074448 	
0.999999358698125 	
2.99999805990419 	
0.999999077246953 	
1.99999925090085 	
2.99999899349574 	
0.999999955750158 	
0.999999073820647 	
1.4999989542961 	
0.999999690865243 	
0.999999955750158 	
0 	
2.99999666502028 	
1.99999849937997 	
1.9999992858887 	
1.49999956887986 	
0 	
0 	
2.49999796701331 	
0 	
1.49999890936046 	
0 	
1.99999966981956 	
2.99999890404468 	
0.999999480761447 	
0.99999985379626 	
2.99999855923089 	
0 	
0.999999834909781 	
0 	
0 	
1.99999949396443 	
1.99999838924569 	
0.999999247119337 	
0 	
0.999999288422125 	
0.999999746982215 	
1.99999944585635 	
1.99999896250186 	
0 	
0.999999545184678 	
2.49999802355571 	
0 	
0 	
1.99999970759252 	
1.499999440046 	
0.99999985379626 	
0.999999685543246 	
1.99999771047928 	
0 	
0.999999073820647 	
1.99999877993995 	
2.49999746913231 	
