0.9999981779154 	
0 	
0 	
0 	
0 	
0 	
0 	
0 	
0 	
0 	
0 	
1.49999949753796 	
0 	
0 	
0 	
0 	
0 	
0 	
0 	
0 	
0.999999746982215 	
0 	
0 	
0 	
0 	
0 	
0.999999534702219 	
0 	
0.999999534702219 	
0 	
0.999999534702219 	
0 	
0.999999664498579 	
0.999999480761448 	
0.999999746982215 	
0 	
0 	
0 	
0 	
0 	
0 	
0 	
0 	
0 	
0 	
0 	
1.49999926114479 	
0 	
0 	
0 	
0 	
0 	
0 	
0.99999985379626 	
0 	
0 	
0.999999664498579 	
0 	
0.999999545184678 	
0 	
0.999999746982215 	
0.999999326122993 	
0 	
0 	
0 	
1.99999902799006 	
0 	
0.999999674307175 	
0 	
0 	
0 	
0 	
0.999999664498579 	
0.99999985379626 	
0 	
0 	
0 	
0 	
0.99999985379626 	
0.999999746982215 	
0 	
0.999999534702219 	
0 	
0.999999834909781 	
0 	
0.999999746982215 	
0.999999664498579 	
0 	
0 	
0 	
0.999999534702219 	
0 	
0 	
0 	
0.999999664498579 	
0 	
0 	
0 	
0 	
0.999999955750158 	
0 	
0 	
0 	
0.99999985379626 	
0 	
0 	
0 	
0.999999664498579 	
0.999999874489039 	
0 	
0 	
