0 	
1.49999875173931 	
3.49999699145869 	
3.99999577311347 	
1.99999835647692 	
1.99999876578492 	
3.99999729198589 	
1.49999955366899 	
2.99999821046849 	
0.999999207764843 	
0.999999664498579 	
2.99999681865873 	
4.49999507398628 	
1.99999884989876 	
2.49999892545067 	
2.99999721835362 	
2.49999802520792 	
3.49999799031675 	
1.99999757856736 	
2.99999563874635 	
1.99999731922842 	
3.99999619824538 	
0 	
0.99999962606188 	
1.99999906940444 	
2.49999931067901 	
3.99999784506421 	
0 	
2.99999684806072 	
1.99999876495897 	
3.99999515617155 	
1.99999854355623 	
1.99999905259499 	
2.99999682206007 	
0.999999364845566 	
0.999999674307175 	
1.99999925090085 	
2.49999760690388 	
2.74999657115304 	
2.4999979311233 	
2.99999858000972 	
1.99999798798107 	
2.49999760363629 	
3.99999686527753 	
3.49999621210194 	
1.99999929864009 	
2.49999753290997 	
0.999998949558217 	
0.99999895272789 	
2.99999702665085 	
3.99999631112525 	
0.999999281195222 	
1.99999861524161 	
3.49999768238934 	
2.4999972404062 	
2.49999762037436 	
0.999999247119337 	
1.49999926761356 	
1.99999905259499 	
3.99999451676724 	
4.49999750676444 	
2.49999708030296 	
1.99999894946606 	
3.9999963270958 	
0 	
2.49999808651498 	
2.99999855923089 	
1.9999981033938 	
1.99999731097501 	
1.49999907578501 	
3.49999724944545 	
1.99999906940444 	
3.99999633614333 	
3.99999680745654 	
2.49999775995469 	
2.99999583187752 	
3.49999744311459 	
3.49999714045634 	
1.99999693751115 	
2.49999813439933 	
3.99999552553918 	
2.99999644743427 	
3.49999606067685 	
2.49999868368493 	
2.49999931067901 	
3.99999616657208 	
3.49999785686701 	
1.99999865224599 	
1.99999928958687 	
2.99999695077534 	
2.99999732629396 	
3.99999655896536 	
0.999999271778113 	
0.999999632186113 	
0.999999379666689 	
0.999999207764843 	
2.4999979311233 	
3.99999681916485 	
2.49999923356956 	
4.4999959724948 	
1.49999955366899 	
