0 	
4.4999943736484 	
2.99999850100398 	
0.999998783903671 	
1.99999931976321 	
3.49999684471483 	
4.74999169753236 	
4.49999380462065 	
3.9999963171824 	
4.49999521212102 	
2.999998590577 	
1.49999926872835 	
1.49999959300891 	
4.49999334637843 	
1.99999797501156 	
4.99999301281992 	
1.49999952831487 	
1.99999746756016 	
3.24999820667757 	
0.99999895272789 	
1.99999751115817 	
2.4999962272295 	
3.49999803110584 	
3.49999650050125 	
2.99999818149485 	
1.49999980424771 	
0.999999271778113 	
0 	
4.49999391052459 	
1.99999711949034 	
2.99999774135801 	
0.999999077353539 	
2.49999810723043 	
4.74999219453327 	
3.49999745672586 	
2.99999800834658 	
0.999999481250932 	
2.99999638785203 	
2.99999772835476 	
2.99999692473181 	
1.4999994342632 	
1.49999876307492 	
3.99999527705594 	
2.99999570014575 	
0.999999648406347 	
0.99999957014405 	
2.49999875831624 	
2.49999665287108 	
4.24999514591991 	
1.49999902894885 	
2.9999956592164 	
3.24999698074963 	
3.99999432979738 	
3.9999974780535 	
1.49999769690852 	
2.99999860410666 	
1.4999994342632 	
3.49999745672586 	
3.99999603803632 	
4.49999515715749 	
4.49999620995703 	
1.99999815470708 	
2.49999842521841 	
2.49999848937398 	
3.49999636046955 	
1.49999945202234 	
2.7499967291899 	
2.99999858329022 	
1.49999912783361 	
2.49999588878596 	
0 	
2.49999802355571 	
2.49999720352683 	
3.99999729198589 	
3.49999736567325 	
1.99999782261552 	
4.99999338601711 	
1.99999813718764 	
4.49999583098595 	
5.49999655617099 	
2.99999613062927 	
3.49999768537203 	
0.999999488332764 	
2.99999801449644 	
0 	
2.99999622164354 	
1.74999903519047 	
1.99999841552968 	
5.49999066763472 	
3.99999625214899 	
3.99999629311449 	
4.49999450809665 	
4.24999678196556 	
0.999999625450423 	
2.99999620442038 	
0.999999364845566 	
1.49999955366899 	
3.49999732167774 	
1.99999849423867 	
2.99999674977583 	
2.99999684806072 	
