0 	
0 	
0 	
0 	
0 	
0.999998609333551 	
0.999999834909781 	
0.999999955750158 	
0 	
0 	
0 	
0 	
0 	
0 	
0.999999664498579 	
0 	
0 	
0.999999534702219 	
0 	
0 	
0 	
0.999999534702219 	
1.49999876307492 	
0 	
0 	
0 	
0 	
0.999999674307175 	
0 	
0.999999834909781 	
0.999999874489039 	
0 	
0.99999985379626 	
2.49999857268928 	
0 	
0 	
0 	
1.9999992858887 	
0.999999834909781 	
0.999999955750158 	
0 	
0 	
0 	
0 	
0 	
0 	
0 	
0 	
0.999999207764843 	
0.999999632186113 	
0 	
0 	
0 	
0.999999625450423 	
1.99999877993995 	
0 	
0 	
0 	
0.999999685543246 	
1.49999955366899 	
0 	
0 	
0.999999326122993 	
0.999999834909781 	
0 	
0.999999075432228 	
0.999999690865243 	
0 	
0.999999410540692 	
1.99999895379353 	
0.999999687472308 	
0 	
0 	
0 	
0.999999625450423 	
1.99999928958687 	
0.999999955750158 	
0.999999410540692 	
0.999999955750158 	
0 	
0.99999985379626 	
0.999999834909781 	
0 	
0 	
0 	
0.999999326122992 	
0 	
0.999999685543246 	
0 	
0.999999632186113 	
0.999999552828006 	
0 	
0 	
0 	
0 	
0.999999534702219 	
0 	
0 	
0 	
0 	
0 	
0.999999955750158 	
0 	
0 	
0.99999985379626 	
0 	
