0 	
0 	
0.999996656717802 	
0 	
0 	
0 	
1.49999980424771 	
0.99999962606188 	
0.999999207764843 	
0 	
0.999999112408463 	
0.999999247380706 	
0.999999955750158 	
0.999999625450423 	
0 	
0 	
1.99999841552968 	
0.999999834909781 	
1.49999955366899 	
0.999999955750158 	
0.999999534702219 	
0.999999077353539 	
0 	
0 	
0 	
0 	
0 	
0 	
0 	
0.99999985379626 	
0.99999985379626 	
0 	
0.999999685442907 	
0 	
0.999999834909781 	
0 	
0.999999674307175 	
0 	
0.99999962606188 	
0 	
0.999999955750158 	
0.999999625450423 	
0 	
0 	
0.999999955750158 	
2.99999860410666 	
1.99999863237226 	
0 	
0 	
1.49999945202234 	
0 	
0 	
0.999998991310193 	
0 	
0 	
0.999999834909781 	
0.999999480761448 	
0.999999664498579 	
0 	
1.9999981033938 	
1.9999992858887 	
0 	
0 	
0.999999746982215 	
0 	
0 	
1.99999882143885 	
1.99999861524161 	
0 	
0.999999955750158 	
0 	
0.999999648406347 	
0.999999664498579 	
0.999999674307175 	
0 	
0.999999410540692 	
1.49999980424771 	
0.999999955750158 	
0 	
1.99999906940444 	
2.49999936383076 	
0 	
0.999999625450423 	
0.999999834909781 	
0 	
0.999999571102463 	
0.999999874489039 	
2.99999803582339 	
0 	
0 	
0.99999985379626 	
0 	
0 	
0 	
0 	
0 	
0.999999674307175 	
0 	
0.999999955750158 	
0 	
0.999999534702219 	
0.999999746982215 	
0 	
0 	
