1.99999937108649 	
0.999999674307175 	
0.999999481250932 	
1.99999900820924 	
2.99999833166541 	
2.99999806020818 	
0.999999955750158 	
2.99999723411047 	
2.99999814456781 	
2.87499798471144 	
0.999999075432228 	
2.99999822086715 	
1.93749911279714 	
0 	
0.999999674307175 	
1.99999928958687 	
0.999999362001564 	
1.49999955366899 	
0.999999410540692 	
1.99999928958686 	
1.99999970759252 	
1.4999991831514 	
2.74999884200384 	
0.999999151454652 	
2.49999822089465 	
0.999999552828006 	
1.99999890401956 	
0 	
5.31249486281662 	
0.999999362001564 	
0 	
3.49999756344111 	
2.49999755513376 	
2.99999895380229 	
0.999999834909781 	
0 	
1.74999898628054 	
1.99999857684425 	
2.49999915348231 	
3.74999740520445 	
2.99999836630281 	
0.999999834909781 	
1.49999876307492 	
2.99999807609438 	
1.99999926437223 	
2.99999865848402 	
2.99999806020818 	
1.99999928958687 	
1.99999877993995 	
0 	
0.999999674307175 	
1.99999882108138 	
0.999999674307175 	
0 	
2.99999833166541 	
1.99999928958687 	
0.999999358698125 	
1.99999925212376 	
0.999999834909781 	
0 	
1.99999877993995 	
2.49999868368493 	
0 	
0.999999632186113 	
0.999999955750158 	
0 	
1.99999849709127 	
0.999999410540692 	
1.99999896250186 	
0.999999632186113 	
0.999999632186113 	
0 	
1.49999945202234 	
0 	
0.999999834909781 	
1.99999925212376 	
0 	
0 	
0.999999632186113 	
0.999999834909781 	
1.99999925212376 	
1.49999980424771 	
1.99999928958687 	
0 	
0.999999834909781 	
1.99999877993995 	
0.999999481250932 	
0 	
3.9374958840067 	
2.9999984437528 	
1.99999970759252 	
0.999999674307175 	
0.999999481250932 	
0 	
0.999999481250932 	
1.49999945202234 	
1.99999928958687 	
2.49999892545067 	
0.999999685543246 	
0.999999674307175 	
0.999999481250932 	
2.74999860781876 	
1.499999440046 	
0.999999674307175 	
0 	
0 	
2.49999875225464 	
1.99999934861435 	
0.99999962606188 	
1.499999440046 	
0.999999410540692 	
0.999999151454652 	
3.99999741761558 	
1.74999937116504 	
2.9999989755954 	
1.99999934861435 	
2.99999797408168 	
1.99999871739625 	
0.999999674307175 	
0.999999481250932 	
3.49999738820966 	
1.99999877993995 	
2.99999735598864 	
1.99999874892738 	
0.999999834909781 	
1.49999902894885 	
2.9999980775029 	
2.49999936383076 	
2.999997286258 	
0 	
1.99999900820924 	
0.99999962606188 	
0.999999685543246 	
1.99999865937666 	
0 	
1.99999890401956 	
1.99999853979656 	
1.99999896250186 	
2.99999854782063 	
2.49999892545067 	
0.999999632186113 	
0.999999674307175 	
3.49999678041146 	
3.24999737093562 	
0 	
0.99999962606188 	
1.99999926437223 	
1.99999758958155 	
0 	
0.999999955750158 	
1.99999937108649 	
0.999999685543246 	
1.49999945202234 	
2.9999989755954 	
0.999999834909781 	
1.499999440046 	
2.49999840848296 	
1.99999882108138 	
0.999999834909781 	
0.999999358698125 	
1.99999896250186 	
0.999999685543246 	
3.49999883066944 	
3.99999719258118 	
0.999999955750158 	
2.74999779115062 	
0 	
0.99999962606188 	
0.999999632186113 	
0.999999362001564 	
3.49999730642714 	
0 	
2.99999895380229 	
0.999999703628503 	
3.49999828167426 	
0.999999632186113 	
1.99999910565601 	
1.99999966981956 	
0.999999834909781 	
4.49999692202226 	
1.99999882108138 	
1.99999966981956 	
0.999999632186113 	
0.999999552828006 	
0 	
1.99999803162609 	
1.99999896250186 	
0 	
0.999999632186113 	
2.99999772204389 	
0.99999962606188 	
0.999999632186113 	
1.99999896250186 	
0 	
2.99999895380229 	
0.999999834909781 	
1.49999945202234 	
1.99999877993995 	
2.49999853092383 	
0 	
