1.99999899380846 	
0.999999552828006 	
0 	
1.49999955366899 	
0 	
0.999999685543246 	
0.999999685543246 	
0.999999632186113 	
0 	
2.9999989755954 	
1.99999934861435 	
0 	
0.999999834909781 	
0.999999674307175 	
2.99999846823145 	
0 	
0.99999962606188 	
0 	
0.999999955750158 	
0 	
1.49999955366899 	
0 	
2.49999931067901 	
0 	
0 	
1.99999944585635 	
1.99999928958686 	
1.99999934861435 	
1.99999928958687 	
0.999999674307175 	
1.8749993723198 	
0.999999834909781 	
0 	
0 	
0.999999955750158 	
1.99999944585635 	
0 	
0.99999962606188 	
0.999999834909781 	
0 	
0.999999955750158 	
0 	
1.99999900820924 	
2.74999884200384 	
0 	
0.999999674307175 	
1.99999966981956 	
1.74999915466699 	
0.999999552828006 	
3.9999975598799 	
0 	
2.99999838872301 	
0 	
0.999999674307175 	
3.49999883066944 	
0 	
0.999999674307175 	
0 	
1.99999890401956 	
0 	
0.999999552828006 	
0.999999358698125 	
0 	
0.999999685543246 	
3.99999799924455 	
3.9999978902564 	
0.999999834909781 	
1.499999440046 	
0 	
0.999999834909781 	
0.99999985379626 	
0 	
0.999999674307175 	
0 	
0 	
0 	
0 	
0 	
0 	
0.999999632186113 	
0 	
2.99999814456781 	
0.999999685543246 	
1.99999944585635 	
0.999999481250932 	
0.999999632186113 	
1.99999874892738 	
1.49999956887986 	
0.999999955750158 	
0.999999834909781 	
0.999999685543246 	
0.999999674307175 	
0.999999834909781 	
0 	
0 	
0.999999674307175 	
0.999999674307175 	
1.99999944585635 	
0 	
1.99999926437223 	
1.99999944585635 	
