1.49999956887986 	
1.49999973592541 	
0 	
0 	
0 	
0 	
0 	
0.999999552828006 	
0 	
0 	
0 	
0 	
0 	
0 	
2.99999887818564 	
0.999999685543246 	
0 	
0 	
0.999999685543246 	
0 	
0 	
0 	
0 	
0 	
0 	
0 	
0.99999985379626 	
0 	
0 	
0 	
0 	
0 	
0 	
0 	
0 	
0 	
0 	
0.999999834909781 	
0 	
0 	
0 	
0.999999834909781 	
0 	
0 	
0.999999481250932 	
0 	
0 	
0 	
0 	
0 	
0.99999985379626 	
0 	
0.999999834909781 	
0.99999962606188 	
0 	
0 	
0 	
0.999999834909781 	
0 	
0 	
0 	
0.999999632186113 	
0 	
0 	
0 	
0 	
0 	
0 	
0 	
0 	
0 	
0 	
0.999999834909781 	
0.999999674307175 	
0 	
0 	
0 	
0.999999955750158 	
0 	
0.999999834909781 	
0 	
0 	
0 	
0 	
0 	
0 	
0 	
0 	
0.999999674307175 	
0 	
0 	
0 	
0 	
0 	
0.999999955750158 	
0.99999962606188 	
0.99999985379626 	
0 	
0.999999632186113 	
0 	
0 	
0 	
0 	
0 	
0 	
0.99999985379626 	
0 	
