0 	
0 	
1.9999986613408 	
0.999999874489039 	
0 	
2.99999838872301 	
1.99999849709127 	
1.499999440046 	
3.49999883066944 	
1.99999928958687 	
0 	
1.99999926437223 	
0 	
0 	
0.999999632186113 	
1.4999989542961 	
0 	
0 	
0.999999552828006 	
0.99999985379626 	
1.99999910565601 	
0 	
0 	
0.999999481250932 	
2.49999868701623 	
0 	
0 	
1.499999440046 	
2.49999875736744 	
0.999999685543246 	
1.49999945202234 	
0.99999985379626 	
0 	
1.99999877993995 	
3.49999828167426 	
0.999999834909781 	
0.999999674307175 	
0 	
1.99999970759252 	
2.49999931067901 	
0.999999632186113 	
0 	
0.999999834909781 	
0 	
1.9999981544939 	
2.99999806020818 	
2.49999901334407 	
0.999999834909781 	
0 	
0.999999481250932 	
2.49999868368493 	
0 	
1.99999934861435 	
0 	
0 	
2.49999931067901 	
2.74999848457192 	
0.99999962606188 	
0.999999955750158 	
0 	
0.999999834909781 	
0 	
0 	
0 	
1.99999910565601 	
0.999999632186113 	
0.999999834909781 	
0.999999674307175 	
1.99999934861435 	
0.999999685543246 	
0.999999552828006 	
2.49999853092383 	
1.49999945202234 	
1.99999877993995 	
0 	
0 	
2.49999868031027 	
2.49999868031027 	
0 	
0 	
0 	
1.99999890401956 	
0 	
0 	
0 	
0.999999834909781 	
0.99999985379626 	
0 	
0 	
1.99999934861435 	
0 	
3.99999689163894 	
0.999999674307175 	
1.99999928958687 	
0.99999985379626 	
0.999999674307175 	
0.999999834909781 	
2.99999902292153 	
0.999999955750158 	
0.999999685543246 	
0.99999962606188 	
0.999999685543246 	
0 	
0.99999985379626 	
0 	
1.49999955366899 	
0.999999632186113 	
2.49999875736744 	
0 	
2.49999868368493 	
2.99999890404468 	
0 	
1.99999896250186 	
0.999999955750158 	
0 	
0 	
2.49999931067901 	
1.99999928958687 	
2.49999931067901 	
3.49999765027731 	
0.999999834909781 	
0 	
0.999999358698125 	
0.999999552828006 	
0 	
0 	
0 	
0 	
0.999999552828006 	
0.99999962606188 	
1.49999902894885 	
2.99999772204389 	
0.999999632186113 	
1.99999877993995 	
0.999999533150113 	
0 	
1.99999944585635 	
0 	
0 	
1.99999966981956 	
1.49999980424771 	
0.99999985379626 	
0.999999674307175 	
0 	
2.49999818053189 	
0 	
0 	
0 	
0 	
0 	
0 	
1.99999934861435 	
1.49999955366899 	
1.99999896250186 	
2.99999769037004 	
0.999999552828006 	
0.99999962606188 	
0 	
0 	
0.999999481250932 	
0.999999834909781 	
0 	
0.999999834909781 	
0 	
2.99999772204389 	
1.49999955366899 	
0.999999481250932 	
0.999999674307175 	
1.49999929000486 	
1.99999877993995 	
0 	
0.999999320815288 	
0 	
0 	
1.99999928958687 	
1.99999926437223 	
1.49999876307492 	
0.999999410540692 	
0 	
0.999999288422124 	
0 	
0 	
0 	
1.87499910550819 	
1.99999934861435 	
0.999999834909781 	
0.999999834909781 	
3.9999974347925 	
0 	
0 	
1.7499986785797 	
0.999999685543246 	
0 	
0 	
0 	
0 	
0.999999632186113 	
0 	
0.999999481250932 	
0.999999685543246 	
