2.9999979085922 	
2.99999685773449 	
3.49999820822125 	
1.99999934861435 	
1.99999934861435 	
0.999999632186113 	
0 	
3.49999780535909 	
1.49999876307492 	
3.49999671109861 	
0 	
0.999999685543246 	
0.999999358698125 	
2.99999822086715 	
0.999999077246953 	
0 	
1.99999925212376 	
2.49999915348231 	
1.99999882108138 	
1.99999928958687 	
0.999999674307175 	
0 	
1.99999874892738 	
1.99999890401956 	
0 	
1.99999890401956 	
0.999999632186113 	
0 	
1.99999857684425 	
1.99999934861435 	
0 	
2.99999757564628 	
3.49999833158347 	
4.99999513952545 	
1.99999926437223 	
2.49999931067901 	
3.9999975525234 	
1.99999925212376 	
0.999999955750158 	
3.4999978184976 	
0.999999834909781 	
1.99999896250186 	
2.99999745436395 	
0.999999632186113 	
2.74999747000297 	
1.99999857684425 	
2.49999764657594 	
1.99999926437223 	
0 	
0.999999632186113 	
0.999999362001564 	
1.99999925212376 	
0.999999674307175 	
3.99999628034687 	
0.99999985379626 	
0.999999834909781 	
0.999999834909781 	
2.9999980775029 	
4.24999680706206 	
0.999999685543246 	
2.9999984437528 	
0.999999955750158 	
3.49999781892323 	
1.4999991831514 	
1.99999896250186 	
1.99999849709127 	
3.49999781892323 	
1.96874866250445 	
0 	
0.999999552828006 	
1.99999928958687 	
1.4999991831514 	
0.999999632186113 	
2.99999846823145 	
0.999999834909781 	
1.99999896250186 	
0 	
1.99999890401956 	
1.99999865937666 	
3.74999748668467 	
0 	
0.999999955750158 	
0.999999834909781 	
0 	
0.999999674307175 	
1.99999803162609 	
1.99999877993995 	
0 	
2.49999802754249 	
1.49999902894885 	
1.499999440046 	
0.999999674307175 	
2.49999901334407 	
0.999999632186113 	
0.999999685543246 	
0.999999632186113 	
2.99999833166541 	
0 	
0.999999632186113 	
1.99999925212376 	
0.999999834909781 	
0.999999552828006 	
2.99999865848402 	
2.99999876358006 	
1.99999928958687 	
1.99999890401956 	
1.99999926437223 	
0.999999674307175 	
1.99999944585635 	
0.999999834909781 	
0 	
2.49999718383047 	
2.99999757564628 	
1.9999991944008 	
0.999999674307175 	
1.4999991831514 	
0.999999834909781 	
1.99999890401956 	
0.999999834909781 	
0.999999834909781 	
1.99999926437223 	
0.999999955750158 	
0.999999674307175 	
2.99999723411047 	
0.999999674307175 	
0 	
1.99999904404838 	
1.74999903519047 	
1.99999944585635 	
3.74999740479812 	
1.99999970759252 	
0 	
3.74999810423369 	
2.99999836630281 	
1.99999928958687 	
1.49999945202234 	
1.499999440046 	
0.999999834909781 	
3.74999639892111 	
0.999999955750158 	
0.999999151454652 	
0.999999625291197 	
3.49999767540646 	
0 	
0.999999151454652 	
1.99999966981956 	
0.999999552828006 	
0.999999481250932 	
0.999999288422124 	
0 	
0.999999632186113 	
0 	
4.74999478840747 	
0 	
1.99999890401956 	
0.999999552828006 	
0.999999481250932 	
0.999999674307175 	
3.4999967482615 	
1.99999926437223 	
1.99999927184635 	
1.99999890401956 	
2.99999807609438 	
0.999999552828006 	
3.49999765027731 	
0.999999358698125 	
2.99999858329022 	
1.99999935032798 	
0.999999625291197 	
0 	
3.9999975525234 	
0 	
0.999999703628503 	
2.99999890404468 	
0.999999362001564 	
2.9999989755954 	
2.99999757564628 	
1.4999991831514 	
0 	
1.49999945202234 	
0.999999674307175 	
0.999999834909781 	
0 	
1.99999934861435 	
2.74999783941306 	
0 	
2.74999702842003 	
2.9999989755954 	
0.999999632186113 	
0.999999320815288 	
1.99999928958687 	
2.49999931067901 	
2.49999875736744 	
1.99999928958686 	
0.99999985379626 	
2.4999989594695 	
1.49999879763474 	
2.99999735878786 	
0.999999481250932 	
2.99999895380229 	
