0.999999832757514 	
0 	
0 	
0 	
0 	
0 	
0.999999674307175 	
0 	
0 	
1.99999934861435 	
0 	
1.99999944585635 	
0 	
0.999999685543246 	
0 	
0 	
0 	
0 	
0 	
0 	
0 	
1.99999944585635 	
0 	
0.999999632186113 	
1.99999944585635 	
0 	
0.999999552828006 	
0 	
0.999999685543246 	
0.999999834909781 	
0.999999834909781 	
0 	
0 	
0.999999552828006 	
2.9999979085922 	
0.999999834909781 	
0 	
0.999999481250932 	
1.49999902894885 	
0 	
0 	
0.999999674307175 	
0.99999962606188 	
0 	
0 	
0.999999632186113 	
0.999999834909781 	
1.99999890401956 	
0.999999834909781 	
0.999999955750158 	
0 	
0 	
0.999999685543246 	
0.999999552828006 	
0 	
0 	
0 	
1.99999934861435 	
0 	
0.999999703628503 	
0.999999481250932 	
0 	
0 	
1.99999944585635 	
0 	
0 	
0 	
0.999999685543246 	
0 	
0.99999962606188 	
0.999999834909781 	
0 	
0 	
1.99999935032798 	
0 	
0.999999685543246 	
0.999999685543246 	
0.999999834909781 	
0 	
0 	
0 	
0 	
0.999999674307175 	
0.99999985379626 	
0 	
0 	
0.999999632186113 	
0 	
1.99999877993995 	
0 	
1.99999928958687 	
0 	
0 	
0 	
0 	
0 	
0 	
0 	
0.999999685543246 	
0 	
0 	
0 	
1.99999928958686 	
