1.99999937108649 	
0 	
2.99999836630281 	
1.99999937108649 	
1.99999890401956 	
1.99999934861435 	
0 	
1.99999932513795 	
0.999999410540692 	
0.999999075432228 	
0 	
0 	
0.999999834909781 	
0 	
0 	
0 	
0.999999955750158 	
0.999999410540692 	
0.999999834909781 	
0 	
1.99999966981956 	
1.99999925212376 	
0.999999481250932 	
0.999999151454652 	
3.49999883066944 	
0 	
0 	
1.74999903519047 	
0.999999632186113 	
0.999999674307175 	
0.999999834909781 	
0.999999632186113 	
1.49999980424771 	
0 	
2.49999892545067 	
0 	
0 	
0 	
1.99999928958686 	
0 	
1.49999955366899 	
1.49999945202234 	
1.99999890401956 	
0 	
0 	
0 	
0.99999985379626 	
0 	
0 	
0.999999410540692 	
2.99999911337028 	
0.999999481250932 	
1.99999944585635 	
0.99999985379626 	
1.99999896250186 	
0 	
0.999999552828006 	
0 	
0.999999288422124 	
0 	
1.99999877993995 	
1.74999937116504 	
1.49999980424771 	
1.99999966981956 	
0 	
2.9999989755954 	
1.99999934861435 	
1.99999934861435 	
0 	
0.999999632186113 	
1.99999857684425 	
0.999999834909781 	
0 	
0 	
0.999999410540692 	
0 	
0.999999552828006 	
0.999999625291197 	
0.99999962606188 	
0 	
0 	
0 	
0.999999674307175 	
0 	
0.999999685543246 	
0.999999685543246 	
0.999999552828006 	
1.99999944585635 	
2.49999875736744 	
0 	
2.49999936383076 	
0 	
2.49999868031027 	
0 	
1.99999890401956 	
1.99999857684425 	
0.999999674307175 	
2.49999797029267 	
1.99999928958687 	
0 	
2.49999868368493 	
1.99999853979656 	
2.99999911337028 	
0.999999552828006 	
0.99999985379626 	
1.99999937108649 	
1.99999910565601 	
0.999999674307175 	
2.49999877460627 	
0 	
0 	
2.74999837980964 	
1.99999890401956 	
0.999999703628503 	
0 	
0.999999703628503 	
0.999999834909781 	
1.99999928958686 	
1.99999928958687 	
0.999999834909781 	
0 	
0 	
0.999999552828006 	
0 	
0.999999674307175 	
2.49999799324953 	
1.99999928958687 	
2.99999895380229 	
0.999999834909781 	
2.49999936383076 	
2.99999846823145 	
1.99999937108649 	
0 	
1.99999928958687 	
1.99999925212376 	
0.999999674307175 	
0.999999674307175 	
2.99999890404468 	
0.99999985379626 	
0 	
0.999999703628503 	
1.99999882108138 	
0.99999962606188 	
1.99999966981956 	
1.99999934861435 	
2.49999931067901 	
2.49999875736744 	
0.999999955750158 	
2.99999865848402 	
0.999999674307175 	
0 	
1.99999896250186 	
1.99999890401956 	
1.99999865937666 	
0.999999632186113 	
0.999999674307175 	
1.99999896250186 	
0.999999685543246 	
0 	
1.99999944585635 	
0.999999552828006 	
1.49999956887986 	
0 	
2.49999799324953 	
0.999999674307175 	
0.999999955750158 	
2.49999875736744 	
1.99999896250186 	
1.99999890401956 	
0.999999834909781 	
0.999999674307175 	
0 	
2.99999772204389 	
2.99999865848402 	
0.999999674307175 	
0.999999834909781 	
0 	
0.999999834909781 	
1.99999925212376 	
0 	
0.999999632186113 	
1.49999945202234 	
0.999999834909781 	
0.999999410540692 	
2.4999989594695 	
0 	
1.49999973592541 	
1.8749993723198 	
2.99999713071437 	
1.99999932513795 	
2.49999875225464 	
0 	
2.49999868368493 	
2.74999860781876 	
0.999999674307175 	
0 	
0.999999674307175 	
0.999999410540692 	
0.99999985379626 	
0 	
