7.88540551185686 	
5.24999368122992 	
2.49999658005143 	
3.99999428224329 	
1.49999797778536 	
6.24999258968696 	
0 	
2.99999710895143 	
5.24999499906593 	
4.12499124490402 	
3.49999435129155 	
2.99999594047941 	
4.74999545061601 	
5.99999340206152 	
0 	
0.999998829080134 	
3.49999679701375 	
0.999998683971619 	
0.999998806920523 	
3.99999451461661 	
3.87499584009757 	
4.99999461537862 	
0.999998907903617 	
2.99999678162128 	
1.99999666895734 	
2.4999978508498 	
2.49999692026147 	
3.49999460199088 	
5.99999212332105 	
0 	
3.99999450348047 	
1.99999829502652 	
1.49999869369992 	
1.99999723689584 	
0.999998807942727 	
1.49999876307492 	
1.49999929000486 	
0 	
0.999998750375256 	
3.9999937949772 	
2.99999708673469 	
3.49999606258708 	
3.99999258803202 	
2.74999584181825 	
0.999999077246953 	
2.49999666273528 	
2.24999717083723 	
1.49999860311264 	
5.99998994903631 	
1.99999691164223 	
2.49999744699684 	
0.999999290509951 	
0 	
2.49999737091209 	
4.24999658423261 	
0 	
7.99998933458931 	
6.2499906930705 	
2.9999979085922 	
4.24999513231344 	
0.999998905533304 	
7.62498910699486 	
0 	
0.999998750673143 	
0 	
4.49999295485352 	
2.99999566145171 	
4.74999457035562 	
4.49999344690952 	
1.99999758027373 	
1.99999694725588 	
5.49999364239445 	
0.999998991310193 	
4.12499509578912 	
2.99999716479866 	
1.49999786365497 	
3.37499333440321 	
2.24999887288932 	
2.99999733782542 	
2.49999756193275 	
6.49999109173796 	
4.99999475215105 	
0.999999243488919 	
2.49999691550164 	
1.99999719818003 	
3.9999973486649 	
0.999999075432228 	
2.99999666614069 	
2.49999722394329 	
2.49999709242026 	
5.49999311377268 	
1.4999982301712 	
1.4999989795182 	
5.99999422799807 	
0.999998746939008 	
3.99999713302655 	
3.74999525842178 	
5.56249037649201 	
2.99999702483683 	
2.49999653243138 	
