0 	
1.99999890551669 	
1.4999989542961 	
0 	
2.49999834516099 	
0 	
0.999999634707892 	
0 	
1.49999956887986 	
0 	
0 	
3.499997578837 	
1.99999884789636 	
0 	
0 	
0 	
0 	
0.99999962606188 	
4.24999680463507 	
0 	
1.99999934861435 	
0.999999358698125 	
0.999999481250932 	
0.999999332371352 	
0 	
0.999999552828006 	
0.999998905533304 	
1.49999870578057 	
0.999999552828006 	
0 	
0 	
3.49999721021004 	
0 	
2.49999888266728 	
0.999999955750158 	
0.999999685543246 	
1.49999888111502 	
0 	
0.999999632186113 	
0 	
0 	
2.99999816804086 	
1.99999947878987 	
0 	
0 	
1.49999888111502 	
1.9999987289872 	
1.499999440046 	
0.999999648406347 	
0 	
0 	
0 	
0 	
3.99999740715507 	
0 	
1.74999953715819 	
0 	
0.999999146238007 	
2.08333180988425 	
0 	
0.999998905533304 	
0 	
1.99999936122043 	
0 	
1.99999846480711 	
0 	
0.999999648406347 	
0.999998999131803 	
0 	
2.74999779763283 	
0.999999488332764 	
0 	
2.99999745436396 	
0.999999690865243 	
0 	
0 	
0 	
0 	
2.99999687398589 	
0.999999685543246 	
0 	
0.999999685543246 	
1.49999945202234 	
1.49999973592541 	
0.999999481250932 	
2.49999851522451 	
0.999999834909781 	
0 	
0 	
0 	
1.4999989542961 	
2.49999837980964 	
0.999999488332765 	
0 	
0.999999685543246 	
0 	
1.49999878759287 	
0.999999449794773 	
0.99999962606188 	
0 	
