0 	
0.999999674307175 	
0 	
0 	
0 	
0 	
1.99999929864009 	
0.999999634707892 	
0 	
1.499999440046 	
0 	
2.49999832500754 	
3.4999979550643 	
0 	
0 	
0 	
0 	
0 	
0.999999243488919 	
0 	
0 	
0 	
0 	
0.999999394670805 	
0 	
0 	
0 	
0.999999403234598 	
0 	
0 	
0 	
0 	
0 	
0 	
0.999999500812446 	
0 	
0.999999632186113 	
0 	
0.999999648406346 	
0 	
0.999999834909781 	
0 	
0.999999685543246 	
0 	
0 	
0 	
0 	
0.999999685543246 	
0.999999146238006 	
1.49999819346348 	
0 	
0 	
0 	
0 	
0.999999955750158 	
1.49999955366899 	
0.999999500812446 	
1.99999877993995 	
1.49999929000486 	
0.999999648406346 	
0 	
2.74999779763283 	
1.49999916464571 	
0 	
0.999999634707892 	
1.99999894378058 	
0.999999685543246 	
0 	
0 	
0 	
0 	
0 	
0 	
0 	
0 	
0 	
0 	
1.99999900794399 	
0.999999955750158 	
1.99999929864009 	
0 	
0 	
0.999999047208934 	
0 	
0.999999834909781 	
0.999999955750158 	
0.999999834909781 	
0 	
0.999999834909781 	
0 	
0.999999690865243 	
0 	
0.99999985379626 	
0 	
0 	
0.999999685543246 	
0 	
0.99999962606188 	
1.49999933862931 	
0.999999685543246 	
