1.99999764319358 	
4.99999171859274 	
0.999999394670805 	
0.999998905533304 	
0.999998905533304 	
2.49999692338021 	
5.66666058355571 	
3.49999454242823 	
0.999998807942727 	
2.49999769203551 	
0 	
0 	
3.24999517567974 	
1.49999902894885 	
3.24999640615534 	
2.4999969801509 	
0.999999077246953 	
0 	
4.4843705226575 	
3.49999677755139 	
1.49999929000486 	
0.999998609333551 	
2.49999697270265 	
5.49999534176486 	
1.99999719349322 	
0.999998895445185 	
4.49999599913544 	
4.74999339243025 	
0.999998991310193 	
3.99999656023631 	
3.99999665002873 	
2.99999710261262 	
4.74999104375296 	
0 	
0 	
1.49999910692811 	
0.999999151454652 	
3.2499953884232 	
0.999998991310193 	
5.2499930391052 	
2.99999708673469 	
2.99999681204268 	
0 	
5.49999484885794 	
0.999998481277345 	
1.49999860311264 	
0.999999310022398 	
3.49999571367938 	
1.49999879763474 	
1.49999902894885 	
3.49999469060118 	
1.99999772531439 	
0.999998750067357 	
7.20832375487729 	
0.999999212641049 	
4.49999281853401 	
3.49999479186822 	
1.49999852855169 	
0 	
2.87499724522175 	
0.999998806817469 	
4.7499943456831 	
4.49999317951069 	
3.58333011424463 	
3.99999527117413 	
0.999999151454652 	
2.49999615667465 	
4.45832812704446 	
1.99999872623722 	
4.31249436910132 	
2.74999600403159 	
1.99999719818003 	
1.4999982301712 	
1.99999944585635 	
0.999999358698125 	
4.8333254208317 	
2.24999633966074 	
2.99999579716223 	
2.99999754048389 	
2.99999759057325 	
0 	
2.99999722629668 	
0.999998750375256 	
5.24998966414667 	
2.99999655212674 	
4.49999335140248 	
2.49999656107129 	
7.749987765237 	
0 	
6.49999238511097 	
0.999998806817469 	
3.99999513907832 	
3.74999502864747 	
5.24999318776638 	
3.49999715460301 	
0.999998905533304 	
4.24999386670344 	
0.999999151454652 	
2.99999715581328 	
3.24999654803872 	
