0.999998879944667 	
5.49999187167794 	
4.99999261834555 	
6.33332607682987 	
0 	
1.49999879763474 	
4.74999588930822 	
2.49999538641457 	
5.02082931383145 	
3.49999452473225 	
4.9999895108368 	
1.49999888111503 	
7.24999103376157 	
2.49999722394329 	
1.99999719818003 	
0.999999077246953 	
0.999998609333551 	
1.49999793618377 	
1.99999726671771 	
5.56249150151848 	
6.49998809866582 	
4.87498996978989 	
4.74999504426794 	
2.49999743504845 	
6.24999318788868 	
6.08332330088924 	
1.99999676251478 	
1.99999708269133 	
4.24999370635357 	
2.99999582800065 	
2.49999740810003 	
3.49999705046317 	
3.49999324505136 	
1.99999810597929 	
1.99999771457206 	
3.49999483925106 	
1.99999830786856 	
3.49999681210761 	
0.999998895445185 	
7.24999077932183 	
3.99999481220848 	
6.12499545158941 	
6.87499217720223 	
0.999998806817469 	
2.49999657680294 	
1.49999860311264 	
5.12499246775297 	
5.49999302146634 	
2.74999457698259 	
3.99999604083223 	
7.81248319713661 	
1.49999747512025 	
2.49999480292464 	
4.74999291856489 	
2.99999521878408 	
2.2499969002173 	
5.74999203280029 	
3.74999507582063 	
4.93749194705524 	
4.4999903724877 	
4.49999293230111 	
0.999998806920523 	
3.49999612559201 	
5.49998939850881 	
1.99999830535561 	
4.74999508693246 	
1.99999691164223 	
1.99999637739256 	
2.99999695354813 	
1.49999815954628 	
4.74999446032165 	
5.74999053805917 	
1.99999691164223 	
1.49999819346348 	
3.74999410805668 	
5.81249164657798 	
2.49999722640711 	
0.999998750673143 	
3.99999513324519 	
3.49999731346016 	
0.999999077246953 	
3.49999324388298 	
1.49999860924096 	
0 	
4.81249484115685 	
1.49999859586134 	
5.24998995836927 	
1.49999830080934 	
3.74999444258733 	
2.49999722640711 	
2.99999391284223 	
1.49999842036849 	
0.999998481277345 	
6.74999045924025 	
5.74999322548507 	
1.49999782710256 	
3.49999636672676 	
3.24999446826533 	
6.49999379425467 	
4.49999618615747 	
