0.999999358698125 	
1.49999868534279 	
0 	
0 	
0.999999410540692 	
0 	
0.99999962606188 	
3.74999820535906 	
0 	
0.999999358698125 	
2.49999713250645 	
0 	
0.999999834909781 	
1.99999814110966 	
0.999999481250932 	
0.999999834909781 	
0 	
0 	
0 	
0.999999685442907 	
3.6249954766727 	
1.99999896250186 	
0 	
1.99999928958687 	
0 	
1.499999440046 	
0.999999632186113 	
0.999999376936547 	
0.999999310022398 	
0.999998905533304 	
0.999999394670805 	
0.99999915951067 	
2.49999931067901 	
0 	
0 	
0 	
0.999999674307175 	
0 	
0.999999632186113 	
1.74999898628054 	
0 	
3.74999776036107 	
0.999999251358992 	
1.49999859586134 	
0.999999358698125 	
0 	
2.24999834516276 	
0 	
0.999999488332765 	
0.999999410540692 	
1.74999864733229 	
0 	
3.24999800096314 	
0.999999500812446 	
3.74999688970981 	
0 	
1.49999935476027 	
0 	
1.99999846927736 	
2.99999824158258 	
0.999999685543246 	
0 	
2.83333060711385 	
1.499999440046 	
4.74999470477091 	
0 	
0 	
0 	
0.99999962606188 	
0 	
3.0833303178702 	
2.49999848770736 	
0 	
1.9999991993596 	
2.99999864727524 	
0 	
0 	
0.999999955750158 	
0 	
0.999999632186113 	
0.999999685543246 	
0.999998998323193 	
1.99999819490881 	
2.9999975404839 	
0.999999632186113 	
2.99999793645048 	
0 	
2.49999766544778 	
1.49999876307492 	
0 	
0 	
1.4999991831514 	
2.99999657576448 	
0.999999047208934 	
0 	
0 	
0 	
0.999999362001565 	
1.99999840465054 	
1.99999814110966 	
