3.58333042776497 	
0.999999146238006 	
1.99999830188947 	
0 	
0 	
2.74999779316315 	
2.49999700734413 	
3.99999600526737 	
4.24999553278181 	
1.49999793618377 	
1.99999846927736 	
4.08332997239602 	
0.999999500812446 	
1.99999900820924 	
0.999999075432228 	
1.99999874267382 	
1.99999830188947 	
3.02082986753422 	
0 	
0.999999410540692 	
0 	
0.999999085528302 	
3.49999741173902 	
0.999999955750158 	
0.999998940529728 	
2.49999809475743 	
0.99999962606188 	
0 	
0 	
0 	
3.99999713309417 	
0 	
2.74999682226013 	
0 	
5.24999500457746 	
0.999999288422124 	
1.99999890401956 	
2.49999733725626 	
0.999999077246953 	
0 	
3.74999598187378 	
3.49999619257519 	
0 	
0.999999288422125 	
0.999999481250932 	
2.49999834516099 	
2.99999764607951 	
3.49999687806658 	
1.49999935476027 	
3.99999680930109 	
0.999998806817469 	
1.49999929000486 	
3.4999966265518 	
2.49999868701623 	
0 	
4.24999493078065 	
1.499999440046 	
0 	
0.999999500812446 	
2.99999836630281 	
4.24999481409423 	
0.999998750673142 	
0 	
0 	
4.49999566187685 	
0.999998948502947 	
4.7499960289774 	
3.99999799924455 	
0 	
1.49999860311264 	
5.24999483771063 	
2.49999875831624 	
2.49999668251178 	
0.999999459819545 	
1.99999810307171 	
1.99999877993995 	
0 	
0 	
0.999999394670805 	
1.99999773781891 	
2.49999790623307 	
1.99999926437223 	
0 	
2.49999833753402 	
0 	
3.24999611234815 	
2.49999759212915 	
0.999999077246953 	
0.999999310022398 	
1.99999764319358 	
1.99999803162609 	
0.999999481250932 	
2.99999566145171 	
0.999999632186113 	
0 	
0.999998481277345 	
4.9999927483272 	
1.49999902894885 	
0.99999962606188 	
0.999999459819545 	
