2.99999603457752 	
2.49999763269842 	
2.4999955581302 	
3.49999617829795 	
3.99999514526351 	
0 	
2.9999962880783 	
2.49999811683676 	
3.99999428695889 	
5.24999379622838 	
5.44790839395199 	
3.99999488100332 	
2.49999809475743 	
5.99999329472679 	
7.06248790018233 	
1.99999758027373 	
4.74999427835317 	
4.74999552720442 	
8.24998907505025 	
0.999998750375256 	
0.999998806817469 	
5.99999188670552 	
3.49999690539037 	
5.49999126240885 	
3.74999246368922 	
5.87499339493426 	
5.7499950369816 	
4.64842677149795 	
4.74999327452527 	
3.99999252145867 	
5.74999314688867 	
7.24998812820609 	
4.74999618666586 	
2.49999741172188 	
6.34373880310762 	
0.999998807942727 	
4.49999397054529 	
2.49999840848296 	
0 	
3.49999454620314 	
4.74999406507976 	
2.74999563917712 	
6.12499197544128 	
2.74999550231411 	
4.49999295485352 	
3.49999519865259 	
3.99999642741686 	
3.99999531763353 	
6.12499492514945 	
2.4999959742025 	
6.249992144307 	
4.2499936162204 	
2.49999722640711 	
0.999999309085935 	
0.999999077246953 	
0.999998991310193 	
1.49999860924096 	
2.99999742511904 	
4.74999380165645 	
7.62498852711085 	
6.37499283563731 	
3.24999385515232 	
1.49999897813308 	
5.24999289720473 	
4.33332346725065 	
4.77082886276395 	
2.4999969801509 	
5.24999334234399 	
4.99999391552298 	
5.37498912674934 	
4.24999276972497 	
0.999999075432228 	
6.7499879352133 	
5.19791102239779 	
2.49999807018604 	
6.49998948531741 	
3.49999610525063 	
2.99999756259057 	
4.24999568495131 	
3.9999951350543 	
4.52082455041406 	
6.27081803451546 	
0 	
1.49999830080934 	
8.02081706802936 	
6.48957381981171 	
1.49999826735688 	
0.999999358698125 	
4.49999087375883 	
5.68749260570875 	
3.99999338983785 	
4.49999401870298 	
0 	
6.73957477742365 	
3.99999455698695 	
6.49998942831554 	
2.99999542246094 	
4.87499475281083 	
2.99999566145171 	
4.49999589997919 	
