3.99999795155886 	
3.99999571084929 	
1.4999991831514 	
1.99999935938627 	
2.99999695425897 	
0 	
2.49999795964389 	
0 	
0 	
3.74999534891644 	
0 	
0 	
1.49999830080934 	
3.49999755498476 	
0 	
1.49999956887986 	
1.4999994342632 	
2.49999851522451 	
1.49999859663682 	
1.499999440046 	
3.49999647371467 	
0 	
0.999999358698125 	
0 	
0 	
1.99999782261552 	
1.49999955366899 	
1.49999889275451 	
0 	
3.24999682284086 	
0 	
0.999999481250932 	
2.49999877460627 	
2.4999978574184 	
0 	
1.99999877993995 	
2.99999620567201 	
0 	
0.999999834909781 	
4.49999518682116 	
0 	
0 	
3.49999761696436 	
0 	
2.49999825838657 	
2.24999786364869 	
0.999999632186113 	
1.49999831686894 	
0 	
2.08333180988425 	
0.999999632186113 	
0 	
0 	
0 	
2.49999899831161 	
0.999999449794773 	
0 	
0.999999051189899 	
3.49999761696436 	
0.999999410540692 	
1.99999868409949 	
0 	
0 	
1.99999855673247 	
0 	
2.99999754414398 	
0.99999962606188 	
2.99999799359878 	
2.24999902976266 	
0 	
0 	
1.49999860311264 	
0.999999410540692 	
3.49999768537203 	
3.74999501856656 	
0 	
2.99999827600869 	
0 	
2.49999842879065 	
3.4999966265518 	
0 	
2.49999753972213 	
0.999999632186113 	
0 	
0.999999077246953 	
0.999999309085935 	
0.999999075432228 	
2.49999828386555 	
1.49999860311264 	
2.49999721472518 	
0 	
1.4999991831514 	
4.49999668674038 	
0 	
0 	
1.49999876307492 	
2.49999879311888 	
2.24999873481457 	
0 	
0 	
