5.9999940429292 	
1.49999830080934 	
3.99999614247154 	
0.999999410540692 	
3.99999667192604 	
0.999999288422124 	
4.02082799265158 	
1.99999771461173 	
2.99999679967378 	
0.999999017143649 	
4.74999522451218 	
3.99999670081847 	
0 	
2.74999656790309 	
0 	
0.999998750375256 	
0.999999146238007 	
2.49999692262132 	
0.999999674307175 	
0 	
4.24999423353257 	
4.31249452007729 	
1.99999826570283 	
1.49999909616882 	
4.87499299813234 	
6.08332583025274 	
0 	
0.999999632186113 	
0.999999151454652 	
4.49999590822822 	
1.49999839729383 	
3.49999539477462 	
2.49999666451319 	
4.31249516146356 	
0.999999394670805 	
0 	
1.99999803162609 	
2.99999772090155 	
3.99999450348047 	
2.49999780811089 	
2.49999571456493 	
0 	
0.999999085528302 	
1.99999782261552 	
2.49999718383047 	
1.99999726671771 	
6.62499462183254 	
0.999998609333551 	
1.49999955366899 	
2.99999752614984 	
1.99999726671771 	
0 	
2.99999785598174 	
2.49999683541667 	
5.99999181787955 	
2.99999794541985 	
0.999999362001564 	
0.999999075432228 	
2.7499964084041 	
1.99999840465054 	
1.99999698645681 	
0 	
3.99999633121856 	
4.49999523579369 	
2.49999741092419 	
4.99999363126973 	
1.99999828020666 	
0 	
1.49999902894885 	
3.49999661737096 	
3.49999603435235 	
1.99999764319358 	
4.24999708828491 	
4.37499452787262 	
3.99999572704156 	
6.2499915765007 	
0 	
1.49999858375387 	
1.99999905089845 	
3.74999737352395 	
0.999999394670805 	
0.999999410540692 	
0 	
3.99999697191125 	
2.49999774743224 	
2.49999741172187 	
2.4999989594695 	
4.62499118452249 	
1.99999829502652 	
2.99999625736892 	
2.87499579232005 	
2.49999762164508 	
5.87499123557773 	
1.99999849709127 	
0 	
4.74999582671869 	
4.37499669757209 	
0.999999632186113 	
0.999999632186113 	
2.49999827693327 	
