2.49999826320736 	
0 	
1.49999868534279 	
1.49999858260967 	
0.999999047208934 	
0.999999449794773 	
2.99999665117169 	
5.99999237297444 	
0 	
5.83332664512619 	
6.4999927521136 	
0 	
4.71874242259396 	
2.49999613279674 	
0 	
0.999998807942727 	
0.999998609333551 	
3.9999944515283 	
5.99999453362523 	
0 	
1.99999876495897 	
2.49999807018604 	
0.999998999131803 	
4.99999502218046 	
3.7499951509843 	
4.7083240340536 	
0 	
4.99999047009845 	
2.99999635675714 	
0.999998609333551 	
0.999999449794773 	
3.74999567739723 	
6.49999310408742 	
2.74999723933925 	
6.49999188400277 	
2.49999808402209 	
4.74999317503424 	
3.74999304220405 	
3.49999292644381 	
4.0833256191505 	
2.49999719142445 	
2.49999829124605 	
2.49999875736744 	
1.49999819652237 	
0.999999358698125 	
4.4999968628883 	
2.99999560419866 	
4.24999446986633 	
0 	
2.99999743019423 	
0.999998905533304 	
2.49999691988852 	
7.62498568270079 	
3.49999681266236 	
0.999999151454652 	
3.49999605804281 	
2.99999575830236 	
0 	
3.74999515959471 	
0.999999459819545 	
2.9999973665939 	
1.99999782261552 	
7.12499249809603 	
3.49999538145497 	
0.999999500812446 	
2.49999682548713 	
7.74998961433433 	
0.999998902062888 	
3.49999566225855 	
3.49999438075446 	
6.74998868938313 	
5.37499378127215 	
3.99999558523171 	
2.49999842879065 	
3.99999468577926 	
5.49999371714797 	
3.49999643710424 	
4.24999390977122 	
2.74999605530013 	
3.49999740158866 	
0 	
1.99999782261552 	
3.49999663757816 	
2.99999625040799 	
1.49999915265812 	
3.49999671582501 	
6.12499002750748 	
3.49999833158347 	
1.49999859586134 	
0.999999481250932 	
4.99999221682938 	
3.49999546353034 	
2.4999978889126 	
2.49999658005143 	
3.49999437743464 	
1.49999819346348 	
3.99999443733421 	
3.49999613247767 	
4.2499938148036 	
1.49999726981658 	
