0.99999985379626 	
1.99999782261552 	
2.49999683420937 	
3.49999563972179 	
4.74999264220551 	
0.999999632186113 	
0.999999488332765 	
3.49999714405841 	
1.99999822615458 	
2.99999665117169 	
3.49999516140213 	
0 	
3.49999563653157 	
0 	
3.83332703371371 	
0.999999394670805 	
0.999999290509952 	
1.49999955366899 	
4.4999968628883 	
0 	
0.999998905533304 	
1.4999985478169 	
0.999999648406347 	
1.49999897813308 	
0.999998905533304 	
3.49999678461599 	
0.999999459819545 	
0.999999358698125 	
0.999998998323192 	
4.24999337808922 	
1.9999982744199 	
0 	
1.4999989542961 	
5.74999385700784 	
0.999999212641049 	
0 	
3.49999494409234 	
0 	
0 	
3.49999575246727 	
0 	
0.999999481250932 	
3.24999477744882 	
1.499999440046 	
1.49999876307492 	
2.74999628181985 	
1.49999946916253 	
1.49999902894885 	
5.74999390267438 	
1.499999440046 	
0.999999310022398 	
2.49999683541667 	
3.87499628145442 	
2.49999775153309 	
3.49999713048073 	
0.999999685543246 	
0 	
2.7499945526866 	
2.49999809475743 	
2.99999858329022 	
3.99999520123577 	
1.49999876307492 	
2.58333052409053 	
0.999999552828006 	
1.99999849709127 	
4.24999436009352 	
4.24999588538647 	
0.999999077246953 	
0.999999075432228 	
3.7499956199261 	
0.999999685543246 	
3.49999679013922 	
1.49999895065906 	
3.49999612908804 	
0.999998907903617 	
0.999998746939008 	
2.49999732925202 	
4.24999435356486 	
0 	
1.49999879763474 	
3.8749927210485 	
1.49999860311264 	
1.49999935476027 	
2.49999852645003 	
1.99999781106661 	
3.49999427779333 	
1.49999909616882 	
2.99999687481829 	
2.49999840848296 	
0.999998750375256 	
1.49999868534279 	
0.999999632186113 	
3.74999486492683 	
1.49999769690853 	
2.49999832298266 	
0.999998494766503 	
3.49999603745433 	
3.74999677224046 	
2.49999596936577 	
4.37499359503126 	
