0 	
0 	
0 	
0 	
0.999999552828006 	
1.87499870032626 	
1.9999987796287 	
0.999999632186113 	
0.999999481250932 	
0 	
0 	
0.999999481250932 	
0 	
0.999999358698125 	
0 	
0.999999146238006 	
0.999999358698125 	
0 	
0 	
0.999999674307175 	
0.999999685543246 	
0.99999962606188 	
0 	
2.49999737834403 	
0 	
0 	
0 	
1.49999929000486 	
0 	
0 	
0 	
1.99999935032798 	
1.99999876258743 	
1.99999934861435 	
0 	
0 	
0 	
1.49999895065906 	
0 	
0.999999481250932 	
2.74999859111165 	
0.999999834909781 	
0 	
1.49999909616882 	
0 	
1.49999946916253 	
1.49999902894885 	
1.499999440046 	
2.49999833753402 	
0 	
0.999999955750158 	
0.99999962606188 	
0.999998991310193 	
0 	
0.999999481250932 	
0 	
2.99999890404468 	
1.99999876667833 	
1.99999896250186 	
0.999999251358992 	
0.999999376936547 	
0.999999674307175 	
0 	
1.99999868409949 	
0 	
0 	
0.999999674307175 	
2.99999717863562 	
1.49999933862931 	
1.49999980424771 	
0.99999962606188 	
0 	
3.99999719907742 	
0.999999481250932 	
0 	
0 	
0.999999834909781 	
0 	
0.999999358698125 	
0.999999834909781 	
0 	
0.999999151454652 	
0 	
0 	
2.49999868031027 	
0.999999146238006 	
0 	
0.999999358698125 	
3.24999803706528 	
0 	
1.49999973592541 	
0 	
1.74999883601298 	
0 	
0.999999955750158 	
0 	
0 	
0 	
1.49999933862931 	
0.999999674307175 	
