0 	
2.49999923356956 	
0 	
0 	
1.49999956887986 	
0 	
0 	
0.999999449794773 	
0 	
0 	
0 	
0 	
0 	
0 	
0 	
0 	
0 	
1.99999937006216 	
0 	
0.999999674307175 	
1.499999440046 	
1.99999910565601 	
0 	
0 	
0 	
0 	
0 	
0 	
0 	
0 	
0 	
0 	
0 	
0 	
0 	
1.49999956887986 	
0 	
0.999999488332764 	
0 	
0.999999500812446 	
0 	
0.999999834909781 	
1.49999915265812 	
0 	
0 	
0 	
0.999999410540692 	
0.999999648406347 	
1.49999818536823 	
0 	
0 	
0 	
0 	
0.99999985379626 	
0 	
1.49999955366899 	
1.74999848172865 	
0 	
0 	
0 	
0 	
1.99999929864009 	
0.999998905533304 	
0 	
2.49999885878323 	
0 	
1.49999956887986 	
0 	
0 	
0 	
0.999999834909781 	
0 	
0 	
0 	
0 	
0.99999962606188 	
1.49999956887986 	
1.49999866891271 	
0 	
0.999999685543246 	
0 	
0.999999674307175 	
0.999999674307175 	
0 	
0 	
0 	
0.999999674307175 	
0 	
1.49999956887986 	
0 	
1.49999888111503 	
0 	
0.999999685543246 	
1.99999886578049 	
1.49999935476027 	
0.99999985379626 	
0.999999955750158 	
2.749998168041 	
0.999999685543246 	
0 	
0 	
0 	
0 	
1.99999886578049 	
0 	
0 	
0 	
0 	
0 	
0 	
0.999999674307175 	
0 	
0 	
0.999999685543246 	
0.99999985379626 	
0 	
0 	
1.4999992493788 	
1.99999928958686 	
0 	
2.08333180988425 	
1.99999935032798 	
0 	
0.999999358698125 	
0 	
0 	
0.999999632186113 	
0 	
0 	
0 	
0 	
0 	
0.999999481250932 	
0 	
0 	
0 	
0 	
0.999999834909781 	
0 	
0 	
1.49999924937879 	
0 	
0 	
1.74999870426175 	
0 	
0.99999962606188 	
0 	
0 	
0 	
1.49999945202234 	
0 	
0 	
0 	
0 	
0.999999394670805 	
0.999999481250932 	
0 	
0 	
0 	
0.999999500812446 	
1.99999937006216 	
0 	
0 	
0 	
0 	
0 	
1.99999947878987 	
0 	
0 	
0 	
0.999999685442907 	
0 	
0.999999481250932 	
0.999999648406346 	
0 	
0 	
0 	
1.99999929864009 	
0 	
0 	
0 	
0 	
0 	
1.4999989795182 	
0 	
0 	
0 	
0.999999634707892 	
0.999999500812446 	
0 	
0 	
0 	
2.9999989755954 	
0.99999962606188 	
1.4999991831514 	
0 	
1.49999930885906 	
0 	
0 	
1.49999973592541 	
