3.49999710188591 	
0.999999449794773 	
0.999999648406347 	
0.999999410540692 	
0 	
0.999999151454652 	
1.99999764319358 	
2.9999984570559 	
1.49999902894885 	
0 	
1.99999723689584 	
0 	
0.999998746939008 	
0 	
0 	
0 	
0 	
1.99999926437223 	
0 	
5.24999513491521 	
0.999999290509952 	
0 	
1.99999830786856 	
0.999999410540692 	
4.49999642176145 	
1.4999991831514 	
1.99999864402544 	
2.99999772978024 	
0.999999500812446 	
0 	
0.999999251358992 	
0 	
0 	
4.49999597262989 	
1.49999868534279 	
0 	
0.999999288422124 	
2.99999570641504 	
1.99999896250186 	
2.49999834516099 	
1.49999929000486 	
0 	
4.49999521276974 	
0 	
0 	
2.74999739970015 	
0 	
0.999999674307175 	
1.99999828067858 	
0 	
0.999999075432228 	
1.49999866891271 	
0.999999459819545 	
1.99999756874787 	
0.999999674307175 	
2.49999802003202 	
2.49999875225464 	
0 	
1.49999915265812 	
2.99999764607951 	
0 	
0 	
0 	
2.49999840848296 	
3.49999687198436 	
1.49999860311264 	
0 	
0 	
0 	
0 	
0 	
1.99999936122043 	
1.99999918908834 	
1.74999891107388 	
1.49999945202234 	
0 	
1.4999989542961 	
3.74999490483732 	
1.49999876307492 	
0.99999962606188 	
2.49999875225464 	
0.999999358698125 	
4.24999592416534 	
2.49999879311888 	
4.58332973509356 	
1.99999947878987 	
0 	
4.24999706684383 	
0 	
0.999999075432228 	
0 	
0.999999685543246 	
2.99999679210475 	
1.49999916464571 	
1.99999928958687 	
0.999999834909781 	
0 	
1.9999978830461 	
3.08332873964393 	
0 	
2.24999651411763 	
1.49999973592541 	
0 	
0 	
1.49999955366899 	
1.49999945202234 	
0 	
1.49999859586134 	
0 	
0 	
2.99999777408672 	
0.999999955750158 	
2.49999882919034 	
0.999999287320282 	
0.999999648406347 	
2.49999683541667 	
0 	
0 	
2.74999644183374 	
3.74999700914168 	
0 	
2.49999832048613 	
0.999999690865243 	
1.49999876307492 	
1.99999926941578 	
0 	
3.49999833761148 	
1.49999907939518 	
2.49999709687942 	
0 	
0 	
0.999999552828006 	
0 	
1.49999902894885 	
0.999999358698125 	
2.49999698883486 	
1.9999983096259 	
0.999999075432228 	
1.99999904112638 	
0 	
0 	
0.999999685543246 	
0 	
1.99999816560928 	
0 	
0 	
0 	
4.74999563167005 	
0 	
1.99999887928238 	
0.999999077246953 	
0 	
1.49999933862931 	
0 	
0 	
3.7499939634548 	
2.74999814289248 	
0 	
3.58333147300753 	
0.99999962606188 	
0.99999962606188 	
0.999999410540692 	
2.4999978889126 	
3.49999770133781 	
0 	
0.999999047208934 	
0 	
2.24999819708486 	
1.99999900820924 	
0.999999527826406 	
0 	
1.9999983029093 	
0 	
0.999999135567864 	
1.99999817198717 	
0.999999500812446 	
0 	
0.999998905533304 	
1.49999935476027 	
0 	
1.49999894594151 	
1.9999987289872 	
0.999999685543246 	
1.49999929000486 	
0.999999358698125 	
1.9999974066783 	
2.49999848770736 	
4.24999592584388 	
0 	
0 	
1.99999877993995 	
0.999998750375256 	
3.24999620911153 	
3.74999746302331 	
2.49999884646765 	
1.49999860924096 	
3.99999600526737 	
2.9999980775029 	
3.74999688970981 	
2.49999931067901 	
