8.74998410780711 	
5.99999031132442 	
5.74998609443629 	
5.99998983869327 	
9.49997701655868 	
8.74998556241851 	
8.99998284104765 	
11.7499712397246 	
5.99999151368954 	
7.99998701445619 	
7.74998299157412 	
8.99998569354677 	
3.99999227244702 	
4.9999933911352 	
8.74997952220743 	
9.74998155890633 	
8.999984484112 	
7.74998619197418 	
8.74998410780711 	
5.49999257509006 	
0.999999834909781 	
8.74998224348974 	
4.99999764962317 	
7.4999867911653 	
5.7499925970938 	
7.99998640734573 	
5.49999257509006 	
3.99999367881776 	
6.99998786755748 	
6.74998956839124 	
8.74998219905682 	
4.74999496565812 	
8.74998246733375 	
4.9999966045084 	
7.74998427590191 	
8.99998385388847 	
6.74998767910249 	
8.74998076230919 	
10.2499774669296 	
9.74997837587252 	
6.99998786755748 	
6.99998980920776 	
6.99998786755748 	
5.24999373073147 	
6.74998956839124 	
6.9999878100647 	
4.99999525250456 	
7.49998730687129 	
3.74999599626978 	
3.9999965354974 	
