0.999999901248782 	
0.999999859824425 	
0 	
6.74998929749659 	
3.99999821131202 	
4.74999592864607 	
7.7499872625459 	
1.99999925212376 	
3.99999512821079 	
3.99999601164217 	
1.99999925212376 	
1.99999900820924 	
1.99999646276415 	
0 	
5.99999151368954 	
2.74999823660233 	
0 	
1.99999937108649 	
6.99998412518686 	
1.99999937108649 	
3.99999601164217 	
3.9999965354974 	
5.99999151368954 	
1.99999970759252 	
6.74998929749659 	
1.99999970759252 	
3.99999554465309 	
5.99999244362444 	
0 	
6.74998929749659 	
8.999984484112 	
0 	
0.999998609333551 	
2.99999890404468 	
5.99999276248916 	
7.9999883118327 	
0.999998750375256 	
6.5856344195466 	
3.99999554465309 	
4.74999705768371 	
5.99999151368954 	
3.99999475595634 	
4.74999571652068 	
1.99999970759252 	
3.99999554465309 	
5.99999154837371 	
5.99999244362444 	
0 	
3.99999601164217 	
3.49999765027731 	
2.49999875736744 	
1.99999926941578 	
1.99999937108649 	
1.49999769690852 	
3.99999554465309 	
5.49999083193139 	
5.99999244362444 	
0 	
0 	
2.99999725384085 	
3.99999554465309 	
6.99998980920776 	
0 	
7.99998851208787 	
5.99999064615759 	
3.74999398170176 	
3.74999398170176 	
4.9999933911352 	
0 	
7.99998654083772 	
5.99999244362444 	
4.9999933911352 	
0 	
3.99999512821079 	
0 	
1.49999769690852 	
0.999999481250932 	
0 	
4.99999054165053 	
3.99999601164217 	
2.99999591431822 	
3.99999601164217 	
1.99999750134629 	
1.99999750134629 	
5.99999080675728 	
1.99999815449391 	
1.99999900162489 	
3.9999965354974 	
0.999998609333551 	
0 	
5.99999244362444 	
1.99999910565601 	
4.99999262306695 	
3.74999742005522 	
0 	
3.99999554465309 	
3.99999475595634 	
5.99999244362444 	
6.74999047242707 	
5.99999276248916 	
0 	
0 	
