0.999999901248782 	
4.99999365618882 	
3.99999601164217 	
2.99999911337028 	
4.99999262306695 	
3.9999939671081 	
0.999999151454652 	
3.99999626827105 	
5.99999290258569 	
0.999999632186113 	
6.74998929749659 	
7.4999887826915 	
5.99999244362444 	
5.99999151368954 	
2.99999662522216 	
5.74999517284729 	
0 	
6.99998980920776 	
1.99999937108649 	
5.99999244362444 	
5.49999134965116 	
4.99999191072947 	
5.99999244362444 	
3.99999475595634 	
5.99999244362444 	
3.74999685099847 	
6.41665499723655 	
2.99999769037004 	
0 	
6.74999047242707 	
2.99999381049545 	
6.9999860317564 	
0.999999834909781 	
0 	
1.99999937108649 	
2.99999722897123 	
5.99999244362444 	
6.99998786755748 	
4.99999596433714 	
3.74999736164879 	
7.99998701445619 	
3.99999601164217 	
7.99998560252926 	
4.7499960714669 	
4.74999592864607 	
5.99999244362444 	
4.66665962397708 	
3.74999685099847 	
0 	
0.999999834909781 	
8.74998137921683 	
0 	
3.9999939671081 	
5.99999276248916 	
1.99999925212376 	
0 	
3.99999821131202 	
3.99999512821079 	
0 	
3.99999512821079 	
3.9999965354974 	
3.49999826699734 	
0 	
3.9999939671081 	
0 	
6.99998980920776 	
4.99999456312363 	
4.99999125100295 	
1.99999761588546 	
0 	
3.99999601164217 	
2.74999783985878 	
1.99999925212376 	
0.999999955750158 	
2.74999611676873 	
0 	
4.24999477939816 	
1.99999918908834 	
3.74999789214643 	
2.74999823660233 	
3.99999601164217 	
1.99999718614081 	
3.99999384320664 	
5.99999244362444 	
0 	
1.99999937108649 	
7.99998675725642 	
1.99999926941578 	
5.99999064615759 	
5.99999276248916 	
2.99999911337028 	
8.74998310028282 	
5.99999276248916 	
6.74998792850475 	
3.99999272106102 	
6.74998956839124 	
2.74999835632591 	
5.99999276248916 	
2.74999783985878 	
4.99999191072946 	
3.9999939671081 	
