0.999999859824425 	
6.99998980920776 	
1.99999900162489 	
4.99999262306696 	
4.99999262306695 	
1.4999991831514 	
7.74998619197418 	
5.99999080675728 	
9.416639459679 	
5.99999151368954 	
4.24999591397859 	
2.99999547984854 	
2.74999527490113 	
4.74999557950812 	
1.99999910565601 	
6.99999089248149 	
8.74998398232021 	
5.99999276248916 	
3.99999601164217 	
3.74999736164879 	
3.99999554465309 	
3.99999202142569 	
9.96872078362742 	
6.74999147308559 	
5.99999244362444 	
4.74999536169222 	
2.99999846823145 	
5.99999244362444 	
8.74998157912006 	
6.99998786755748 	
10.2499762600887 	
6.99998743615874 	
4.49999207628405 	
7.999984540156 	
1.99999910565601 	
5.9999890877765 	
7.49998692781103 	
2.74999689842802 	
6.74999047242707 	
6.74998820551647 	
4.7499914780656 	
6.74999047242707 	
6.74998929749659 	
0 	
9.49997864505668 	
9.74997684275323 	
6.74998929749659 	
4.99999125100295 	
6.04396777711677 	
5.99998795796201 	
6.74998641411959 	
