5.99999276248916 	
5.99999031132442 	
5.74998609443629 	
11.7499712397246 	
9.49997701655868 	
8.74998556241851 	
6.99998880213812 	
8.74998137921683 	
2.74999756007185 	
5.99999154837371 	
9.99997980458881 	
7.99998675725642 	
7.49998422426239 	
4.9999933911352 	
5.99999276248916 	
5.99999151368954 	
9.95830662661786 	
2.74999527490113 	
8.74998410780711 	
8.99998569354677 	
4.74999557950812 	
6.99998534292058 	
4.99999764962317 	
11.2499719950941 	
6.99998743615874 	
6.99998980920776 	
6.99998880213812 	
6.99998980920776 	
8.99998569354677 	
8.74998117711308 	
8.74998219905682 	
4.74999496565812 	
8.99998010628467 	
7.99998540498508 	
8.74998017517563 	
5.99999244362444 	
3.12499312943013 	
5.99998838939497 	
0 	
6.74998641411959 	
7.99998392766363 	
7.99998654083772 	
8.99997967075738 	
7.24999218478844 	
1.99999937108649 	
7.74998619197418 	
3.99999678250237 	
7.7499872625459 	
2.74999823660233 	
7.74998619197418 	
