4.99999191072947 	
3.9999939671081 	
6.99998624749004 	
2.74999888109405 	
5.99999067583632 	
8.74998080401181 	
6.99998880213812 	
6.99998743615874 	
4.99999456312363 	
3.99999678250237 	
8.49998210380747 	
3.99999205880092 	
10.4999787893553 	
3.99999512821079 	
8.74998398232021 	
9.7499793185995 	
6.99998980920776 	
2.74999866212173 	
5.99999290258569 	
6.99998808174746 	
5.99998846667807 	
6.74999047242707 	
10.2499774669296 	
9.74997898173027 	
9.99998173061475 	
4.99999125100295 	
7.74998519837583 	
5.99999091515199 	
6.24999358313693 	
5.49999134965116 	
6.99999089248149 	
6.74998820551647 	
3.9999965354974 	
8.99998293289222 	
4.99999262306695 	
3.99999554465309 	
7.4999867911653 	
5.99998838939497 	
8.999979238696 	
7.74998299157412 	
3.74999330051222 	
5.99999244362444 	
8.24997887841281 	
5.74999340006696 	
3.99999512821079 	
4.99999456312363 	
1.99999937108649 	
6.74998599294778 	
5.99999036850221 	
8.74997917207073 	
