0 	
0 	
3.99999475595634 	
3.99999554465309 	
0.999999358698125 	
6.49999023366151 	
1.4999989542961 	
2.99999398989751 	
2.24999850852381 	
0 	
2.99999846823145 	
0 	
6.74998929749659 	
2.74999835632591 	
4.99999456312363 	
4.99999456312363 	
6.74998818455428 	
2.74999735523939 	
3.99999512821079 	
3.99999512821079 	
5.99999064615759 	
4.99999456312363 	
1.99999925212376 	
1.99999910565601 	
1.49999980424771 	
3.9999965354974 	
1.4999989542961 	
0 	
4.74999592864607 	
3.99999512821079 	
5.49998932498887 	
1.99999925212376 	
3.9999965354974 	
3.99999512821079 	
4.99999525250456 	
1.99999761588546 	
0 	
6.99999089248149 	
2.7499980742022 	
1.99999900162489 	
0.999999481250932 	
2.99999857435547 	
6.99998617900408 	
0.999999834909781 	
3.99999554465309 	
3.99999554465309 	
1.99999910565601 	
1.99999718614081 	
6.99998557301334 	
6.99998454650548 	
3.99999475595634 	
5.99999244362444 	
6.74999047242707 	
5.99999276248916 	
2.49999760690388 	
1.99999882108138 	
2.74999866212173 	
5.74999388980408 	
4.99999191072947 	
2.99999471268104 	
1.99999900162489 	
0 	
3.99999554465309 	
3.99999475595634 	
5.99999276248916 	
4.9999933911352 	
3.99999475595634 	
5.9999890877765 	
4.99999365618882 	
0 	
3.99999512821079 	
1.99999970759252 	
2.74999888109405 	
1.99999925212376 	
5.99999064615759 	
3.99999554465309 	
6.99998808174746 	
3.03793862455143 	
5.99999244362444 	
0 	
3.74999685099847 	
0 	
0 	
5.99999290258569 	
1.99999689140866 	
0 	
0 	
5.99999276248916 	
3.99999512821079 	
0 	
2.99999895380229 	
3.99999554465309 	
0.999999674307175 	
5.99999151368954 	
8.74998556241851 	
4.74999592864607 	
1.99999970759252 	
1.99999970759252 	
0 	
5.99999080675728 	
3.99999475595634 	
4.49999130717283 	
