0 	
2.66666316159821 	
1.99999937108649 	
6.99999089248149 	
4.74999592864607 	
0 	
1.99999750075051 	
3.99999512821079 	
6.99998712422509 	
1.99999815449391 	
4.99999262306695 	
3.99999601164217 	
3.99999601164217 	
6.74998767910249 	
5.99999276248916 	
0.999999481250932 	
3.99999554465309 	
5.99999244362444 	
3.9999939671081 	
5.99999151368954 	
4.9999933911352 	
5.99999244362444 	
6.99998980920776 	
2.99999857435547 	
2.99999547984854 	
4.9999933911352 	
0 	
0 	
7.99998851208787 	
0 	
3.74999789214643 	
2.74999888109405 	
5.99999276248916 	
4.99999456312363 	
1.49999945202234 	
0 	
0 	
1.99999970759252 	
0.999999834909781 	
2.9999984437528 	
3.99999601164217 	
3.99999601164217 	
3.74999398170177 	
2.49999892615434 	
1.99999910565601 	
2.74999756007185 	
3.99999601164217 	
1.99999925212376 	
7.99998851208787 	
0 	
3.9999965354974 	
3.99999475595634 	
4.74999502411241 	
0 	
0 	
0 	
3.99999475595634 	
3.99999554465309 	
0 	
0 	
0 	
7.99998701445619 	
0.999999674307175 	
2.74999866212173 	
0 	
0.999999358698125 	
0 	
0.999999834909781 	
4.99999456312363 	
0 	
5.99999244362444 	
2.7499978714374 	
1.99999937108649 	
5.45832484895757 	
1.99999937108649 	
5.99999244362444 	
5.99999276248916 	
7.7499872625459 	
0 	
0 	
0 	
3.49999862848395 	
0 	
1.99999937108649 	
2.99999725384085 	
5.99999064615759 	
0 	
1.99999840465054 	
5.99999276248916 	
1.99999937108649 	
4.99999365618882 	
5.99999151368954 	
1.99999937108649 	
0 	
3.99999475595634 	
0 	
2.74999888109405 	
1.99999761588546 	
6.99998980920776 	
4.99999456312363 	
2.58333078776628 	
3.99999475595634 	
