4.99999191072947 	
4.7499960714669 	
8.49998366747043 	
5.49998832667637 	
9.74997480561195 	
8.24998114440294 	
4.74999691871653 	
3.9999939671081 	
8.41664054189158 	
6.74998818455428 	
6.99999089248149 	
3.99999475595634 	
7.99998273947104 	
6.74998956839124 	
3.99999554465309 	
4.49999236406873 	
1.49999980424771 	
5.74999517284729 	
9.49998191578797 	
7.99998560252926 	
8.91664024708374 	
8.99997969102038 	
5.99999244362444 	
2.74999568239876 	
5.99999151368954 	
4.99999365618882 	
9.49998191578798 	
5.99999244362444 	
7.9999842143897 	
9.49997750194022 	
4.99999365618882 	
8.99998042087825 	
3.9999965354974 	
8.49998377628991 	
6.74998929749659 	
3.99999719258118 	
7.49998730687129 	
6.99998919331637 	
8.999979238696 	
9.99998125376972 	
6.74998929749659 	
6.9999860317564 	
5.7499948542847 	
0 	
6.99998980920776 	
6.74998929749659 	
3.99999475595634 	
7.74998619197418 	
5.99999036850221 	
9.23434700684112 	
