3.99999475595634 	
7.7499872625459 	
6.74998599294778 	
5.99999244362444 	
9.41663858379377 	
2.74999756007185 	
5.99999244362444 	
8.74998080401181 	
8.99998110366697 	
7.99998851208787 	
8.49998452986285 	
0 	
9.99997486140106 	
5.74998802496861 	
5.99999244362444 	
8.41664557480776 	
8.49998364021475 	
6.99998980920776 	
8.41664414422664 	
1.99999926437223 	
8.74998310028282 	
4.74999626657703 	
6.74998818455428 	
11.7499712397246 	
1.99999925212376 	
7.99998560252926 	
5.99999080675728 	
3.99999378281732 	
1.99999900162489 	
6.99998862502695 	
8.74998398232021 	
8.99998569354677 	
9.74998039798566 	
4.99999125100295 	
7.74998570495831 	
6.99998980920776 	
5.99999276248916 	
9.49998191578797 	
4.99999262306695 	
7.99998540498508 	
6.74999047242707 	
5.9999890877765 	
2.74999756007185 	
2.74999568239876 	
5.4999932350329 	
7.58562956991221 	
5.99999244362444 	
2.74999823660233 	
3.99999683955801 	
2.74999888109405 	
