0.999999834909781 	
0 	
0.999999787800217 	
6.99998808174746 	
0.999998481277345 	
3.99999512821079 	
2.7499980742022 	
8.74998157912006 	
8.74998398232021 	
5.49999257509006 	
4.9999933911352 	
3.99999512821079 	
3.99999475595634 	
6.74998929749659 	
7.99998851208787 	
9.99998125376972 	
1.99999937108649 	
6.74998820551647 	
6.99998980920776 	
4.29165421924209 	
2.99999911337028 	
8.99998569354677 	
4.9999933911352 	
5.99998983869327 	
6.99998919331637 	
6.99998919331637 	
3.99999601164217 	
7.99998236151071 	
5.99999151368954 	
6.74998792850475 	
6.74998818455428 	
7.74998570495831 	
6.99998980920776 	
4.99999365618882 	
6.99998880213812 	
5.99999244362444 	
5.99999244362444 	
5.99999276248916 	
7.99998851208787 	
6.99998786755748 	
3.99999601164217 	
5.99999151368954 	
6.99998620031818 	
3.99999601164217 	
3.99999601164217 	
5.99999276248916 	
3.99999367881776 	
0.999999834909781 	
7.99998851208787 	
2.99999508021882 	
4.49998863486595 	
0 	
7.4999887826915 	
4.74999592864607 	
3.49999862848395 	
3.99999475595634 	
5.99999151368954 	
5.99999151368954 	
1.99999970759252 	
1.99999970759252 	
4.99999262306695 	
5.99999064615759 	
8.45831088440956 	
5.4999932350329 	
3.99999554465309 	
3.9999965354974 	
4.99999764962317 	
1.99999840465054 	
3.99999682412577 	
6.24999358313693 	
8.74998410780711 	
8.74998398232021 	
4.99999365618882 	
4.99999365618882 	
1.99999910565601 	
5.99999064615759 	
4.74999705768371 	
6.99998980920776 	
6.99998980920776 	
8.37497949556935 	
6.74998929749659 	
5.99999244362444 	
3.99999475595634 	
4.99999462882548 	
3.4999921636547 	
4.99999262306695 	
9.7499793185995 	
1.99999857684425 	
1.99999857684425 	
0 	
5.99999067583632 	
7.74998570495831 	
6.74998792850475 	
6.99998808174746 	
7.99998529867605 	
3.74999330051222 	
0 	
5.99999276248916 	
6.7499919915859 	
7.99998485279766 	
9.16663967299591 	
6.99998624749004 	
5.99998983869327 	
6.99998862502695 	
6.99998980920776 	
5.99999064615759 	
3.9999965354974 	
0 	
6.74998858137932 	
6.99999039392201 	
5.99999244362444 	
2.74999783985878 	
7.99998851208787 	
9.74997684275323 	
1.99999937108649 	
9.49998191578797 	
6.99999089248149 	
8.74998556241851 	
3.99999554465309 	
3.99999821131202 	
3.99999367881776 	
5.9999890877765 	
9.66663921886614 	
0 	
3.99999512821079 	
7.7499843189746 	
7.99998654083772 	
3.99999857917373 	
6.74998929749659 	
0.999998609333551 	
5.99999276248916 	
2.99999591431822 	
0 	
5.99999151368954 	
3.9999965354974 	
3.99999475595634 	
3.99999554465309 	
5.99999276248916 	
4.99999054165053 	
6.99999089248149 	
5.49999419963434 	
5.99999151368954 	
3.9999965354974 	
6.74998599294778 	
4.74999592864607 	
6.83562747197714 	
4.99999456312363 	
9.74998039798566 	
5.99998986351855 	
7.74998619197418 	
2.7499980742022 	
3.99999683955801 	
5.74999340006696 	
4.99999125100295 	
4.99999596433714 	
1.99999618262083 	
1.99999857684425 	
5.99999080675728 	
9.74997733913918 	
9.74997733913918 	
1.99999937108649 	
6.99998617900408 	
6.99998862502695 	
6.99998786755748 	
1.99999937108649 	
6.99998880213812 	
6.99998743615874 	
7.99998701445619 	
6.9999878100647 	
3.99999475595634 	
1.99999878934161 	
1.99999840465054 	
1.99999970759252 	
4.74999456505319 	
8.99998569354677 	
5.4999897233771 	
2.74999835632591 	
2.99999846823145 	
1.99999815086446 	
3.74999736164879 	
2.7499980742022 	
2.74999866212173 	
5.99998846667807 	
7.9999883118327 	
8.74998556241851 	
5.99999276248916 	
3.99999637554265 	
5.99999244362444 	
5.99999244362444 	
7.99998851208787 	
4.99999262306695 	
2.7499980742022 	
5.49999559528823 	
0 	
7.7499843189746 	
5.99999151368954 	
3.99999748534765 	
2.74999888109405 	
9.16663766318058 	
2.7499978714374 	
3.9999965354974 	
8.99997967075738 	
1.99999910565601 	
