6.74999047242707 	
9.20830767842774 	
5.49999257509006 	
6.99998880213812 	
6.49999238762788 	
6.99998743615874 	
6.99998880213812 	
8.74998137921683 	
4.99999456312363 	
2.99999773906073 	
7.74998619197418 	
6.74999047242707 	
7.7499843189746 	
6.99998880213812 	
8.74998398232021 	
3.74999685099847 	
2.99999711734673 	
9.74997898173027 	
3.99999731875331 	
6.99998980920776 	
6.74998818455428 	
7.74998341870004 	
3.99999554465309 	
7.99998676962071 	
7.99998354316232 	
3.91665792502277 	
7.7499872625459 	
3.74999789214643 	
3.74999704062235 	
4.24999163096055 	
6.99998980920776 	
2.74999835632591 	
2.99999846823145 	
8.74998398232021 	
8.74998017517563 	
8.99998569354677 	
6.99998357408345 	
5.99998838939497 	
7.79164925029887 	
9.74998155890633 	
6.74998818455428 	
6.99998617900408 	
8.99997967075738 	
5.74999340006696 	
3.99999475595634 	
6.66665063036282 	
1.99999937108649 	
6.74998818455428 	
2.74999823660233 	
5.74999517284729 	
