0.999999883968031 	
0 	
0.999999901248782 	
0 	
0 	
0 	
0.999999901248782 	
1.99999925212376 	
3.99999512821079 	
0 	
1.99999761588546 	
0 	
7.49998878269151 	
6.99998786755748 	
1.99999937108649 	
1.99999925212376 	
3.99999512821079 	
1.99999970759252 	
1.99999937108649 	
0 	
1.99999925212376 	
3.99999554465309 	
0.999999955750158 	
0 	
1.99999925212376 	
1.99999935032798 	
0 	
2.74999823660233 	
3.49999826699734 	
8.99998292910628 	
3.99999601164217 	
0 	
3.99999512821079 	
1.99999937108649 	
1.99999937108649 	
1.4999991831514 	
0 	
4.99999456312363 	
0.999999955750158 	
0 	
0 	
0 	
3.9999965354974 	
3.74999704062235 	
2.99999836630281 	
0.999999834909781 	
5.74999318197516 	
0.999998905533304 	
0 	
0 	
2.74999888109405 	
0 	
3.99999512821079 	
0.999999834909781 	
3.99999554465309 	
3.99999554465309 	
5.99999276248916 	
0 	
3.74999742005522 	
5.99999276248916 	
0 	
1.99999970759252 	
1.99999900162489 	
0 	
2.74999888109405 	
0.999999674307175 	
0.999999674307175 	
1.99999761588546 	
0 	
0 	
5.99999244362444 	
7.99998701445619 	
5.99999080675728 	
1.99999761588546 	
0 	
4.99999191072946 	
3.9166597960013 	
2.99999846823145 	
3.99999554465309 	
2.99999846823145 	
4.7499960714669 	
1.99999900162489 	
0 	
0 	
0 	
2.74999866212173 	
5.99999276248916 	
0 	
3.99999554465309 	
0 	
0 	
0.999999955750158 	
1.99999925212376 	
0 	
3.99999475595634 	
4.99999456312363 	
0 	
0 	
3.74999742005522 	
6.99998862502695 	
3.99999601164217 	
0 	
1.99999970759252 	
4.9999933911352 	
3.99999367881776 	
1.99999937108649 	
0 	
