0 	
0.999999798774026 	
2.49999833319057 	
0.999999389428094 	
2.49999832144517 	
1.99999959754805 	
0 	
2.99999758810187 	
0 	
0 	
0 	
0 	
0 	
2.999998590577 	
0.999999534702219 	
2.9999980578977 	
0 	
0 	
2.49999883112694 	
5.24999541763488 	
0 	
2.49999888266728 	
0 	
2.49999900890652 	
0 	
0 	
0 	
0 	
0 	
0.999999664498579 	
0 	
0.999999955750158 	
0 	
0.999999955750158 	
0 	
0 	
1.99999932899716 	
0 	
0 	
1.49999949753796 	
0 	
0.999999955750158 	
2.49999915739375 	
0 	
0.999999955750158 	
5.24999551097361 	
3.0833317950572 	
0.999999664498579 	
2.999998590577 	
0 	
0 	
2.99999899507593 	
0 	
0.999999955750158 	
0 	
0 	
0 	
0.999999534702219 	
0 	
0 	
0 	
0 	
0 	
1.99999906940444 	
0 	
0 	
0 	
2.49999883112694 	
0.999999955750158 	
3.29166476688017 	
0 	
0.999999955750158 	
0 	
2.99999838834357 	
1.99999932899716 	
1.49999949753796 	
0 	
0.999999955750158 	
0 	
0.999999955750158 	
0 	
0 	
0 	
0.999999955750158 	
0 	
0 	
0 	
0 	
0 	
4.24999720955216 	
0 	
0.999999955750158 	
0 	
0 	
0 	
1.99999895379353 	
0.999999664498579 	
0 	
0 	
2.999998590577 	
0 	
0.999999534702219 	
0.999999664498579 	
0 	
0 	
0.999999664498579 	
0 	
0 	
0 	
0 	
2.37499883032211 	
