0 	
0.999999394670805 	
0 	
0.999999674307175 	
1.49999929000486 	
1.99999928958686 	
0.999999955750158 	
0 	
0 	
1.4999991831514 	
2.83333062571168 	
0 	
0 	
1.49999860311264 	
1.99999925212376 	
0 	
0 	
0 	
1.49999876307492 	
2.9999979085922 	
0 	
0 	
0 	
1.99999890401956 	
1.99999910565601 	
1.49999955366899 	
0 	
0.999999358698125 	
0 	
0 	
0.99999962606188 	
0.999999955750158 	
2.99999833166541 	
1.99999934861435 	
0 	
2.7499979146346 	
0 	
0 	
0 	
3.49999738039118 	
0 	
3.49999782214776 	
0 	
0 	
1.99999934861435 	
0 	
0 	
1.99999937108649 	
0.99999985379626 	
0.999999834909781 	
0 	
1.99999890401956 	
3.24999787003395 	
0 	
0 	
0 	
1.99999934861435 	
2.99999836630281 	
0 	
0.999999685543246 	
0 	
0.999999955750158 	
0 	
2.49999842879065 	
0.999999685543246 	
0 	
0.999999481250932 	
0.999999834909781 	
0 	
1.99999896250186 	
3.49999833158347 	
1.99999937108649 	
0.999998905533304 	
0.999999685543246 	
0 	
0 	
0.99999962606188 	
1.99999934861435 	
0 	
0.999999151454652 	
0 	
0 	
0 	
0.999999674307175 	
0.999999834909781 	
1.49999980424771 	
0 	
0.999999674307175 	
0 	
0.999999481250932 	
0.999999500812446 	
0 	
0 	
0 	
1.99999966981956 	
1.99999944585635 	
0.99999985379626 	
0.999999955750158 	
0 	
1.74999938758003 	
1.99999934861435 	
1.74999864733229 	
1.74999891107388 	
0 	
2.49999875736744 	
1.99999890401956 	
0 	
1.99999890401956 	
2.99999791294652 	
0 	
0 	
