0 	
0 	
0 	
0 	
0 	
0 	
0 	
0 	
0 	
1.99999880241807 	
0 	
0 	
0 	
0 	
0 	
0 	
0.999999534702219 	
0 	
0 	
1.49999949753796 	
0 	
0 	
0 	
0 	
0 	
0 	
0 	
0 	
0 	
0 	
0 	
1.49999949753796 	
2.95833111130789 	
0 	
0 	
0 	
0 	
2.99999899507593 	
0 	
0 	
0 	
0 	
0.999999481250932 	
0 	
0 	
0 	
3.87499653494565 	
0 	
0 	
0.999999481250932 	
0 	
0.999999534702219 	
0 	
0 	
0 	
0 	
0 	
0 	
0 	
0 	
4.74999656998671 	
0 	
1.99999925212376 	
1.49999949753796 	
0.999999955750158 	
0 	
2.99999838834357 	
0 	
1.99999895379353 	
0 	
0 	
0 	
0 	
0 	
0 	
0 	
0 	
0 	
0.999999664498579 	
0 	
2.74999853367808 	
0 	
0 	
1.99999925212376 	
0 	
2.49999900890652 	
0 	
0 	
0 	
0 	
0.999999955750158 	
0 	
0 	
1.99999932899716 	
0 	
0.999999664498579 	
0 	
0.999999955750158 	
0 	
0 	
0 	
0 	
0 	
0.999999664498579 	
0.999999664498579 	
0 	
2.08333254423157 	
0 	
0 	
0 	
2.74999900670956 	
0.999999664498579 	
0 	
