0.999999481250932 	
0.999999632186113 	
0 	
0 	
0 	
3.99999857917373 	
2.24999834405289 	
0.999999685543246 	
0.999999358698125 	
0.999999151454652 	
0 	
2.74999860781876 	
0 	
0.999999674307175 	
0 	
0.999999955750158 	
0.999999834909781 	
0 	
0 	
1.99999966981956 	
0 	
0 	
0 	
0 	
0.999999955750158 	
0 	
1.49999945202234 	
0 	
0 	
0.999999358698125 	
0 	
1.4999989542961 	
0 	
0.999999674307175 	
2.49999807476462 	
0 	
0.99999962606188 	
0.99999985379626 	
2.62499727204653 	
0 	
0 	
1.4999991831514 	
1.99999910565601 	
0 	
0 	
2.49999853092383 	
0 	
0 	
0 	
0.999999834909781 	
2.49999797029267 	
0 	
0 	
2.99999895380229 	
0.99999985379626 	
0 	
0.999999632186113 	
0.999999632186113 	
3.24999783091737 	
0.999999632186113 	
0 	
0 	
1.99999925212376 	
0 	
1.8749993723198 	
0.999999955750158 	
0 	
0 	
0.999999674307175 	
1.99999896250186 	
0.99999962606188 	
1.99999966981956 	
0 	
0 	
1.99999944585635 	
0 	
0 	
0.999999552828006 	
1.74999938758003 	
0.999999552828006 	
0.999999834909781 	
1.49999973592541 	
0.999999552828005 	
0 	
0 	
0 	
0.999999632186113 	
1.99999934861435 	
0 	
2.49999840848296 	
3.49999883066944 	
0 	
0.999999552828006 	
0.999999834909781 	
0 	
0 	
2.49999840848296 	
0 	
0 	
0 	
0 	
0 	
2.49999875225464 	
2.9999989755954 	
0.999999674307175 	
0.999999955750158 	
0 	
0 	
0.999999834909781 	
1.49999945202234 	
