0 	
0.999999674307175 	
0.999999834909781 	
0 	
2.49999830688071 	
0.999999955750158 	
0.999999674307175 	
0.99999962606188 	
0 	
0.99999985379626 	
0.999999955750158 	
0 	
0.999999552828006 	
0.99999962606188 	
0 	
0 	
0 	
0.999999685543246 	
0.999999685543246 	
1.4999989542961 	
0 	
0 	
0 	
0 	
0.99999962606188 	
0 	
0.99999985379626 	
0 	
2.74999812798654 	
0.999999632186113 	
0 	
0 	
0 	
0.999999358698125 	
1.74999903519047 	
0 	
0 	
0 	
0 	
0 	
0 	
0.999999685543246 	
1.99999925212376 	
0 	
0.999999955750158 	
0 	
0 	
0.999999632186113 	
0.999999955750158 	
0 	
1.49999955366899 	
2.49999840848296 	
0.999999674307175 	
0.999999955750158 	
0 	
0.999999834909781 	
0 	
0.999999834909781 	
1.99999928958687 	
1.99999900820924 	
0 	
0 	
1.99999925212376 	
0.999999685543246 	
0.999999481250932 	
0.999999674307175 	
0 	
0.99999962606188 	
0 	
0 	
0 	
0 	
0 	
0 	
0.999999632186113 	
0 	
0.999999481250932 	
0.99999985379626 	
0.999999955750158 	
0 	
0 	
0 	
0 	
0 	
1.49999980424771 	
0 	
0 	
0 	
0 	
0.99999985379626 	
0 	
0 	
0 	
2.99999859284945 	
0 	
0 	
0 	
0 	
0 	
0 	
0 	
0.999999674307175 	
0.999999674307175 	
0 	
1.99999926437223 	
0 	
0.99999985379626 	
0.99999985379626 	
0 	
0 	
0.999999674307175 	
0 	
0 	
0.99999985379626 	
