0 	
0 	
0.999999798774026 	
0 	
0 	
0 	
0 	
0 	
0 	
0 	
0 	
0 	
0 	
0 	
1.99999906940444 	
0 	
0.999999664498579 	
0 	
0.999999955750158 	
0 	
0 	
0 	
0 	
0 	
0 	
2.99999860410666 	
0 	
0 	
0 	
0 	
0 	
0 	
0 	
0 	
0 	
0 	
1.99999925212376 	
0 	
0.999999664498579 	
0 	
0 	
0 	
1.99999932899716 	
0 	
0 	
0 	
0 	
0 	
3.79166389377483 	
0 	
0 	
0 	
0 	
0 	
0.999999664498579 	
0 	
0 	
0 	
0 	
0 	
0 	
0 	
0 	
0 	
0.999999664498579 	
0 	
0 	
0 	
0 	
0 	
0 	
0 	
0.999999664498579 	
0 	
0 	
0 	
0 	
0 	
0 	
0.999999534702219 	
0 	
0 	
0 	
0 	
0 	
0 	
0.999999664498579 	
0 	
0 	
0 	
0 	
2.49999915561188 	
0 	
0.999999664498579 	
1.49999926114479 	
0 	
0 	
0 	
0 	
0 	
0.999999534702219 	
0 	
0 	
0 	
0.999999955750158 	
0 	
0 	
3.49999767065816 	
0 	
0.999999955750158 	
