0 	
0 	
1.99999832684568 	
0 	
0 	
0 	
0.999999955750158 	
0 	
0 	
1.99999832684568 	
0 	
0 	
0 	
0 	
0 	
0.999999664498579 	
0 	
0.999999664498579 	
0 	
3.49999763292506 	
2.74999870700339 	
0.999999664498579 	
0 	
3.99999833401211 	
0 	
0 	
0 	
0 	
2.37499883032211 	
0.999999664498579 	
0 	
0.999999955750158 	
0 	
0.999999534702219 	
0 	
1.49999949753796 	
0 	
0.999999664498579 	
0 	
3.74999766208377 	
0 	
2.49999900670956 	
3.49999859515763 	
1.99999932899716 	
0 	
2.49999915739375 	
3.49999880325342 	
0 	
0 	
0.999999955750158 	
1.99999906940444 	
0 	
0.999999955750158 	
0 	
1.99999932899716 	
2.62499795073667 	
0 	
0 	
0 	
0 	
0 	
3.08333131680752 	
0 	
0 	
3.99999833401211 	
0 	
1.99999932899716 	
0.999999955750158 	
0.999999481250932 	
0 	
0 	
0 	
1.99999932899716 	
0 	
0 	
0 	
0 	
3.99999745938226 	
0 	
0 	
0 	
4.37499655957234 	
1.99999932899716 	
1.99999895379353 	
0.999999664498579 	
0 	
0 	
0 	
2.99999899349574 	
0 	
3.99999708711245 	
0 	
0 	
0 	
0.999999955750158 	
0 	
0 	
4.49999646762019 	
0 	
0 	
0.999999955750158 	
0 	
0 	
0 	
0.999999481250932 	
0 	
0 	
0 	
0 	
0 	
0.999999664498579 	
