0 	
0 	
4.37499489470478 	
0 	
0 	
0 	
2.49999833319057 	
0 	
0 	
3.49999698636351 	
0 	
0 	
0 	
0 	
0 	
0 	
1.87499926510433 	
0 	
0 	
0 	
0 	
0 	
0 	
3.08333096914143 	
0 	
0 	
0 	
0 	
1.49999949753796 	
0 	
0 	
0 	
0 	
0.999999955750158 	
0.999999955750158 	
0 	
0.999999664498579 	
2.49999900890652 	
0 	
0.999999955750158 	
0 	
0 	
0 	
2.49999900890652 	
0 	
2.49999900890652 	
0 	
2.49999915739375 	
0.999999955750158 	
0 	
0 	
0 	
0 	
0 	
0 	
0 	
0.999999664498579 	
0 	
0 	
0 	
0 	
0 	
0.999999955750158 	
1.49999949753796 	
0 	
0.999999955750158 	
0 	
0 	
0.999999955750158 	
3.58333049854201 	
0.999999534702219 	
0 	
0 	
1.99999895379353 	
0 	
0 	
3.49999816191189 	
0 	
0 	
0 	
0 	
0.999999955750158 	
1.99999906940444 	
0.999999955750158 	
0 	
0 	
0 	
0 	
0.999999534702219 	
0 	
0 	
0 	
0 	
0 	
0 	
0 	
1.99999932899716 	
0 	
0 	
0 	
1.99999925212376 	
3.49999816191189 	
0 	
1.99999895379353 	
1.99999906940444 	
0 	
0 	
0 	
0 	
0 	
