3.37499618991056 	
0.999999955750158 	
0 	
0 	
4.04166288236339 	
0.999999213250046 	
4.24999672848402 	
4.87499483414126 	
0 	
0.999999955750158 	
1.99999895379353 	
3.37499759526947 	
0.999999664498579 	
0.999999955750158 	
0 	
2.999998590577 	
0 	
0 	
0 	
0 	
1.99999895379353 	
0 	
4.08333072774655 	
0 	
2.49999888266728 	
0.999999955750158 	
3.49999836582916 	
0 	
0.999999955750158 	
0 	
0 	
1.99999932899716 	
3.49999880325342 	
1.99999932899716 	
2.99999902718859 	
0 	
0.999999955750158 	
0 	
0 	
5.29166201678735 	
0.999999664498579 	
0.999999664498579 	
0 	
0 	
0 	
0.999999534702219 	
0 	
3.49999812332951 	
0 	
0.999999664498579 	
0 	
0.999999955750158 	
0.999999955750158 	
3.93749681095181 	
0.999999955750158 	
0.999999664498579 	
0 	
0 	
0.999999664498579 	
4.52082935494046 	
0 	
0 	
0 	
3.99999814381208 	
0 	
2.99999899507593 	
0 	
0 	
0 	
4.74999675417291 	
0 	
0.999999955750158 	
1.99999932899716 	
1.99999895379353 	
1.99999906940444 	
0 	
1.99999906940444 	
0 	
3.74999764684634 	
0 	
0 	
0 	
0.999999955750158 	
0 	
1.49999949753796 	
0.999999955750158 	
2.999998590577 	
4.20832905090132 	
0 	
0.999999955750158 	
0 	
3.83332906427519 	
0 	
1.99999932899716 	
0 	
2.49999900890652 	
0 	
2.999998590577 	
1.99999932899716 	
0 	
0 	
4.5208298751977 	
4.58332993243408 	
0 	
0.999999955750158 	
2.37499883032211 	
0 	
4.29166394868649 	
1.99999932899716 	
0 	
