0 	
0 	
0 	
0.999999955750158 	
0 	
0 	
0 	
0 	
0 	
0 	
0 	
1.99999873572622 	
0 	
0 	
0 	
0 	
0 	
0 	
0 	
0 	
0 	
3.24999790121117 	
0 	
0 	
0 	
0 	
0 	
0.999999955750158 	
0 	
0 	
0 	
0 	
0 	
0 	
0 	
0 	
0 	
0 	
0 	
0 	
0 	
0.999999534702219 	
1.49999949753796 	
0 	
0 	
0 	
0 	
0 	
0 	
0 	
0 	
0 	
0 	
2.91666489142626 	
0 	
0 	
0 	
0 	
0 	
0 	
0.999999664498579 	
0 	
0 	
1.49999949753796 	
0 	
0 	
0 	
0 	
0.999999664498579 	
0 	
0 	
0 	
0 	
0 	
0 	
0 	
0 	
0.999999534702219 	
0.999999955750158 	
0.999999664498579 	
0 	
0 	
0 	
0 	
0 	
0 	
0 	
0.999999664498579 	
1.99999932899716 	
0 	
0 	
0 	
0 	
0 	
0 	
0.999999664498579 	
0 	
0 	
0 	
0 	
0 	
0 	
1.74999943565487 	
0 	
0 	
0 	
0 	
0 	
0 	
0 	
0 	
0 	
0 	
