0 	
3.49999606116614 	
3.99999857917373 	
2.99999625112577 	
0.999999674307175 	
0.999999481250932 	
1.99999928958687 	
2.99999806020818 	
2.62499727204653 	
0.999999834909781 	
1.99999877993995 	
2.49999868368493 	
2.49999840848296 	
0.999999632186113 	
0 	
3.9999974780535 	
2.49999840848296 	
0.999999834909781 	
0 	
2.74999859755631 	
0 	
1.49999876307492 	
1.99999928958687 	
2.99999895380229 	
2.49999755513376 	
1.99999890401956 	
0.999999955750158 	
3.37499633398952 	
1.99999925212376 	
2.9999980775029 	
3.49999833158347 	
5.4999947676892 	
1.99999926437223 	
3.37499687863278 	
0 	
0.999999674307175 	
0.999999955750158 	
5.24999521033873 	
1.99999926437223 	
1.99999877993995 	
5.99999275309886 	
0.999999552828006 	
1.99999896250186 	
0.999999674307175 	
0.999999834909781 	
1.99999944585635 	
1.99999928958687 	
3.99999630172891 	
2.9999974866891 	
1.99999882108138 	
2.99999889655834 	
0.999999410540692 	
2.49999797029267 	
1.99999926437223 	
2.49999842879065 	
0 	
2.99999743019423 	
0.999999685543246 	
1.99999925212376 	
0 	
2.99999833166541 	
4.37499322440167 	
3.49999805181025 	
2.87499788182967 	
2.99999796135815 	
4.49999636133099 	
0.999999410540692 	
3.74999810423369 	
4.4999948203959 	
1.99999925212376 	
0.999999834909781 	
1.99999937108649 	
0.999999632186113 	
1.99999815086445 	
1.74999841678421 	
3.74999671642022 	
1.99999928958687 	
0.999999955750158 	
1.99999928958687 	
3.96093166718007 	
3.14582974239019 	
0.99999985379626 	
0 	
4.04166117614025 	
1.49999980424771 	
0.999999288422124 	
0.999999552828005 	
6.72915750403039 	
1.99999890401956 	
0.999999685543246 	
0 	
1.49999945202234 	
0.999999834909781 	
3.9999975598799 	
0.999999632186113 	
1.74999891107388 	
4.49999591689257 	
0 	
4.9166606952282 	
1.99999934861435 	
4.99999287145962 	
4.9999959272855 	
0 	
0.999999552828005 	
0.999999481250932 	
0 	
0.99999962606188 	
1.99999896250186 	
