1.49999980424771 	
0 	
0 	
0 	
0 	
0 	
0 	
0 	
0.999999674307175 	
0 	
0.999999834909781 	
0 	
0 	
0 	
0 	
0 	
0 	
0.99999962606188 	
0.999999834909781 	
0.999999632186113 	
0.999999834909781 	
1.99999966981956 	
0 	
0.999999481250932 	
0 	
1.99999926437223 	
1.74999953715819 	
0 	
0.999999674307175 	
0.999999685543246 	
0.999999674307175 	
0 	
0 	
0.999999955750158 	
0 	
0 	
0 	
0 	
0 	
0 	
0 	
0 	
0 	
0 	
0.999999955750158 	
0.999999955750158 	
0 	
0.999999955750158 	
0 	
0.999999955750158 	
0.999999834909781 	
0.99999985379626 	
0 	
0 	
0.999999834909781 	
0 	
0 	
0 	
0 	
0.99999985379626 	
0 	
0.999999685543246 	
0 	
1.99999928958687 	
0 	
0 	
0.999999685543246 	
0.999999834909781 	
0 	
0.999999834909781 	
0 	
0 	
1.99999910565601 	
0 	
0 	
0 	
0 	
0 	
0 	
1.49999955366899 	
0 	
0 	
1.49999929000486 	
0 	
0 	
0 	
1.99999928958687 	
0 	
2.56249779932893 	
0 	
1.49999980424771 	
0.999999685543246 	
0.999999552828006 	
0 	
1.99999944585635 	
0 	
0.999999834909781 	
0 	
0.999999955750158 	
0 	
0 	
0.99999962606188 	
0 	
0 	
0.999999955750158 	
0.999999685543246 	
0 	
0 	
0 	
0 	
