0.999999955750158 	
0.999999660348249 	
0 	
0 	
0 	
3.99999786235651 	
1.99999839738307 	
0 	
0.999999955750158 	
0 	
0 	
2.999998590577 	
0 	
0 	
3.31249671266077 	
1.99999932899716 	
0 	
0 	
1.99999895379353 	
0 	
5.12499527189985 	
0.999999534702219 	
3.49999816132328 	
0 	
0 	
0 	
0 	
0 	
0 	
2.49999900890652 	
0 	
3.49999862200371 	
0 	
2.7499989960642 	
1.99999895379353 	
1.99999932899716 	
4.03124684292825 	
0.999999955750158 	
0 	
0 	
0.999999955750158 	
0 	
0 	
1.99999906940444 	
0 	
0 	
5.24999536660468 	
0 	
0.999999534702219 	
0.999999955750158 	
3.37499706914024 	
4.02082982720459 	
4.08332981815941 	
3.24999804841631 	
0 	
0 	
0 	
0 	
0 	
3.62499721217018 	
0 	
0 	
0.999999955750158 	
0.999999955750158 	
3.99999575347525 	
1.99999932899716 	
0 	
0 	
0 	
1.99999932899716 	
0.999999534702219 	
0 	
0 	
0 	
0.999999955750158 	
0.999999664498579 	
2.99999887997605 	
4.06770289861987 	
0.999999955750158 	
0 	
1.49999949753796 	
0.999999534702219 	
0 	
0 	
0 	
0 	
0 	
0 	
0 	
0 	
0 	
2.49999900890652 	
3.49999787739934 	
3.74999760457367 	
0 	
0 	
0 	
2.49999900890652 	
0 	
0.999999955750158 	
0 	
3.08333127110663 	
0 	
0 	
0 	
0 	
0 	
0 	
0 	
0 	
