0 	
0.999999358698126 	
1.4999991831514 	
0.999999534702219 	
0.999999480761447 	
0 	
0 	
0 	
1.49999848696529 	
0 	
0.999999552828005 	
0 	
0 	
1.99999720545165 	
0 	
2.99999864483868 	
0 	
1.49999952831487 	
0.999999534702219 	
1.99999928958687 	
0.99999962606188 	
0 	
0 	
0 	
0 	
2.49999822650748 	
0 	
0 	
0.999999326122992 	
0.999999481250932 	
0 	
0 	
0 	
0 	
0 	
0 	
0.999999746982215 	
0 	
0.999999955750158 	
0 	
0.999999834909781 	
0 	
0.99999985379626 	
1.87499937116504 	
0.999999326122992 	
1.49999949753796 	
1.9999991993596 	
0 	
0.999999955750158 	
0.999999834909781 	
1.4999991831514 	
0 	
0 	
0.999999480761447 	
0.999999632186113 	
0.999999632186113 	
0 	
0.999999955750158 	
0.99999962606188 	
0 	
0 	
2.99999811899866 	
0.999999834909781 	
0 	
0.999999534702219 	
0 	
0.999999664498579 	
0 	
0.999999834909781 	
0 	
0.999999247119337 	
0 	
0 	
0 	
0 	
1.99999843290121 	
0.999999685543246 	
0 	
0.999999247119337 	
0.999999834909781 	
0 	
0 	
0 	
1.49999955366899 	
1.9999981260745 	
0 	
0.999999481250932 	
0 	
0.999999410540692 	
1.99999931263766 	
1.99999904926977 	
0 	
0 	
0 	
0 	
0.999999834909781 	
0 	
3.49999670321923 	
0 	
0 	
1.99999861524161 	
0 	
1.99999918908834 	
0.999999674307175 	
0 	
0 	
0.999999077353539 	
0.999999685543246 	
0 	
0.999999674307175 	
0.999999674307175 	
0 	
0.99999962606188 	
0 	
0.999999664498579 	
0 	
0 	
0 	
0 	
0 	
1.99999966981956 	
0 	
0 	
0 	
