0 	
0 	
1.4999989542961 	
0 	
0 	
0 	
0 	
0 	
0 	
0 	
0.999999955750158 	
1.49999926872835 	
0 	
0 	
0.999999834909781 	
0 	
0 	
0.999999664498579 	
0 	
0 	
0 	
0 	
0 	
0.999999685543246 	
0 	
0.999999955750158 	
0 	
0 	
0 	
0 	
0.999999664498579 	
0.999999955750158 	
0 	
0 	
0 	
0 	
0 	
0 	
0 	
0 	
0.999999834909781 	
1.99999893744791 	
1.99999840740653 	
0 	
0 	
0 	
0 	
0 	
0 	
0 	
0 	
0 	
0 	
0 	
0 	
0.999999834909781 	
0 	
1.49999980424771 	
1.49999949753796 	
0 	
0.999999746982215 	
0 	
0 	
0 	
0.999999955750158 	
0 	
0.999999674307175 	
0 	
0 	
0 	
0 	
0 	
0 	
0 	
0 	
0 	
0 	
0 	
0 	
0 	
0 	
0 	
0 	
0 	
0 	
0 	
0 	
0 	
0 	
0 	
0 	
0.999999545184678 	
0 	
0 	
0 	
0 	
0 	
0 	
0.999999955750158 	
0 	
0.999999687472308 	
0.999999534702219 	
0 	
0 	
0 	
0 	
0 	
0 	
0 	
0 	
0 	
0 	
0.999999955750158 	
0 	
0 	
0.999999834909781 	
0 	
0 	
0 	
0 	
0 	
0 	
0 	
0 	
0 	
0.999999534702219 	
0 	
0 	
0 	
0 	
0 	
0.999999685543246 	
0 	
0 	
0 	
0 	
0 	
0 	
0 	
0.999999674307175 	
0.999999955750158 	
0 	
0 	
0 	
0 	
0 	
0 	
0 	
0 	
0 	
0.999999690865243 	
0.999999746982215 	
0 	
0 	
0 	
0 	
0 	
0 	
0 	
0 	
0 	
0 	
0 	
0 	
0 	
0 	
0 	
0 	
0 	
0 	
0.999999834909781 	
0 	
0 	
0 	
0 	
0 	
0 	
0 	
0 	
0 	
0 	
0 	
0 	
0 	
0 	
0 	
0 	
0 	
0 	
0.999998923078963 	
0 	
0 	
0 	
0 	
0.999999534702219 	
0 	
0 	
0 	
0 	
0 	
0 	
0 	
0 	
0 	
0 	
0.999999955750158 	
0 	
0 	
0 	
0 	
0.999999632186113 	
0 	
0.999999674307175 	
0 	
0 	
0 	
0.999999834909781 	
0.999999481250932 	
0 	
0 	
0 	
0 	
0 	
0 	
0 	
0 	
0 	
0 	
