0.999999955750158 	
0 	
0.999999955750158 	
0 	
0 	
1.49999952831487 	
0 	
0 	
0.999999955750158 	
0 	
0 	
0 	
0.999999685543246 	
0 	
0 	
0 	
0 	
0 	
0.999999534702219 	
0 	
0 	
0.999999834909781 	
0.999999674307175 	
0 	
0 	
0.999999534702219 	
0 	
0 	
0 	
0 	
0 	
0.999999674307175 	
0.999999955750158 	
0.999999664498579 	
0 	
0 	
0 	
0 	
0 	
0 	
0 	
0 	
0 	
0.999999955750158 	
0 	
0.999999674307175 	
0 	
0 	
0 	
0 	
0 	
0.999999955750158 	
0.999999151454652 	
0 	
0.999999955750158 	
0 	
0 	
0 	
0 	
0 	
0 	
0 	
1.49999949753796 	
0 	
0 	
1.99999944149998 	
0.999999834909781 	
0.999999834909781 	
0 	
0.999999534702219 	
0 	
0 	
0.999999481250932 	
0 	
0 	
0 	
0 	
0 	
0 	
0 	
1.99999944149998 	
0 	
0.999999834909781 	
0 	
0 	
0.999999834909781 	
0 	
0 	
1.49999955366899 	
0 	
0 	
0 	
0 	
1.99999935032798 	
0.999999955750158 	
0 	
0 	
0.999999664498579 	
0 	
0 	
0 	
0 	
1.99999865224598 	
1.99999949396443 	
1.99999944149998 	
0 	
0 	
0 	
0.999999480761447 	
1.49999926114479 	
0 	
0 	
0 	
0 	
0 	
0 	
0.999999358698126 	
1.49999943909282 	
0 	
0 	
0 	
0 	
0 	
0 	
0.999999746982215 	
0 	
