3.99999734797697 	
4.24999554723772 	
1.49999932924201 	
0.999999632186113 	
2.4999972930496 	
0 	
1.49999926114479 	
0.999999955750158 	
0 	
1.4999991831514 	
0 	
3.49999776318851 	
1.99999863237226 	
0.999999955750158 	
0.999999410540692 	
0 	
3.12499686966133 	
0 	
0 	
1.99999923824231 	
1.99999944149998 	
0.999999247119337 	
2.99999701915344 	
0 	
1.49999945202234 	
0.999999534702219 	
0 	
0.999999632186113 	
1.99999871739625 	
0 	
0.999999834909781 	
2.49999729037342 	
1.74999937005175 	
0.99999985379626 	
0.999999247119337 	
0 	
0.999999481250932 	
3.49999788540339 	
0.999998658614294 	
2.99999669806385 	
0 	
1.99999865224598 	
0.999999955750158 	
3.33332922408407 	
0 	
0 	
0 	
0 	
2.999998590577 	
0 	
2.74999797836877 	
0 	
0.999999075432228 	
0.99999985379626 	
0.999999481250932 	
1.9999983029093 	
0.999999075432228 	
1.99999914512477 	
0 	
0.999999358698126 	
2.9999963942358 	
0 	
2.99999826356099 	
1.74999903519047 	
0.999999632186113 	
1.49999949753796 	
2.99999578003446 	
0 	
0 	
0 	
0.999999625450423 	
0 	
0 	
0.999999674307175 	
0.999999379666689 	
0 	
0.999999480761447 	
0.999999481250932 	
1.99999934861435 	
1.74999903519047 	
0 	
1.49999955366899 	
1.49999906191345 	
0 	
0.999999834909781 	
5.49999395395556 	
2.49999785917118 	
0 	
1.49999861587043 	
3.9999975478709 	
1.99999970759252 	
2.99999774135801 	
0.999999955750158 	
0.999999077246953 	
0.999999358698126 	
3.87499530853374 	
0 	
0.999999674307175 	
2.99999750054947 	
3.37499757404252 	
1.99999944585635 	
0 	
0.999999151454652 	
2.99999644754343 	
0 	
1.99999861524161 	
3.49999561927546 	
0.999999834909781 	
3.74999441516744 	
0.999999674307175 	
0.999999288422125 	
0.999999674307175 	
0 	
2.66666297742023 	
0.999999687472308 	
1.99999910565601 	
1.87499795111502 	
0.999999674307175 	
0.999999481250932 	
0 	
0 	
1.99999910565601 	
4.87499615577449 	
0 	
