1.4999989542961 	
0 	
1.4999989542961 	
0.99999985379626 	
2.74999786919503 	
0.999999955750158 	
0 	
1.99999949396443 	
0.999999674307175 	
0.999999326122992 	
1.49999952831487 	
0.999999955750158 	
0.999999074233214 	
0 	
0 	
0 	
0.999999410540692 	
0.999999955750158 	
0 	
0 	
0 	
0.999999834909781 	
0.999999955750158 	
2.79166454323948 	
0 	
0.999999834909781 	
1.99999896250186 	
2.7499974522885 	
0.999999481250932 	
0 	
0.99999985379626 	
0 	
0.999999955750158 	
0.999999746982215 	
0 	
1.99999773781891 	
0 	
0.99999933078566 	
0.99999985379626 	
0.999999063532907 	
0 	
0 	
0.999999674307175 	
0 	
0.999999834909781 	
0 	
1.99999857684425 	
0 	
0 	
2.49999619538814 	
0 	
0 	
1.99999906940444 	
0.999999955750158 	
0.999999632186113 	
0 	
0 	
0 	
0 	
0 	
0.999999834909781 	
1.99999966981956 	
0 	
0 	
0.999999534702219 	
0.999999834909781 	
0.999999674307175 	
0.999999664498579 	
1.99999934861435 	
0 	
2.49999859665474 	
0.999999151454652 	
0 	
0.999999834909781 	
2.99999884935462 	
1.99999934861435 	
0 	
0 	
0.999999834909781 	
3.4999982281254 	
0 	
0 	
0 	
0.999999326122992 	
0 	
1.99999823539067 	
0 	
0 	
0 	
1.99999937108649 	
0 	
0 	
0 	
0.999999151454652 	
0 	
0 	
0 	
0 	
0 	
0.999999685543246 	
0 	
0 	
0.999999685543246 	
0 	
1.99999863237226 	
0 	
0 	
0 	
0 	
1.49999952831487 	
2.49999888266728 	
0.999999552828006 	
0 	
2.999998590577 	
0 	
0 	
0 	
0 	
1.99999865937666 	
0 	
0.999999247119337 	
0.999999955750158 	
1.99999949396443 	
