0.999999625450423 	
0 	
0.999999077353539 	
0 	
1.49999980424771 	
0 	
0 	
0 	
0 	
0 	
0 	
0 	
0 	
1.49999945202234 	
0 	
0 	
0 	
0 	
0 	
0.999999664498579 	
0.999999834909781 	
0 	
0 	
0 	
0 	
0 	
0 	
0 	
0 	
0 	
0 	
0 	
0 	
0 	
0.999999834909781 	
0 	
0 	
0.999999834909781 	
0 	
0 	
0 	
0 	
0 	
0.999999090522717 	
0 	
0.999999955750158 	
0 	
0 	
0 	
0 	
0 	
0.999999685543246 	
0.999999746982215 	
0 	
0 	
0 	
0 	
0 	
0.999999834909781 	
0 	
0 	
0 	
0 	
0 	
0 	
0 	
0 	
0 	
0 	
0 	
0 	
0 	
0 	
1.74999951175286 	
0 	
0 	
0.999999480761448 	
0.99999985379626 	
0.999999480761447 	
0 	
0 	
0 	
0.999999955750158 	
0 	
0 	
0.999999746982215 	
0 	
0.999999746982215 	
0 	
0 	
0 	
0 	
0 	
0 	
0 	
0 	
0.999999534702219 	
1.49999926114479 	
0 	
0 	
0 	
2.62499838678101 	
0 	
0 	
0 	
0 	
0.999999358698126 	
0 	
0 	
0 	
0 	
0.999999834909781 	
0.999999955750158 	
0 	
0 	
0 	
0 	
0 	
0 	
0 	
0 	
0 	
0.99999985379626 	
0 	
1.49999945202234 	
0.999999955750158 	
0.999999625450423 	
0.999999632186113 	
0 	
0 	
0.999999955750158 	
0 	
