0 	
0 	
0 	
0 	
0 	
0.999999664498579 	
0 	
0 	
0.999999834909781 	
0 	
0 	
0 	
0 	
2.08333265823348 	
0.999999664498579 	
0 	
0 	
0 	
0.99999985379626 	
0 	
0 	
0 	
0 	
0 	
0 	
1.99999791118513 	
0 	
0 	
0 	
0 	
0.999999077353539 	
0 	
0.999999625450423 	
0.999999488332764 	
0 	
0.999999674307175 	
0 	
0 	
1.99999970759252 	
0 	
0 	
0 	
0 	
0 	
0 	
0.999999955750158 	
1.49999952831487 	
2.49999888266728 	
0 	
0 	
0 	
0.999999955750158 	
0 	
0 	
0.999999632186113 	
0.999999625450423 	
0 	
0 	
0 	
0.999999664498579 	
0 	
2.99999790492049 	
0.999999664498579 	
0 	
0.999999674307175 	
0 	
1.99999882143885 	
0 	
0 	
0 	
0.999998807942727 	
0.999999674307175 	
0 	
1.4999989542961 	
0 	
0 	
0 	
0 	
0 	
0.999999955750158 	
0.99999985379626 	
0 	
0 	
0 	
0 	
0 	
0 	
0 	
0 	
0 	
0.999999664498579 	
0 	
0 	
0 	
0 	
0 	
0 	
1.99999910706127 	
0.999999632186113 	
0 	
0 	
0 	
0 	
0 	
0 	
0.999999674307175 	
0 	
0 	
0.999999664498579 	
0 	
0 	
0.999999664498579 	
0.999999090522717 	
1.99999934861435 	
0 	
0 	
0 	
0 	
0 	
0 	
0 	
0 	
0 	
0 	
0 	
0 	
0 	
0 	
