4.99999451988516 	
0.999999480761447 	
4.37499304171614 	
1.99999876031075 	
1.4999989542961 	
2.99999746721055 	
0.999998745949259 	
4.99999425525175 	
0 	
5.49999392193094 	
0.999999625450423 	
2.99999811297737 	
3.99999613474955 	
2.99999841113596 	
1.49999955366899 	
4.49999622547286 	
1.99999925212376 	
1.49999945202234 	
1.99999926437223 	
3.87499383261967 	
4.43228157746864 	
2.99999632616026 	
1.99999876031075 	
6.24998740507886 	
0.999998905533304 	
6.43748875307329 	
3.49999688766552 	
1.99999876031075 	
2.99999726135838 	
3.74999589724991 	
3.49999582632909 	
0.999999364845566 	
1.99999865937666 	
2.49999908356655 	
3.49999531093528 	
3.87499509184313 	
4.02082864916766 	
1.99999865937666 	
1.99999934861435 	
4.49999326214121 	
1.99999900820924 	
3.9999948938855 	
1.99999934861435 	
1.99999756874787 	
5.24999447572893 	
5.56249075026257 	
2.49999787497659 	
1.87499898690288 	
2.99999648873984 	
0 	
2.49999802996102 	
1.99999717312936 	
3.87499485115961 	
6.33332339415225 	
2.99999573185424 	
3.49999661851838 	
1.99999863237226 	
0.999999746982215 	
4.49999514208883 	
0.999999955750158 	
6.56248769333724 	
2.49999701985682 	
5.91666002025336 	
0.999999955750158 	
1.99999817626713 	
5.74999242881373 	
0.999999247119337 	
0.999998905533304 	
0.999999481250932 	
0.999999834909781 	
5.58332341128341 	
4.49999627599304 	
0.999998483321623 	
4.99999474197202 	
4.62499598038949 	
1.99999926437223 	
0 	
3.93749428662604 	
0.999999632186113 	
3.7499964783286 	
1.49999911581104 	
4.49999712428432 	
0.999999326122992 	
0.999999625450423 	
1.99999966981956 	
0.999999077353539 	
6.87498947371382 	
0.999999247119337 	
0.999998923078963 	
0.999999674307175 	
0.999999834909781 	
0 	
0 	
1.99999868589081 	
1.99999894104466 	
1.49999955366899 	
4.49999467692335 	
0 	
1.99999923824231 	
0.99999962606188 	
0.999999545184678 	
4.04166341892544 	
3.49999770804682 	
0 	
1.99999835846966 	
0 	
2.99999749506935 	
3.7499970018565 	
6.06249103433435 	
5.57551277401537 	
1.99999926437223 	
2.49999712882354 	
0.999999834909781 	
0.999999955750158 	
1.99999935032798 	
4.49999527822311 	
4.49999587105671 	
0 	
1.49999911581104 	
0 	
1.49999980424771 	
