0.999999625450423 	
4.99999671542342 	
0.999999077353539 	
0.999999674307175 	
1.99999937108649 	
1.99999765792344 	
3.7499970117395 	
3.24999836459272 	
3.49999786639391 	
2.49999762037436 	
0 	
1.99999871739625 	
4.49999586679546 	
5.99999003286259 	
0.999999271778113 	
6.99998686616201 	
0.999999834909781 	
0 	
2.99999872191693 	
0
3.24999740428378 	
6.99998944858908 	
0 	
0.999999534702219 	
0.999999690865243 	
3.74999646499611 	
1.99999829856198 	
2.99999836630281 	
0 	
4.99999358872592 	
0 	
0.999999545184678 	
0 	
0.999999674307175 	
6.37498952392132 	
1.99218524489014 	
2.99999803582339 	
1.9999981260745 	
0.999999632186113 	
2.99999836178995 	
1.99999803162609 	
0 	
0.999999534702219 	
1.99999934861435 	
1.74999938758003 	
2.24999650808688 	
0 	
1.9999966408738 	
0 	
2.49999845850451 	
0 	
0 	
2.49999931067901 	
1.49999926872835 	
1.49999945202234 	
0.999999364845566 	
4.74999607363902 	
0 	
0.999999834909781 	
0 	
1.99999926437223 	
0 	
