0 	
0 	
0 	
1.99999857684425 	
0 	
6.99998898654881 	
0 	
0.99999962606188 	
6.49998513361562 	
1.99999790095625 	
6.49998103982135 	
7.37498012976168 	
9.12496903249573 	
9.12497065135236 	
7.62498555499914 	
0 	
9.1249677905573 	
7.37498322011268 	
0 	
0 	
0.999999625450423 	
0 	
0 	
0 	
6.49998564960457 	
6.49998513361562 	
0.999999075432228 	
0.999998750375256 	
9.49997489474397 	
0 	
0 	
6.09373733484613 	
0.999999364845566 	
5.62499049834137 	
9.2499679347072 	
8.37497891021691 	
0 	
0.999999481250932 	
0 	
1.49999955366899 	
7.49998558861271 	
10.2499701368576 	
0 	
0 	
0.999999090522717 	
0 	
0 	
0 	
0 	
8.2499749339792 	
0.999999632186113 	
0 	
0 	
4.74999506232406 	
0 	
0 	
9.12496923237678 	
5.62498823988319 	
0 	
0 	
1.99999910565601 	
0 	
0.999999151454652 	
0 	
0.999999271778113 	
6.49998476979344 	
8.24997614865776 	
0 	
0 	
0 	
1.99999910565601 	
1.99999937108649 	
0 	
1.99999612208375 	
0 	
8.37498041121987 	
5.62499098193274 	
7.62498722224772 	
9.37497591860557 	
0 	
0 	
8.24997346042884 	
0.999998883927388 	
9.12497065135236 	
8.24997689329383 	
0 	
1.99999949396443 	
1.99999882108138 	
7.37498168798494 	
0 	
0 	
0 	
5.62498863214306 	
7.37498158087877 	
1.49999860311264 	
0 	
5.62498533619964 	
0 	
0 	
0 	
0 	
2.99999688461562 	
5.62498807955795 	
0 	
0 	
8.24997614865776 	
0 	
2.99999646440137 	
0 	
8.37497759055345 	
1.49999757860756 	
0 	
0 	
0 	
10.2499757470622 	
6.49998564960457 	
2.99999471268104 	
0 	
0 	
5.7499881414759 	
0 	
7.3749828092905 	
0 	
2.99999440761212 	
0.999999632186113 	
7.3749787300762 	
0 	
9.24998103973255 	
0.999999364845566 	
6.49998627098467 	
8.37498627485084 	
0 	
