0 	
9.24998289353223 	
0 	
0.999998883927388 	
0 	
0 	
0 	
0 	
0 	
0.999999632186113 	
0 	
0 	
0 	
0 	
0 	
0 	
0.999999358698125 	
0 	
1.99999910565601 	
0 	
0.999999674307175 	
0 	
0.999999674307175 	
0 	
1.99999970759252 	
0 	
0 	
1.99999755123062 	
3.99999562048226 	
0 	
4.09374283431646 	
0 	
0 	
0 	
0 	
9.12497189154263 	
0 	
1.99999900820924 	
0 	
0.999998807942727 	
0.999999746982215 	
0 	
9.37497896581189 	
0 	
0.999999090522717 	
0 	
0.999999664498579 	
0 	
0.999998807942727 	
0.999999364845566 	
0 	
8.24997614865776 	
4.74999442338105 	
0 	
8.62498424530953 	
8.3749812849618 	
5.6249896059404 	
5.62499021160666 	
0 	
4.74999313718164 	
0 	
0.999999955750158 	
0 	
0.999999955750158 	
0.999999674307175 	
6.49998564960457 	
0 	
0 	
0 	
0 	
1.99999910565601 	
0 	
1.9999981544939 	
0 	
0 	
0 	
0 	
6.4999867801993 	
0 	
0.999999955750158 	
0 	
0.999999685543246 	
0 	
0 	
4.09374314341802 	
0 	
1.99999882108138 	
0 	
0 	
0 	
0 	
0 	
0 	
0 	
1.49999929000486 	
7.37498038255781 	
0 	
1.49999902894885 	
0 	
0 	
0.999999632186113 	
0 	
0 	
0.999999834909781 	
0 	
8.37497804177647 	
6.49998807142201 	
0.999999480761448 	
0.999998750375256 	
0 	
0 	
0 	
6.4999867801993 	
10.2499701368576 	
0.999999271778113 	
0 	
7.37498322011268 	
0.999999481250932 	
7.37497816558205 	
0 	
5.62498570397518 	
0 	
0 	
6.4999860769753 	
0 	
0 	
0.999999625450423 	
0 	
0 	
0 	
0 	
0 	
0 	
0 	
0 	
0.999999625450423 	
0 	
0 	
0 	
0.999999632186113 	
9.12496803844409 	
5.62498914736782 	
0 	
8.24997614865776 	
1.99999882108138 	
0 	
4.74999320658842 	
0.999999834909781 	
0.999999834909781 	
0 	
0 	
4.7499929102497 	
0 	
0 	
7.3749804477993 	
6.4999860769753 	
7.37498208360113 	
8.37497778757462 	
0.999999632186113 	
0.999999625450423 	
0 	
0.999999362001564 	
0 	
0.999999075432228 	
0 	
0 	
0 	
0 	
6.62498603517846 	
8.24997855654186 	
8.24997689329382 	
0 	
0 	
0 	
0 	
6.4999860769753 	
2.99999865848402 	
0.999999746982215 	
1.99999833751845 	
0 	
7.37498322011268 	
0 	
0 	
3.87499431018957 	
0 	
2.99999772204389 	
10.2499671023885 	
0 	
0 	
0 	
0.999999271778114 	
0 	
0 	
0 	
5.62499021160666 	
0 	
0 	
0 	
0 	
0.999999632186113 	
0 	
9.99995930762879 	
1.99999882108138 	
1.99999628028362 	
0 	
0 	
0 	
0.999999364845566 	
0 	
0 	
0 	
0 	
0 	
0 	
8.99997600572866 	
0 	
6.4999867801993 	
0.999999746982215 	
4.74999260834535 	
0 	
0 	
6.49998807142201 	
0 	
0 	
0 	
0 	
0 	
9.12497031487996 	
6.49998564960457 	
0 	
6.4999854963686 	
0 	
0 	
0.999998481277345 	
6.49998807142201 	
0 	
0 	
5.74999200902194 	
6.49998807142201 	
9.12496923237678 	
0 	
6.62498402448642 	
0 	
0 	
