12.9999447019411 	
12.1249633090366 	
0 	
0 	
10.8749528899512 	
2.96874503013657 	
0 	
0 	
11.874965249569 	
10.124979954635 	
8.37498132611354 	
1.99999798262039 	
2.49999802754249 	
0 	
0 	
12.8749701623141 	
1.99999905893944 	
2.49999722394328 	
0.999999075432228 	
10.9999763614598 	
11.8749469792049 	
1.49999747512025 	
0.999999632186113 	
8.4999768283873 	
12.1249636994458 	
0.999998750375256 	
11.999969788542 	
1.49999707979064 	
9.99996094407614 	
0 	
0 	
2.99999256639297 	
0.999999151454652 	
11.7499497069418 	
1.99999736675934 	
10.7499736979212 	
1.99999750134628 	
8.62497707931371 	
1.99999925212376 	
0.999998389099321 	
1.99999925212376 	
11.2499612057946 	
0 	
2.99999536017453 	
1.99999580110258 	
0.999999151454652 	
0.999998545755693 	
0.999998364929024 	
9.99995782141162 	
9.99996176023411 	
0.999999746982215 	
0 	
0.999999075432228 	
11.87494226182 	
0.999998750375256 	
10.1249782634128 	
0.999999151454652 	
3.9999944848253 	
0.999998750673142 	
2.99999772204389 	
9.999961258041 	
11.1249666148807 	
1.99999937108649 	
0.999998745949258 	
0 	
1.49999955366899 	
1.49999929000486 	
10.8749481237518 	
0 	
0.999999358698125 	
10.8749527260283 	
10.1249759778417 	
9.99996213812917 	
0 	
6.49998564960457 	
0.999998991310193 	
9.12496946040747 	
1.49999955366899 	
10.9999778480852 	
12.8749450253028 	
9.24996569427156 	
2.99999635998127 	
3.99999562213322 	
7.81246556862893 	
0 	
2.49999802754249 	
11.8749728158143 	
10.1249565231467 	
9.12495947538428 	
8.49997944500361 	
2.99999625112577 	
0.999999481250932 	
0 	
10.8749528899512 	
0 	
