0 	
0 	
0 	
9.99995862654965 	
0 	
0 	
0.999999326122993 	
10.2499757470622 	
0 	
0 	
2.99999646440137 	
1.49999842036849 	
8.24997567422318 	
1.49999973592541 	
0 	
8.24997039477904 	
1.99999925212376 	
0 	
9.99996176023411 	
9.99996176023411 	
3.99999449637028 	
1.99999818104543 	
0 	
12.7499421852404 	
1.99999904404838 	
0.999999533150113 	
10.1249595984142 	
0 	
7.28122030493215 	
0 	
10.8749554517423 	
11.9999515446665 	
8.24996727238591 	
0.999999075432228 	
1.99999854355623 	
11.2499688989845 	
0.999999481250932 	
9.99995520369162 	
0 	
7.37497790658779 	
9.99996176023411 	
1.99999632748471 	
9.37497813271179 	
7.3749804477993 	
7.37497897559021 	
1.99999857684425 	
6.62498431751733 	
5.62498550466951 	
11.7499458434092 	
0.999998750375256 	
1.99999910565601 	
8.24997359785609 	
9.37497514530588 	
0 	
8.24997035636969 	
0 	
0 	
0 	
10.2499685914592 	
7.3749804477993 	
10.8749551076577 	
0 	
0.999999364845566 	
8.24997346042884 	
2.99999748870968 	
1.99999934861435 	
9.99995813974073 	
0.999999685543246 	
6.49998296262327 	
0 	
2.99999638584049 	
0 	
0 	
3.49999517463071 	
11.1249717509776 	
8.12498321819269 	
9.99995978934904 	
9.12497065135236 	
0.999998750375256 	
2.99999723174086 	
0.999999625450423 	
10.8749562105801 	
1.99999749189852 	
12.2499604120458 	
1.99999689140866 	
10.9999772793556 	
1.99999868409949 	
0.999999364845566 	
6.49998564960457 	
0.999999075432228 	
1.99999773781891 	
10.8749551076577 	
12.8749449561485 	
1.99999937108649 	
1.99999661655452 	
2.99999577549888 	
0 	
9.12496260792829 	
9.99996176023411 	
1.99999750134629 	
0 	
3.99999641489102 	
0.99999860933355 	
0 	
0 	
11.7499449779379 	
10.8749488806541 	
0 	
9.12496803844409 	
0.999999151454652 	
1.99999750683481 	
10.4999757559069 	
9.12497031487996 	
9.12496260792829 	
0 	
9.12497031487996 	
0.999999364845566 	
10.6249631217941 	
9.37498046109691 	
1.99999833751845 	
8.24997249430831 	
0.999998745949259 	
10.3749754257855 	
1.49999796193099 	
9.99996176023411 	
0 	
0 	
2.99999574092539 	
7.3749803977302 	
0 	
