0.999999358698125 	
7.49998542751178 	
6.15623125089295 	
6.4999860769753 	
8.3749785910637 	
1.99999925212376 	
8.37497751659063 	
0.999999358698126 	
0 	
0 	
0 	
9.12496803844409 	
0 	
2.99999865848402 	
11.1249699607312 	
1.99999863237226 	
0 	
9.12496946040747 	
0 	
0 	
6.49998341348156 	
0 	
4.6249897292141 	
7.624984856834 	
9.99996070078226 	
0 	
0 	
5.6249896059404 	
0 	
0.999998745949258 	
7.37498012976168 	
0 	
8.49998180819531 	
8.49998412313173 	
1.4999991831514 	
9.37497223640168 	
7.6249832656786 	
0 	
0 	
0 	
0 	
0 	
9.99996222048361 	
0 	
0 	
0 	
6.49998476979344 	
1.99999910565601 	
7.3749803977302 	
0 	
6.68747905177104 	
7.49997754069601 	
0.999998619516363 	
8.49998071880508 	
7.49998542751178 	
9.2499662078655 	
0 	
0.999999090522717 	
1.99999934861435 	
7.3749828092905 	
1.74999953715819 	
4.99999242615498 	
0.999999674307175 	
0.999999481250932 	
0 	
10.1249798058847 	
10.9999570455057 	
0.999999075432228 	
0.99999985379626 	
10.1249698393669 	
0 	
0 	
0 	
9.12496831672167 	
8.37497419206908 	
0 	
0.999999247119337 	
0 	
0 	
1.99999910565601 	
8.62497931116852 	
2.99999711734673 	
7.15622912105993 	
0.999998481277345 	
8.24997450308421 	
0.999999364845566 	
7.37498158087877 	
6.62498908996885 	
9.12497065135236 	
0 	
0.999998923012306 	
0.999999685543246 	
1.99999749189852 	
0 	
0 	
0 	
7.49998427528087 	
7.37498012976168 	
0.999999271778113 	
0 	
10.8749527260283 	
0 	
7.37498158087877 	
0 	
7.49998333850197 	
9.99996417169587 	
0 	
9.12497065135236 	
10.2499719001491 	
0.999998445704329 	
0.999999632186113 	
9.99996304764537 	
8.24997227324707 	
0 	
0 	
8.24997689329382 	
8.24997689329382 	
0 	
8.24997567422318 	
0 	
8.24997689329382 	
0 	
10.2499777566461 	
0.999999075432228 	
7.49998536214596 	
9.1249677905573 	
0 	
0 	
0 	
0 	
0 	
0.99999985379626 	
