10.9999786245214 	
1.99999750134628 	
1.99999910565601 	
1.99999782261552 	
11.7499479332639 	
8.24997374862764 	
1.99999764319358 	
8.24997450308421 	
0.99999804752187 	
0 	
10.3749726877622 	
0 	
0.999999874489039 	
0.999999481250932 	
0.999999481250932 	
2.9999945735389 	
0 	
1.99999810182898 	
0 	
9.24996756179295 	
5.62498110332773 	
5.62498110332773 	
9.99996176023411 	
0.999999834909781 	
9.24997122719548 	
0 	
11.2499608434642 	
11.3749669510752 	
0 	
8.24997249430831 	
0 	
1.49999842036849 	
7.49997959660888 	
11.9999665379572 	
4.9999939603018 	
4.99998644213741 	
1.99999549971559 	
6.62498908996885 	
9.99995520369162 	
9.99995520369162 	
1.74999737998739 	
0.999998750375256 	
9.12497065135236 	
1.99999782261552 	
10.124963241447 	
12.9999648316224 	
0 	
9.12497189154263 	
0.999999632186113 	
9.62497331483591 	
1.99999937108649 	
11.7499436718109 	
7.4999879796838 	
0 	
0.999999090522717 	
0 	
3.74999699402152 	
1.99999761588545 	
1.99999854355623 	
9.99996301819233 	
9.37497332017735 	
9.37497332017735 	
9.24997399492035 	
0.999999326122993 	
9.24996944771144 	
2.74999667338766 	
0.999999364845566 	
1.99999810182898 	
0.999999151454652 	
9.99996213812917 	
11.7499449779379 	
8.87498494953493 	
0 	
0 	
10.9999568426973 	
9.24997055216753 	
2.99999462527035 	
8.24996215019854 	
9.99996301819232 	
9.12497189154263 	
1.49999945202234 	
0.999998923078963 	
2.99999711734673 	
11.8749424446396 	
0.999999358698125 	
11.7499488967535 	
11.9999489650213 	
11.9999489650213 	
10.8749512728014 	
1.99999910565601 	
7.49998406310682 	
0 	
7.99998215193479 	
0 	
10.8749528899512 	
9.1249659566182 	
0.999999955750158 	
0 	
7.37498158087877 	
1.99999790095625 	
1.99999872969113 	
0 	
10.8749516900359 	
9.12497189154263 	
1.99999784602461 	
1.99999753940073 	
0 	
0 	
12.8749469118453 	
11.7499462022899 	
0.999999151454652 	
1.9999981544939 	
0.999998481277345 	
0.999999632186113 	
9.24996995838962 	
0.999998658614294 	
13.4999362821872 	
0.999999625450423 	
11.7499591390086 	
0.999999674307175 	
0 	
7.37497401437757 	
0 	
0.999998745949258 	
10.1249647902913 	
11.8749456858496 	
6.09373644618465 	
0 	
0.999999632186113 	
0.999999151454652 	
0 	
0.999999481250932 	
0.999998745949258 	
0.999998750375256 	
12.6249394007804 	
1.99999923824231 	
2.99999453963316 	
9.12497065135236 	
0 	
9.12496688386233 	
9.99995609588649 	
10.1249814392794 	
0.999998609333551 	
0 	
0.999998905533304 	
11.7499479332639 	
11.749942925429 	
0 	
0.999999090522717 	
9.99996301819233 	
8.24997614865777 	
9.12496082476932 	
0.999999481250932 	
7.49998406310682 	
9.49998081117737 	
1.99999910565601 	
0.999998750375256 	
1.99999750683481 	
8.49998109321972 	
9.99996051400649 	
11.7499444604709 	
13.8749449816113 	
0.999999151454652 	
12.6249655159227 	
0.999999632186113 	
3.49999576124215 	
0 	
8.24997359785609 	
9.99995964288595 	
10.2499696421539 	
9.37497530999027 	
9.12497065135236 	
0 	
11.8749583450342 	
11.1249690506034 	
9.2499712928461 	
0.999999625450423 	
0.999999358698125 	
1.99999761588545 	
11.9999649684533 	
1.99999696255469 	
10.2499671023885 	
0 	
13.4999290241207 	
9.37497391109906 	
0 	
10.2499772807079 	
11.7499422018184 	
0.999999625450423 	
9.12496688386233 	
11.9999642864379 	
1.74999785042716 	
0.999998905533303 	
11.8749510496956 	
0 	
0 	
12.6249352436178 	
11.1249716360339 	
10.2499773280624 	
0.999998481277345 	
9.99996176023411 	
11.1249730630892 	
10.1249590035098 	
0 	
9.1249677905573 	
9.99996417169587 	
7.15622886939191 	
8.24997126102657 	
0 	
0.999999288422124 	
1.99999790099917 	
1.99999756874787 	
2.99999325789456 	
0 	
9.99995884175203 	
10.1249777397731 	
3.99999305663263 	
1.9999981260745 	
8.24997614865776 	
6.21873061528382 	
0 	
10.2499714361367 	
11.749942925429 	
0 	
10.2499765524327 	
0 	
