1.99999815086446 	
9.99996417169587 	
9.24996438309234 	
8.24997126102657 	
9.37496589024348 	
0.999999090522717 	
9.87497343013987 	
0 	
2.99999555372654 	
0 	
0 	
3.99999292628795 	
9.99996301819233 	
10.1249568549888 	
9.37497304471811 	
8.49997672748844 	
0 	
2.99999711734673 	
7.49997593230567 	
6.21872774807879 	
9.99995930762879 	
11.9999642864379 	
11.8749511916309 	
9.62497378987098 	
0 	
10.8749510416114 	
3.49999826699734 	
0 	
0 	
10.9999786245214 	
11.7499407134565 	
0.999999674307175 	
10.9999750774619 	
0 	
0.999998883927388 	
8.37498135962638 	
1.99999756874787 	
9.12496435870324 	
11.749943791519 	
0 	
0 	
0.999999151454652 	
10.8749528899512 	
1.99999761588545 	
10.8749547110225 	
0 	
1.99999761588545 	
1.99999661655452 	
12.999944632527 	
0 	
11.8749607171981 	
2.49999536589212 	
1.99999756874787 	
11.1249619224385 	
8.24997614865776 	
10.2499695209756 	
0.999999271778113 	
1.99999749189852 	
10.8749527260283 	
2.99999806817296 	
10.2499722885536 	
1.49999793618377 	
0 	
10.999953801732 	
12.7499453862801 	
9.99995884175203 	
9.249965366754 	
2.99999642382818 	
10.9999607653439 	
9.24997045914237 	
11.1249729537187 	
1.99999910565601 	
10.1249635242968 	
9.12496435870324 	
0 	
0 	
0.999999481250932 	
0 	
0 	
9.24996880250056 	
11.1249712285191 	
1.74999891107388 	
1.99999798262039 	
8.37497498025801 	
9.99995862654965 	
1.99999677819864 	
10.9999786245214 	
1.99999756874787 	
11.1249697265452 	
9.24998025378576 	
5.6874821064567 	
0 	
11.1249638144049 	
5.62498500489116 	
1.99999877993995 	
8.49997923533717 	
0 	
11.1249712285191 	
9.99995520369162 	
10.1249632483311 	
11.6249634954202 	
1.99999882108138 	
0.999998481277345 	
0.999998619516363 	
10.999976911515 	
0 	
0 	
11.1249678084827 	
0 	
0 	
10.8749512728014 	
0.999998609333551 	
8.24997120359269 	
2.49999691685917 	
0 	
10.8749510416114 	
0 	
1.9999981544939 	
2.49999479240785 	
9.9999533398035 	
0.999999288422125 	
1.99999882108138 	
11.8749479709448 	
