0 	
0.999998923078963 	
0 	
7.3749828092905 	
8.49998101926907 	
9.99996537241674 	
0 	
0 	
9.99996417169587 	
0.999999151454652 	
0 	
0.999998180265254 	
0 	
0 	
4.74999260834535 	
0 	
1.99999750134628 	
0 	
7.3749828092905 	
1.9999981544939 	
0 	
0 	
0 	
6.4999860769753 	
0 	
9.12497031487996 	
6.62498908996885 	
4.09374129137165 	
0 	
0 	
7.4999881532801 	
0 	
6.49998513361562 	
0 	
0.999999271778113 	
0 	
0 	
0 	
0 	
2.99999812382689 	
6.4999830767795 	
0.999997961652155 	
0 	
0 	
0 	
6.49998741099119 	
0 	
0 	
7.49998437206009 	
0 	
7.37498158087877 	
0 	
0 	
0.999998545755693 	
6.4999867801993 	
0 	
0 	
1.99999815086446 	
0 	
4.74999056665057 	
0 	
1.99999937108649 	
0 	
8.24997689329383 	
0.999999364845566 	
8.24997450308421 	
6.62498509671216 	
0 	
0 	
6.49998368178023 	
0 	
8.24997689329383 	
5.62499021160666 	
0 	
9.24997237653487 	
5.6874821064567 	
4.74999332876317 	
0 	
0 	
0 	
3.87499582538351 	
0 	
0 	
1.99999854355623 	
6.4999867801993 	
0 	
0 	
8.37497891021691 	
6.49998476979344 	
0 	
6.49998807142201 	
0.999999955750158 	
0 	
7.37498010380639 	
6.49998334068442 	
0.999999834909781 	
0 	
6.49998068683059 	
0.999999480761447 	
0.999999685543246 	
6.49998415021054 	
0 	
0.999999410540692 	
0 	
0.999998750375256 	
0 	
1.99999764319358 	
0 	
0.999998923012306 	
0.999999364845566 	
0.999999834909781 	
6.62499019383056 	
0.999999746982215 	
0 	
9.24997423220032 	
0.999999834909781 	
0 	
0 	
0.999999481250932 	
0 	
2.99999711734673 	
7.37498183057803 	
8.24997425756051 	
0 	
0 	
0 	
0 	
0 	
1.99999761588545 	
0 	
0 	
0 	
