0 	
0 	
0 	
0 	
0 	
0 	
0 	
0 	
0 	
0 	
8.37497572252461 	
0 	
1.99999937108649 	
0 	
0 	
0 	
0.999998807942727 	
0 	
0 	
5.62499194959717 	
0 	
6.4999867801993 	
2.49999760363629 	
0.999999271778113 	
0.999999364845566 	
0 	
0 	
0 	
6.62498275159553 	
0 	
6.62498385730694 	
6.4999860769753 	
0 	
0 	
0 	
0 	
0 	
0 	
0 	
0 	
0 	
2.99999834222738 	
8.24997464380474 	
0 	
7.49998104357561 	
0 	
5.62499194959717 	
0 	
5.62499010927234 	
0 	
0 	
0 	
0 	
5.87498931872611 	
0 	
0 	
0 	
5.62499194959717 	
0 	
0 	
5.62498679873887 	
0 	
0 	
0 	
5.62498823988319 	
0 	
1.99999798262039 	
0 	
0 	
0.999999625450423 	
6.49998631897236 	
6.4999867801993 	
0 	
0 	
0.999998923012306 	
0 	
0 	
0 	
6.49998807142201 	
0.999999481250932 	
5.74999299130258 	
7.37498168798494 	
0 	
6.49998097592462 	
0 	
7.37498158087877 	
5.62498721943223 	
0.999999664498579 	
7.74998781976241 	
0 	
0 	
0.999999481250932 	
0 	
0 	
5.62499010927234 	
3.87499723959595 	
0 	
0.999999625450423 	
0 	
6.49998807142201 	
0.999999746982215 	
0 	
0 	
0 	
0.999999552828006 	
0 	
0 	
7.3749828092905 	
0 	
0 	
0 	
0 	
0 	
6.4999854963686 	
0 	
0 	
0 	
0.999999955750158 	
0 	
6.62498689598821 	
9.12497189154263 	
5.6249896059404 	
0 	
0.999999955750158 	
0 	
0 	
0 	
1.99999895379353 	
0 	
4.74999506232406 	
0 	
7.37498075204731 	
0 	
0 	
0 	
2.49999840848296 	
0 	
0 	
0 	
0 	
0 	
0 	
7.37498168798494 	
0 	
1.99999790099917 	
0 	
7.3749804477993 	
0 	
1.99999925212376 	
3.87499714613017 	
0 	
8.24997689329382 	
3.87499759295482 	
0 	
1.99999882108138 	
1.99999882108138 	
7.37498158087877 	
0.999999685543246 	
0 	
0 	
0 	
0 	
0 	
4.74999313718164 	
0 	
4.87499388782732 	
0 	
0 	
0 	
0 	
0 	
0 	
4.74999435888211 	
0 	
8.24997614865777 	
0 	
0 	
5.62499194959717 	
0.999999746982215 	
0 	
0 	
0 	
5.62499132886905 	
0 	
0 	
0 	
0 	
0 	
0 	
0 	
0 	
0 	
0 	
6.49998631897236 	
0 	
7.3749804477993 	
5.62498570397518 	
0.999999955750158 	
0 	
1.99999650407667 	
7.37498039773021 	
0 	
0.999998923012306 	
8.24997816158232 	
0 	
0 	
6.49998513361562 	
0 	
0 	
0 	
0 	
0.999999090522717 	
