0.999998364929024 	
2.99999374607792 	
1.99999592331831 	
10.9999565695452 	
10.8749494019332 	
2.99999536017453 	
0 	
1.99999716208841 	
3.74999164525604 	
4.99999269571544 	
0 	
0 	
1.99999776785478 	
2.99998990973929 	
0 	
1.9999967056483 	
12.249964151886 	
0.999998340865814 	
4.74998459002168 	
1.99999896152289 	
3.99999137925256 	
2.49999774321356 	
1.49999784954583 	
4.74999075392377 	
1.99999612760369 	
4.49999235814639 	
4.99999307323443 	
4.99999177106328 	
12.1249696262963 	
1.99999656107431 	
11.999965395817 	
1.99999750134628 	
2.49999845876156 	
0 	
0 	
0.99999804752187 	
5.7499893118889 	
1.99999585003054 	
0.999998545755693 	
1.99999676251479 	
4.74999150687792 	
5.7499948542847 	
0.999998545755693 	
1.99999702554968 	
0.999998745949258 	
12.6249380297053 	
0 	
