5.7499896842556 	
13.2499385351092 	
0.999999552828005 	
4.49999322973309 	
3.99999137925256 	
0 	
1.99999677819864 	
0.999999077353539 	
11.2499668264127 	
0 	
2.99999591431822 	
2.99999742279683 	
7.31248492712691 	
10.8749488033887 	
2.99999536017453 	
0 	
2.99999547984854 	
4.99999112608285 	
0.999999410540692 	
12.6249368860062 	
2.49999585840127 	
11.8749463888256 	
2.99999504641118 	
0.999999077353539 	
3.99999257339425 	
1.99999501991744 	
1.99999764319358 	
2.99999519978388 	
1.99999612208375 	
10.8749554517423 	
4.49999071135595 	
5.49998672995449 	
1.99999882108138 	
3.99999179369771 	
6.99998268196462 	
3.74999470754123 	
1.99999736675934 	
