2.99999249040236 	
11.8749728158143 	
6.74997487659201 	
0 	
1.49999902894885 	
6.74998096129193 	
1.99999636053051 	
0.999998773333598 	
3.99999473351869 	
12.4999512398587 	
3.99999631333118 	
0.999998750375256 	
2.99999477895602 	
1.7499955995648 	
0.999998259031572 	
2.74999568239876 	
11.7499444604709 	
1.49999955366899 	
1.49999876307492 	
0 	
5.24997987687854 	
1.99999469844768 	
10.1249757476389 	
7.49998568633124 	
2.99999591431822 	
12.6249368860062 	
3.99999165081727 	
3.49999721311114 	
0 	
0.999998783903671 	
2.99999371220303 	
5.49998948001608 	
3.99999120500486 	
9.99995684241072 	
0.99999962606188 	
2.99999643646565 	
0.999998883927388 	
7.28121563843796 	
11.1249630194468 	
2.99999218228699 	
1.99999516030136 	
4.12499584961967 	
8.2499681956594 	
