6.49998631897236 	
6.62498828674913 	
0 	
0 	
0.999998443885286 	
0 	
0.999999410540692 	
0.999999552828006 	
1.99999876578492 	
0 	
1.99999761588545 	
1.99999896152289 	
0 	
10.2499694227875 	
1.99999894104466 	
10.9999507521444 	
7.62498325651354 	
9.12496923237678 	
1.99999894104466 	
9.37497955714693 	
6.62498990294986 	
9.12497189154263 	
0 	
0 	
0.999999077353539 	
7.37498168798494 	
9.24997960154498 	
0 	
0.999998619516363 	
11.7499428156812 	
9.24997047849567 	
8.49997935520384 	
10.999965997131 	
0 	
1.9999981544939 	
3.49999194648083 	
1.99999877993995 	
9.12497065135236 	
0 	
0 	
1.99999910565601 	
0.999999151454652 	
1.99999756874787 	
0 	
0 	
7.37498012976168 	
8.2499733783283 	
8.24997249430831 	
1.99999925090085 	
0 	
1.99999854805305 	
0 	
0.999999090522717 	
0 	
0 	
0 	
0 	
1.99999798262038 	
0.999999481250932 	
7.99998583645088 	
0 	
0.999999834909781 	
0 	
0 	
6.49997732591625 	
9.12496658809775 	
8.24997026483716 	
11.7499436718109 	
2.99999638584049 	
0.999999834909781 	
9.99996304764537 	
6.74998836364841 	
0 	
0.999999481250932 	
7.99998168412192 	
0.999999955750158 	
6.62498908996885 	
6.49998009875734 	
0 	
10.8749569637354 	
10.8749507493675 	
0.999999632186113 	
0 	
5.62498863214306 	
10.1249712573021 	
0.999998923078963 	
1.99999910565601 	
11.8749545963093 	
0 	
0 	
1.99999854355623 	
0 	
0 	
0.999998905533304 	
0 	
1.9999972186671 	
9.99995782141163 	
1.99999723903273 	
0.999998750673142 	
8.24996783241034 	
11.8749508695652 	
9.12496688386233 	
0 	
0 	
0 	
2.99999895380229 	
0 	
1.99999900332054 	
11.7499468883266 	
9.12497065135236 	
0.999998750375256 	
0 	
0.999999632186113 	
0 	
1.49999860311264 	
6.49998203576776 	
0 	
0 	
1.99999918908834 	
0 	
11.8749658830642 	
0 	
9.24997010172989 	
0 	
8.24997689329383 	
0 	
0.999998180265254 	
10.2499762013909 	
10.8749551076577 	
0 	
9.99996537241674 	
7.37498168798494 	
