0 	
10.3749699609818 	
0.999999075432228 	
2.99999625201943 	
9.99997577000896 	
0 	
0 	
2.99999492483179 	
0 	
9.12497065135236 	
1.99999782261552 	
6.49998023458019 	
0 	
10.8749573585987 	
8.37498308170478 	
0.99999962606188 	
9.2499712928461 	
0 	
1.49999902894885 	
10.1249646256736 	
0 	
12.6249404227034 	
0 	
0.999999746982215 	
0.999998750673142 	
0 	
10.1249615227268 	
0 	
7.62498197915351 	
10.124958775636 	
11.9999665379572 	
1.99999877993995 	
8.37498464837079 	
0.999999632186113 	
6.4999854963686 	
9.24997942242964 	
2.99999458720531 	
0 	
0 	
10.87495171823 	
1.99999749189852 	
0 	
6.49998449513903 	
2.99999846823145 	
8.37498497662676 	
7.3749803977302 	
2.99999718558233 	
9.99996417169587 	
6.49998476979344 	
8.24997689329383 	
9.12496803844409 	
0 	
0 	
8.24997567422318 	
0.999998745949258 	
6.15623127833941 	
6.49998631897236 	
0 	
12.8749375630244 	
9.99996443924519 	
0 	
6.49998023458019 	
0.999999271778113 	
0.999998750375256 	
0.999999151454652 	
0.999998807942727 	
1.99999776785478 	
9.24997054593613 	
9.12496803844409 	
12.6249368860062 	
0.999998883927388 	
10.3749748578686 	
0 	
1.99999792808506 	
12.6249404227034 	
0 	
3.99999652118658 	
9.12496163234414 	
0 	
0.999999151454652 	
0.999999955750158 	
0 	
8.24997313395347 	
0.999998923012306 	
2.49999621090924 	
0.999999151454652 	
0.999999075432228 	
9.12497031487996 	
2.99999550879647 	
1.49999879763474 	
0 	
1.49999945202234 	
1.99999900820924 	
0.999999364845566 	
6.62498814601024 	
1.99999750075051 	
9.12496903249573 	
0 	
0.999999364845566 	
0.999999664498579 	
0 	
8.24997464380474 	
0.999998619516363 	
10.8749551076577 	
10.874959257081 	
0 	
0.999999632186113 	
1.99999756874787 	
8.24997487945649 	
0.999998658614293 	
0 	
1.4999964192661 	
0.999999746982215 	
9.99996222048362 	
9.24998103973255 	
7.37498158087877 	
0.999999625450423 	
0 	
2.99999673900363 	
7.37497790658779 	
0 	
9.12497189154263 	
0 	
8.24997126102657 	
0 	
9.12496946040747 	
10.999950764171 	
0 	
9.24997073781097 	
0 	
3.99999732693388 	
