0 	
5.62499098193274 	
0.999999955750158 	
0 	
0.999999746982215 	
4.62499042617138 	
1.99999970759252 	
0 	
0 	
0 	
4.74999506232406 	
0 	
0 	
0 	
0 	
0 	
8.2499749339792 	
0 	
0 	
0 	
0 	
0.999999151454652 	
0.999999364845566 	
3.87499759295482 	
0 	
0 	
0 	
0 	
0 	
1.99999882108138 	
0 	
0 	
8.37497917550886 	
6.49998784394697 	
0 	
0 	
0.999999364845566 	
0 	
0 	
0 	
0 	
0 	
0 	
0.999999410540692 	
0 	
0 	
0 	
0 	
0 	
0 	
4.7499929102497 	
6.4999867801993 	
0 	
0 	
0 	
0 	
0 	
4.74999506232406 	
0 	
0.999999410540692 	
0 	
0 	
1.99999882108138 	
5.62498910510607 	
0 	
7.62498421622741 	
0 	
0 	
0 	
0 	
0 	
0 	
0 	
0 	
0 	
0 	
0 	
0 	
0 	
0 	
0 	
3.87499582538351 	
0 	
0 	
0 	
3.03124665594973 	
3.87499759295482 	
3.87499337943231 	
0 	
0 	
0 	
0 	
0 	
0 	
0.999999364845566 	
1.99999970759252 	
0.999999955750158 	
0 	
9.12497189154263 	
0.999998750673142 	
