11.1249582808529 	
3.99999748717384 	
2.99999422772566 	
0 	
0 	
1.99999719818003 	
1.99999910565601 	
10.8749551076577 	
12.8749427080683 	
12.8749564935737 	
3.99999472434645 	
12.8749608007897 	
11.7499458434092 	
13.4999281230035 	
1.99999633885694 	
0 	
10.1249798058847 	
1.99999717312936 	
0 	
10.9999621186306 	
2.49999447199483 	
0.99999860933355 	
10.9999548942105 	
9.37498143096963 	
10.8749516900359 	
0 	
8.2499638636092 	
0.999999481250932 	
0.99999860933355 	
1.99999696255469 	
11.8749588172479 	
9.12496923237678 	
2.9999945357434 	
7.37497473359523 	
3.9999950373616 	
9.2499690957489 	
10.3749743047916 	
11.8749484495519 	
1.74999841678422 	
2.99999432181091 	
0 	
2.49999778382894 	
10.8749516900359 	
2.49999870819152 	
0 	
8.24997112184828 	
10.1249777397731 	
0.999997767409884 	
1.99999645490106 	
0 	
11.9999632089598 	
1.99999718614081 	
8.49997803592512 	
0 	
10.874948269438 	
4.49999648325687 	
8.37498064540538 	
7.8124584879728 	
0 	
10.3749681374887 	
1.99999833751845 	
12.7499380783508 	
0.999998905533304 	
10.8749510416114 	
3.99999463995757 	
10.1249615227268 	
2.49999471282457 	
3.9999943721154 	
13.2499514843665 	
0.999999075311881 	
10.124976051709 	
2.99999591431822 	
1.74999580780007 	
11.2499650745138 	
11.9999514170016 	
2.99999374607792 	
2.49999608071685 	
11.874944892539 	
11.7499435079055 	
10.9999554031703 	
10.2499752145956 	
2.99999711734673 	
