9.99995966461335 	
0 	
0.999999075432228 	
10.249969253243 	
2.99999515051528 	
0.999999090522717 	
1.9999981544939 	
11.1249615408728 	
0.999998991310193 	
0.999998481277345 	
0.999998481277345 	
0 	
9.24995834044143 	
0 	
9.37497974569584 	
2.4999969801509 	
0 	
0 	
10.1249775252142 	
0 	
10.1249593294446 	
10.9999542191113 	
11.8749528705067 	
11.8749470699826 	
0 	
0 	
9.12496082476932 	
10.8749516900359 	
10.8749512728014 	
11.8749550331408 	
10.99997584883 	
0 	
2.49999800989876 	
2.49999725994258 	
0.999999481250932 	
0.999999481250932 	
0.999999632186113 	
0 	
0 	
0 	
9.99995862654965 	
10.9999741001453 	
0 	
0 	
0.999998443885286 	
0.999998745949258 	
0 	
0 	
0 	
0 	
10.8749489680207 	
2.99999471268104 	
11.8749556372267 	
9.99995884175203 	
1.99999718614081 	
1.49999641366449 	
8.87498144600246 	
0.999999271778113 	
1.99999636053051 	
9.24997882346721 	
3.49999273713237 	
2.99999638584049 	
0.999998883927388 	
3.74999767240702 	
9.24996759355758 	
11.7499458434092 	
9.99996213812917 	
11.7499436718109 	
3.99999699418254 	
10.8749528899512 	
9.24997054593614 	
2.99999432181091 	
0 	
3.99999631333118 	
1.49999747512025 	
1.99999656872884 	
11.1249635248933 	
1.99999738882528 	
1.99999790099917 	
1.99999696255469 	
0.999998259031573 	
11.9999596575854 	
11.7499529224287 	
0 	
9.99995930762879 	
2.99999515051528 	
10.8749456090462 	
12.8749614417553 	
8.2499733783283 	
0 	
7.37497420533148 	
13.4999290241207 	
10.9999609339583 	
11.9999487807766 	
4.99999134331512 	
10.1249784700244 	
0.9999979073327 	
1.99999736217323 	
8.24997142695419 	
10.2499737806826 	
