3.49999095873128 	
3.49998802073519 	
3.49999095873128 	
3.49999095873128 	
3.99998036495759 	
1.49999721898791 	
3.99998333162618 	
2.49998976846947 	
2.49999097727595 	
4.49998121410406 	
2.99998676910116 	
3.4999879639136 	
3.99998333162618 	
1.49999840276245 	
0 	
3.4999879639136 	
3.99998333162618 	
2.49999097727595 	
1.49999840276245 	
1.49999947022069 	
4.49997799123261 	
2.49998976846947 	
3.99998646220413 	
3.4999879639136 	
2.99998676910116 	
2.99998542181938 	
3.99998036495759 	
4.49997799123261 	
3.49999095873128 	
1.49999721898791 	
3.49998802073519 	
1.49999947022069 	
3.49998588366989 	
3.49998588366989 	
2.99998676910116 	
0 	
3.49998588366989 	
2.99998676910116 	
2.99998676910116 	
4.49998121410406 	
2.99998542181938 	
2.99998676910116 	
2.49999097727595 	
3.99998333162618 	
2.49999161239677 	
3.99998036495759 	
2.99998542181938 	
2.49999161239677 	
4.49998121410406 	
2.99998676910116 	
3.99998333162618 	
1.49999840276245 	
1.49999721898791 	
1.49999947022069 	
3.99998036495759 	
1.49999721898791 	
3.99998333162618 	
2.49998976846947 	
2.49999097727595 	
4.49998121410406 	
2.99998676910116 	
3.4999879639136 	
3.99998333162618 	
1.49999840276245 	
0 	
3.4999879639136 	
3.99998333162618 	
2.49999097727595 	
1.49999840276245 	
1.49999947022069 	
4.49997799123261 	
2.49998976846947 	
3.99998646220413 	
3.4999879639136 	
2.99998676910116 	
2.99998542181938 	
3.99998036495759 	
4.49997799123261 	
3.49999095873128 	
1.49999721898791 	
3.49998802073519 	
1.49999947022069 	
3.49998588366989 	
3.49998588366989 	
2.99998676910116 	
0 	
3.49998588366989 	
2.99998676910116 	
2.99998676910116 	
4.49998121410406 	
2.99998542181938 	
2.99998676910116 	
2.49999097727595 	
3.99998333162618 	
2.49999161239677 	
3.99998036495759 	
2.99998542181938 	
2.49999161239677 	
4.49998121410406 	
2.99998676910116 	
3.99998333162618 	
1.49999840276245 	
1.49999721898791 	
1.49999947022069 	
