2.99999223268489 	
2.49999553315071 	
0.999999901248782 	
0.999999901248782 	
1.99999577142417 	
0 	
2.49999553315071 	
2.99999223268489 	
1.49999797772616 	
1.49999797772616 	
1.49999713076572 	
2.49999295826888 	
2.99999223268489 	
1.49999947022069 	
2.99999441005303 	
3.49999095873128 	
3.49999095873128 	
2.49999295826888 	
1.49999947022069 	
0 	
1.49999840276245 	
4.49997799123261 	
2.49999097727595 	
1.49999714064841 	
3.99998646220413 	
0 	
3.99998646220413 	
2.49999295826888 	
2.99998750594226 	
0.999999518430837 	
0.999999518430837 	
0 	
2.99999082314658 	
0 	
3.49998802073519 	
1.99999577142417 	
0.999999201347596 	
1.49999721898791 	
1.49999721898791 	
2.49999161239677 	
1.49999840276245 	
3.99998646220413 	
1.49999840276245 	
3.99998325922299 	
0 	
0 	
1.99999433741765 	
1.99999334148607 	
2.99999082314658 	
0 	
2.99999082314658 	
3.4999879639136 	
3.49998588366989 	
0 	
2.99999082314658 	
3.49999095873128 	
2.99998676910116 	
1.49999721898791 	
2.49999097727595 	
1.99999433741765 	
0 	
2.99999082314658 	
2.99999082314658 	
2.99999223268489 	
0.999999201347596 	
1.49999840276245 	
0 	
2.49999295826888 	
1.49999947022069 	
0 	
1.49999840276245 	
4.49997799123261 	
2.49999097727595 	
1.49999714064841 	
3.99998646220413 	
0 	
3.99998646220413 	
2.49999295826888 	
2.99998750594226 	
0.999999518430837 	
0.999999518430837 	
0 	
2.99999082314658 	
0 	
3.49998802073519 	
1.99999577142417 	
0.999999201347596 	
1.49999721898791 	
1.49999721898791 	
2.49999161239677 	
1.49999840276245 	
3.99998646220413 	
1.49999840276245 	
3.99998325922299 	
0 	
0 	
1.99999433741765 	
1.99999334148607 	
2.99999082314658 	
0 	
2.99999082314658 	
3.4999879639136 	
3.49998588366989 	
0 	
2.99999082314658 	
3.49999095873128 	
2.99998676910116 	
1.49999721898791 	
2.49999097727595 	
1.99999433741765 	
0 	
2.99999082314658 	
2.99999082314658 	
2.99999223268489 	
0.999999201347596 	
1.49999840276245 	
0 	
