3.49999095873128 	
3.49999095873128 	
4.49997799123261 	
4.49997799123261 	
4.49997799123261 	
4.49997799123261 	
4.49997799123261 	
4.49997799123261 	
4.49997799123261 	
4.49997799123261 	
4.49997799123261 	
4.49997799123261 	
4.49997799123261 	
4.49997799123261 	
4.49997799123261 	
4.49997799123261 	
4.49997799123261 	
4.49997799123261 	
4.49997799123261 	
4.49997799123261 	
4.49997799123261 	
4.49997799123261 	
4.49997799123261 	
4.49997799123261 	
4.49997799123261 	
4.49997799123261 	
4.49997799123261 	
4.49997799123261 	
4.49997799123261 	
4.49997799123261 	
4.49997799123261 	
4.49997799123261 	
4.49997799123261 	
4.49997799123261 	
4.49997799123261 	
4.49997799123261 	
4.49997799123261 	
4.49997799123261 	
4.49997799123261 	
4.49997799123261 	
4.49997799123261 	
4.49997799123261 	
4.49997799123261 	
4.49997799123261 	
4.49997799123261 	
4.49997799123261 	
4.49997799123261 	
4.49997799123261 	
4.49997799123261 	
4.49997799123261 	
4.49997799123261 	
4.49997799123261 	
4.49997799123261 	
4.49997799123261 	
4.49997799123261 	
4.49997799123261 	
4.49997799123261 	
4.49997799123261 	
4.49997799123261 	
4.49997799123261 	
4.49997799123261 	
4.49997799123261 	
4.49997799123261 	
4.49997799123261 	
4.49997799123261 	
4.49997799123261 	
4.49997799123261 	
4.49997799123261 	
4.49997799123261 	
4.49997799123261 	
4.49997799123261 	
4.49997799123261 	
4.49997799123261 	
4.49997799123261 	
4.49997799123261 	
4.49997799123261 	
4.49997799123261 	
4.49997799123261 	
4.49997799123261 	
4.49997799123261 	
4.49997799123261 	
4.49997799123261 	
4.49997799123261 	
4.49997799123261 	
4.49997799123261 	
4.49997799123261 	
4.49997799123261 	
4.49997799123261 	
4.49997799123261 	
4.49997799123261 	
4.49997799123261 	
4.49997799123261 	
4.49997799123261 	
4.49997799123261 	
4.49997799123261 	
4.49997799123261 	
4.49997799123261 	
4.49997799123261 	
4.49997799123261 	
4.49997799123261 	
4.49997799123261 	
4.49997799123261 	
