0 	
0 	
0 	
0 	
0 	
0 	
0.999999901248782 	
0 	
0 	
0 	
0 	
0 	
0 	
0 	
0 	
0 	
0 	
0 	
0 	
0 	
0 	
0 	
0 	
0 	
0.999999998461784 	
0 	
0 	
0 	
0 	
0 	
0 	
0 	
0 	
0 	
0 	
0 	
0 	
0 	
0 	
0 	
0 	
0 	
0.999999998461784 	
0 	
0.999999998461784 	
0 	
1.49999947022069 	
0 	
0 	
0 	
0 	
0 	
0 	
0 	
0.999999901248782 	
0 	
0 	
0 	
0 	
0 	
0 	
0 	
0 	
0 	
0 	
0 	
0 	
0 	
0 	
1.49999797772616 	
0 	
0 	
0 	
0 	
0 	
0 	
0 	
0 	
0 	
0 	
0 	
0 	
0.999999998461784 	
0 	
0 	
0 	
0 	
0 	
0 	
0 	
0 	
0.999999901248782 	
0 	
0 	
0 	
0 	
0 	
0 	
0 	
0 	
0.999999901248782 	
0 	
0 	
0 	
0 	
0 	
0 	
0 	
0 	
0 	
0 	
0 	
0 	
0 	
0 	
0 	
0 	
0 	
0 	
0 	
0 	
0 	
0 	
0 	
0 	
0 	
0 	
0 	
0 	
0 	
0 	
0 	
0 	
0 	
0 	
0 	
