3.49999095873128 	
3.49999095873128 	
4.49998121410406 	
3.4999879639136 	
3.99998333162618 	
4.49998121410406 	
4.49997799123261 	
2.99998542181938 	
3.99998333162618 	
3.99998333162618
4.49998121410406 	
4.49998121410406 	
3.99998333162618 	
3.99998333162618 	
2.99998896560265 	
4.49998121410406 	
1.49999721898791 	
3.99998333162618 	
4.49997799123261 	
4.49997799123261 	
4.49997799123261 	
0.999999201347596 	
2.99998542181938 	
4.49998121410406 	
1.49999721898791 	
4.49997799123261 	
2.49998976846947 	
3.99998333162618 	
4.49997799123261 	
4.49998121410406 	
3.49998588366989 	
3.99998333162618 	
4.49997799123261 	
4.49997799123261 	
2.49998976846947 	
4.49997799123261 	
4.49997799123261 	
3.99998333162618 	
3.99998333162618 	
3.99998333162618 	
2.49999097727595 	
3.99998333162618 	
3.99998646220413 	
4.49997799123261 	
4.49997799123261 	
4.49997799123261 	
3.99998036495759 	
3.4999879639136 	
3.99998333162618 	
2.99998542181938 	
3.99998333162618 	
2.99998542181938 	
4.49998121410406 	
3.4999879639136 	
3.99998333162618 	
4.49998121410406 	
4.49997799123261 	
2.99998542181938 	
3.99998333162618 	
3.99998333162618 	
4.49998121410406 	
4.49998121410406 	
3.99998333162618 	
3.99998333162618 	
2.99998896560265 	
4.49998121410406 	
1.49999721898791 	
3.99998333162618 	
4.49997799123261 	
4.49997799123261 	
4.49997799123261 	
0.999999201347596 	
2.99998542181938 	
4.49998121410406 	
1.49999721898791 	
4.49997799123261 	
2.49998976846947 	
3.99998333162618 	
4.49997799123261 	
4.49998121410406 	
3.49998588366989 	
3.99998333162618 	
4.49997799123261 	
4.49997799123261 	
2.49998976846947 	
4.49997799123261 	
4.49997799123261 	
3.99998333162618 	
3.99998333162618 	
3.99998333162618 	
2.49999097727595 	
3.99998333162618 	
3.99998646220413 	
4.49997799123261 	
4.49997799123261 	
4.49997799123261 	
3.99998036495759 	
3.4999879639136 	
3.99998333162618 	
2.99998542181938 	
3.99998333162618 	
2.99998542181938 	
