0.999999998461784 	
1.49999714064841 	
0.999999901248782 	
1.9999982500707 	
0 	
0.999999901248782 	
0 	
0.999999901248782 	
0 	
0 	
0 	
2.49999553315071 	
0.999999924484363 	
0.999999901248782 	
0 	
0 	
0 	
1.49999797772616 	
0 	
1.99999907313258 	
1.49999714064841 	
0.999999998461784 	
0.999999998461784 	
1.99999907313258 	
2.49999470641657 	
0 	
1.49999797772616 	
1.49999797772616 	
1.49999797772616 	
0 	
0 	
0.999999901248782 	
1.49999797772616 	
2.99999223268489 	
1.49999947022069 	
0 	
3.49999095873128 	
3.49999095873128 	
2.49999161239677 	
0 	
1.99999484670232 	
2.49999097727595 	
0 	
0 	
3.49998802073519 	
1.99999433741765 	
1.99999433741765 	
0 	
2.9999923205107 	
1.49999840276245 	
0 	
1.49999797772616 	
1.99999484670232 	
1.99999577142417 	
0 	
1.49999797772616 	
3.99998325922299 	
0.999999901248782 	
2.49999470641657 	
0 	
0 	
1.99999334148607 	
1.49999797772616 	
1.49999840276245 	
1.99999433741765 	
0.999999932880625 	
0 	
0.999999924484363 	
0 	
2.49999097727595 	
1.49999947022069 	
0 	
0 	
2.49999295826888 	
0 	
1.49999721898791 	
2.49999295826888 	
2.99999223268489 	
2.49999295826888 	
1.49999840276245 	
2.49999097727595 	
1.99999433741765 	
1.49999721898791 	
2.49999161239677 	
0 	
2.49999097727595 	
0 	
2.99999223268489 	
0 	
0 	
1.99999484670232 	
2.49999097727595 	
0 	
0 	
3.49998802073519 	
1.99999433741765 	
1.99999433741765 	
0 	
2.9999923205107 	
1.49999840276245 	
0 	
1.49999797772616 	
1.99999484670232 	
1.99999577142417 	
0 	
1.49999797772616 	
3.99998325922299 	
0.999999901248782 	
2.49999470641657 	
0 	
0 	
1.99999334148607 	
1.49999797772616 	
1.49999840276245 	
1.99999433741765 	
0.999999932880625 	
0 	
0.999999924484363 	
0 	
2.49999097727595 	
1.49999947022069 	
0 	
0 	
2.49999295826888 	
0 	
1.49999721898791 	
2.49999295826888 	
2.99999223268489 	
2.49999295826888 	
1.49999840276245 	
2.49999097727595 	
1.99999433741765 	
1.49999721898791 	
2.49999161239677 	
0 	
2.49999097727595 	
0 	
2.99999223268489 	
0 	
