1.49999797772616 	
1.49999797772616 	
0 	
0 	
0.999999901248782 	
0 	
1.99999577142417 	
0.999999924484363 	
0.999999998461784 	
0 	
0 	
0 	
0 	
0.999999924484363 	
0.999999901248782 	
0 	
0 	
0 	
2.49999553315071 	
2.49999553315071 	
0.999999998461784 	
0 	
0.999999998461784 	
1.99999907313258 	
0 	
0 	
0 	
0 	
0 	
3.49999095873128 	
3.49999095873128 	
2.49999161239677 	
3.49999095873128 	
2.49999161239677 	
0 	
3.49999095873128 	
0 	
0 	
1.49999840276245 	
3.49998588366989 	
2.99999223268489 	
1.49999713076572 	
1.99999577142417 	
0 	
1.99999577142417 	
0.999999518430837 	
1.49999721898791 	
1.49999721898791 	
0 	
2.99999082314658 	
0 	
0.999999901248782 	
0 	
1.49999721898791 	
0 	
1.99999577142417 	
0.999999518430837 	
2.49999097727595 	
0 	
1.49999713076572 	
2.99998896560265 	
0 	
0 	
1.49999797772616 	
1.99999577142417 	
2.49999295826888 	
1.99999433741765 	
3.49998802073519 	
1.49999797772616 	
0 	
0 	
2.49999295826888 	
0 	
0 	
2.99999441005303 	
0 	
2.49999161239677 	
0 	
0 	
0 	
0.999999901248782 	
0 	
3.49999095873128 	
2.49999161239677 	
0 	
3.49999095873128 	
0 	
0 	
1.49999840276245 	
3.49998588366989 	
2.99999223268489 	
1.49999713076572 	
1.99999577142417 	
0 	
1.99999577142417 	
0.999999518430837 	
1.49999721898791 	
1.49999721898791 	
0 	
2.99999082314658 	
0 	
0.999999901248782 	
0 	
1.49999721898791 	
0 	
1.99999577142417 	
0.999999518430837 	
2.49999097727595 	
0 	
1.49999713076572 	
2.99998896560265 	
0 	
0 	
1.49999797772616 	
1.99999577142417 	
2.49999295826888 	
1.99999433741765 	
3.49998802073519 	
1.49999797772616 	
0 	
0 	
2.49999295826888 	
0 	
0 	
2.99999441005303 	
0 	
2.49999161239677 	
0 	
0 	
0 	
0.999999901248782 	
0 	
