3.49998802073519 	
3.49999095873128 	
3.49999095873128 	
3.99998036495759 	
4.49998121410406 	
4.49997799123261 	
4.49997799123261 	
3.99998333162618 	
2.99998542181938 	
4.49998121410406 	
3.99998333162618 	
2.99998542181938 	
3.49998588366989 	
3.99998333162618 	
4.49998121410406 	
0 	
2.49998976846947 	
3.99998036495759 	
0.999999201347596 	
3.99998036495759 	
2.99998542181938 	
4.49998121410406 	
3.99998333162618 	
4.49997799123261 	
4.49998121410406 	
3.99998646220413 	
3.99998646220413 	
4.49997799123261 	
1.49999721898791 	
3.99998333162618 	
2.99998896560265 	
0 	
3.99998333162618 	
3.99998646220413 	
3.99998646220413 	
1.49999840276245 	
3.99998333162618 	
1.49999721898791 	
2.49998976846947 	
2.99998676910116 	
2.49998976846947 	
4.49997799123261 	
3.99998646220413 	
3.99998325922299 	
3.99998333162618 	
3.4999879639136 	
2.99998676910116 	
3.99998646220413 	
4.49997799123261 	
4.49998121410406 	
4.49997799123261 	
2.99998676910116 	
4.49998121410406 	
3.99998036495759 	
4.49998121410406 	
4.49997799123261 	
4.49997799123261 	
3.99998333162618 	
2.99998542181938 	
4.49998121410406 	
3.99998333162618 	
2.99998542181938 	
3.49998588366989 	
3.99998333162618 	
4.49998121410406 	
0 	
2.49998976846947 	
3.99998036495759 	
0.999999201347596 	
3.99998036495759 	
2.99998542181938 	
4.49998121410406 	
3.99998333162618 	
4.49997799123261 	
4.49998121410406 	
3.99998646220413 	
3.99998646220413 	
4.49997799123261 	
1.49999721898791 	
3.99998333162618 	
2.99998896560265 	
0 	
3.99998333162618 	
3.99998646220413 	
3.99998646220413 	
1.49999840276245 	
3.99998333162618 	
1.49999721898791 	
2.49998976846947 	
2.99998676910116 	
2.49998976846947 	
4.49997799123261 	
3.99998646220413 	
3.99998325922299 	
3.99998333162618 	
3.4999879639136 	
2.99998676910116 	
3.99998646220413 	
4.49997799123261 	
4.49998121410406 	
4.49997799123261 	
2.99998676910116 	
4.49998121410406 	
