0.999999901248782 	
2.99999223268489 	
0.999999901248782 	
0.999999998461784 	
0 	
1.49999947022069 	
0 	
2.99999223268489 	
2.99999082314658 	
0 	
3.49999095873128 	
0.999999901248782 	
1.99999577142417 	
0.999999998461784 	
3.49999095873128 	
3.49999095873128 	
1.49999721898791 	
2.49999097727595 	
3.49999095873128 	
0 	
2.49999295826888 	
3.99998333162618 	
0 	
0 	
1.99999484670232 	
3.49998802073519 	
0 	
3.99998646220413 	
2.49999295826888 	
3.99998646220413 	
4.49998121410406 	
1.49999840276245 	
2.49999097727595 	
2.99998542181938 	
1.49999714064841 	
2.99998542181938 	
1.49999840276245 	
1.49999721898791 	
2.99998676910116 	
1.49999947022069 	
2.49999097727595 	
0 	
2.49998976846947 	
2.99998896560265 	
3.99998333162618 	
0 	
2.99998676910116 	
2.49999295826888 	
3.49999095873128 	
3.99998325922299 	
2.99998542181938 	
2.99998542181938 	
1.49999714064841 	
1.99999334148607 	
3.4999879639136 	
2.99998896560265 	
2.99998896560265 	
3.49998802073519 	
0.999999518430837 	
4.49997799123261 	
2.49998976846947 	
1.99999484670232 	
3.49998802073519 	
4.49998121410406 	
3.99998646220413 	
2.99998676910116 	
1.49999721898791 	
2.49999097727595 	
3.49999095873128 	
0 	
2.49999295826888 	
3.99998333162618 	
0 	
0 	
1.99999484670232 	
3.49998802073519 	
0 	
3.99998646220413 	
2.49999295826888 	
3.99998646220413 	
4.49998121410406 	
1.49999840276245 	
2.49999097727595 	
2.99998542181938 	
1.49999714064841 	
2.99998542181938 	
1.49999840276245 	
1.49999721898791 	
2.99998676910116 	
1.49999947022069 	
2.49999097727595 	
0 	
2.49998976846947 	
2.99998896560265 	
3.99998333162618 	
0 	
2.99998676910116 	
2.49999295826888 	
3.49999095873128 	
3.99998325922299 	
2.99998542181938 	
2.99998542181938 	
1.49999714064841 	
1.99999334148607 	
3.4999879639136 	
2.99998896560265 	
2.99998896560265 	
3.49998802073519 	
0.999999518430837 	
4.49997799123261 	
2.49998976846947 	
1.99999484670232 	
3.49998802073519 	
4.49998121410406 	
3.99998646220413 	
2.99998676910116 	
