0 	
0 	
0 	
0 	
0 	
0 	
0 	
0 	
0 	
0.999999901248782 	
0 	
0 	
0 	
0 	
0 	
0 	
0 	
0 	
0 	
0 	
0.999999901248782 	
0.999999901248782 	
0 	
0 	
0 	
0 	
0 	
0 	
0 	
0 	
0 	
0.999999901248782 	
0 	
0 	
0 	
0 	
0.999999901248782 	
0 	
0 	
0 	
0 	
0 	
0 	
0 	
0 	
0 	
0 	
0 	
0 	
0 	
0 	
0 	
0 	
0.999999901248782 	
0 	
0.999999901248782 	
0.999999998461784 	
0 	
0 	
0 	
0 	
0 	
0 	
0 	
0 	
0 	
0 	
0 	
0 	
0 	
0 	
0 	
0 	
0 	
0 	
0 	
0 	
0.999999998461784 	
0 	
0 	
0 	
0.999999998461784 	
0 	
0 	
0 	
0 	
0 	
0 	
0 	
0 	
0 	
0 	
0 	
0 	
0 	
0 	
0.999999901248782 	
0 	
0 	
