2.49999553315071 	
3.49999095873128 	
3.49999095873128 	
3.49999095873128 	
3.4999879639136 	
3.99998333162618 	
3.99998333162618 	
4.49998121410406 	
2.99998676910116 	
3.99998333162618 	
3.99998325922299 	
2.49999161239677 	
1.49999721898791 	
2.99998676910116 	
1.49999947022069 	
3.49998802073519 	
3.99998036495759 	
4.49997799123261 	
1.49999947022069 	
3.4999879639136 	
1.49999721898791 	
4.49998121410406 	
1.49999947022069 	
2.99998542181938 	
1.49999721898791 	
4.49998121410406 	
2.99998750594226 	
2.99998542181938 	
3.99998333162618 	
3.99998333162618 	
3.99998333162618 	
3.99998333162618 	
4.49998121410406 	
1.99999433741765 	
4.49998121410406 	
4.49998121410406 	
2.99998896560265 	
2.99998676910116 	
3.49999095873128 	
0 	
3.49998588366989 	
4.49997799123261 	
2.49998976846947 	
4.49997799123261 	
3.99998036495759 	
4.49997799123261 	
2.49999295826888 	
2.99998676910116 	
2.99998676910116 	
3.4999879639136 	
4.49998121410406 	
4.49997799123261 	
4.49997799123261 	
0 	
3.4999879639136 	
3.99998333162618 	
3.99998333162618 	
4.49998121410406 	
2.99998676910116 	
3.99998333162618 	
3.99998325922299 	
2.49999161239677 	
1.49999721898791 	
2.99998676910116 	
1.49999947022069 	
3.49998802073519 	
3.99998036495759 	
4.49997799123261 	
1.49999947022069 	
3.4999879639136 	
1.49999721898791 	
4.49998121410406 	
1.49999947022069 	
2.99998542181938 	
1.49999721898791 	
4.49998121410406 	
2.99998750594226 	
2.99998542181938 	
3.99998333162618 	
3.99998333162618 	
3.99998333162618 	
3.99998333162618 	
4.49998121410406 	
1.99999433741765 	
4.49998121410406 	
4.49998121410406 	
2.99998896560265 	
2.99998676910116 	
3.49999095873128 	
0 	
3.49998588366989 	
4.49997799123261 	
2.49998976846947 	
4.49997799123261 	
3.99998036495759 	
4.49997799123261 	
2.49999295826888 	
2.99998676910116 	
2.99998676910116 	
3.4999879639136 	
4.49998121410406 	
4.49997799123261 	
4.49997799123261 	
0 	
