3.49999095873128 	
3.49999095873128 	
4.49997799123261 	
4.49997799123261 	
3.99998333162618 	
4.49997799123261 	
3.99998333162618 	
4.49997799123261 	
4.49997799123261 	
4.49997799123261 	
4.49997799123261 	
4.49997799123261 	
3.99998333162618 	
4.49997799123261 	
4.49997799123261 	
4.49997799123261 	
4.49997799123261 	
2.99998676910116 	
4.49997799123261 	
4.49998121410406 	
3.99998333162618 	
4.49997799123261 	
4.49997799123261 	
4.49997799123261 	
4.49997799123261 	
3.99998333162618 	
3.99998333162618 	
4.49997799123261 	
4.49997799123261 	
4.49998121410406 	
1.49999721898791 	
4.49997799123261 	
2.99998676910116 	
4.49997799123261 	
3.99998333162618 	
4.49997799123261 	
4.49997799123261 	
4.49997799123261 	
4.49997799123261 	
4.49997799123261 	
4.49997799123261 	
4.49997799123261 	
4.49997799123261 	
4.49997799123261 	
4.49997799123261 	
4.49997799123261 	
1.49999721898791 	
4.49997799123261 	
4.49997799123261 	
4.49997799123261 	
4.49997799123261 	
2.99998676910116 	
4.49997799123261 	
4.49997799123261 	
3.99998333162618 	
4.49997799123261 	
3.99998333162618 	
4.49997799123261 	
4.49997799123261 	
4.49997799123261 	
4.49997799123261 	
4.49997799123261 	
3.99998333162618 	
4.49997799123261 	
4.49997799123261 	
4.49997799123261 	
4.49997799123261 	
2.99998676910116 	
4.49997799123261 	
4.49998121410406 	
3.99998333162618 	
4.49997799123261 	
4.49997799123261 	
4.49997799123261 	
4.49997799123261 	
3.99998333162618 	
3.99998333162618 	
4.49997799123261 	
4.49997799123261 	
4.49998121410406 	
1.49999721898791 	
4.49997799123261 	
2.99998676910116 	
4.49997799123261 	
3.99998333162618 	
4.49997799123261 	
4.49997799123261 	
4.49997799123261 	
4.49997799123261 	
4.49997799123261 	
4.49997799123261 	
4.49997799123261 	
4.49997799123261 	
4.49997799123261 	
4.49997799123261 	
4.49997799123261 	
1.49999721898791 	
4.49997799123261 	
4.49997799123261 	
4.49997799123261 	
4.49997799123261 	
2.99998676910116 	
