0 	
0 	
0 	
1.49999980424771 	
0.999997520552696 	
0 	
0 	
0 	
0.999998905533303 	
0 	
0.999999944759689 	
0 	
0 	
0 	
0 	
0 	
0 	
1.99999365691226 	
0 	
0.999997767409885 	
0 	
0 	
0 	
1.9999991149075 	
0 	
1.49999860311264 	
0 	
3.74999851039641 	
2.49999768200875 	
0 	
0 	
0 	
4.4999969719052 	
0 	
1.99999900162489 	
0 	
0 	
0 	
0 	
0 	
0 	
0 	
0 	
0 	
2.74999689842802 	
1.99999906505268 	
0 	
0 	
0 	
0 	
0 	
0 	
1.49999876307492 	
0 	
0 	
3.99999616480853 	
4.4999969719052 	
3.12499757404252 	
0 	
0 	
0 	
0 	
1.49999955366899 	
0 	
0 	
0 	
0.999999674307175 	
0 	
1.99999925212376 	
3.99999799924455 	
2.49999817501565 	
0 	
1.9999988758026 	
0 	
0 	
0 	
0.999999481250932 	
1.4999994342632 	
4.4999969719052 	
0.999999874489039 	
1.99999910565601 	
0 	
1.99999869184068 	
2.49999919311041 	
0 	
1.99999869184068 	
0.999999320815288 	
0.999999674307175 	
2.49999875736744 	
1.99999882108138 	
1.99999860628519 	
2.49999817501565 	
0 	
0.999999674307175 	
1.99999928715706 	
3.24999717694497 	
0 	
1.99999937108649 	
3.74999660997534 	
3.49999821435064 	
0 	
0 	
0 	
0.999999674307175 	
0 	
0 	
0 	
0 	
0 	
2.74999798517816 	
0 	
2.49999891245292 	
0 	
0 	
2.74999875983132 	
1.99999910565601 	
3.499997357648 	
1.99999913289273 	
0.999999358698125 	
0 	
