0 	
0 	
2.99998812412358 	
0 	
3.99998821868596 	
1.9999923702746 	
2.49999085975289 	
1.49999225958783 	
2.49999679323253 	
0.999999358698125 	
1.99999788105946 	
5.06249286834109 	
2.49999802369455 	
1.49999876307492 	
0.999999632186113 	
4.24999674005396 	
2.49999658005143 	
1.4999994342632 	
3.74999466600512 	
0 	
4.81249267768232 	
4.4999920667065 	
5.99999250225154 	
2.49999802398571 	
4.08332938036486 	
5.90624099259836 	
1.49999830080934 	
4.12499497457077 	
3.49999710779926 	
2.9999962277316 	
4.24999547840469 	
4.24999682675684 	
6.74998777109523 	
7.49998848314409 	
2.49999760690388 	
2.9999983431724 	
2.99999716913029 	
7.06248811658501 	
3.49999755169182 	
3.99999624962798 	
5.99999197250703 	
3.7499952948088 	
6.24999050295347 	
5.24999449198936 	
1.4999991831514 	
3.49999604804419 	
2.49999820060182 	
4.74999471685074 	
6.49999223715811 	
0.999998905533304 	
1.99999788105946 	
0.999999075432228 	
6.49999193247479 	
0 	
6.74999199398301 	
6.99999300645163 	
4.49999393895937 	
1.9999986200448 	
6.24999088325908 	
0 	
3.74999604432589 	
3.24999830515615 	
5.24999372296071 	
4.74999128484778 	
3.74999772030152 	
7.31248987831395 	
4.31249498761871 	
1.9999988840633 	
3.9999969127622 	
1.99999761363494 	
6.49999031790733 	
3.99999687146036 	
2.24999598915344 	
4.74999508261085 	
3.99999559128619 	
1.9999981710566 	
1.49999876307492 	
2.74999695421992 	
0 	
3.87499489112678 	
4.99999231988723 	
4.74999649441835 	
0 	
7.2499913874982 	
2.99999758609538 	
0 	
1.49999876307492 	
3.62499479588974 	
5.49999419530557 	
2.49999734690215 	
4.99999190494423 	
5.99999250724061 	
3.49999663703507 	
2.99999573040695 	
3.49999716606242 	
2.74999602528917 	
3.49999862848395 	
4.24999453353825 	
5.49999351661235 	
3.49999687195746 	
4.49999419332671 	
2.99999742085321 	
1.99999799179563 	
0 	
1.9999983343817 	
3.74999608526027 	
3.7499982255756 	
6.24999235963706 	
1.49999819346348 	
0 	
