0.999999834909781 	
1.99999403765733 	
2.4999930825757 	
2.99999072973683 	
0.999998905533304 	
0.999998609333551 	
0 	
1.99999728236721 	
1.49999769690853 	
0 	
0 	
2.49999892545067 	
3.08333014635682 	
1.49999860311264 	
1.49999924937879 	
6.49999191026232 	
3.24999717694497 	
0 	
1.99999827113573 	
5.24999475064913 	
1.49999980424771 	
2.74999756007185 	
0 	
0 	
1.49999830080934 	
3.49999782032733 	
4.24999615447907 	
0 	
1.99999935032798 	
2.74999823660233 	
1.99999882108138 	
1.49999830080934 	
0 	
0 	
2.49999870895835 	
0 	
2.74999697868464 	
0 	
1.9999986200448 	
3.49999677827782 	
1.99999868409949 	
2.99999876701519 	
3.12499757404253 	
4.49999565591977 	
0 	
2.7499962896887 	
4.24999511858374 	
5.49999403803025 	
0 	
3.99999719258118 	
1.4999989542961 	
0.999999075432228 	
0 	
5.49999363472665 	
0 	
2.74999726695012 	
6.24999449180542 	
1.49999876307492 	
0 	
6.24999147288829 	
1.49999980424771 	
3.49999636475662 	
2.74999781946231 	
5.62499330426706 	
4.74999661770454 	
2.74999819906681 	
3.58332976028974 	
0 	
1.99999827113573 	
0 	
2.49999761729353 	
1.99999926437223 	
5.24999386379141 	
5.49999492918531 	
0.999999358698125 	
0.999999075311881 	
2.74999823660233 	
7.49998769517174 	
1.99999910565601 	
3.99999731192329 	
3.99999624101808 	
1.4999989542961 	
3.99999703704351 	
1.99999828186452 	
0 	
2.74999735523939 	
4.49999652652779 	
2.9999981781733 	
2.74999875983132 	
4.49999571903139 	
0 	
3.12499856831199 	
3.99999593942588 	
2.08333165080448 	
3.49999677161523 	
1.99999828873557 	
0 	
0 	
5.99999178330375 	
2.49999817501565 	
3.99999788927418 	
0 	
4.24999661788745 	
0 	
0.999999955750158 	
1.99999857684425 	
2.74999735523939 	
2.74999736029981 	
0 	
0 	
3.49999713725521 	
