1.99999891040804 	
1.49999470084175 	
2.74999241777795 	
1.9999945642394 	
2.49999294327237 	
0 	
2.49999205597664 	
1.74999468182188 	
1.99999403765733 	
2.49999245548098 	
0 	
1.99999659551863 	
4.24999685103762 	
3.74999624200557 	
3.49999833761148 	
3.74999780596388 	
0.999999625291197 	
3.49999765027731 	
2.99999548314472 	
2.49999820222512 	
3.99999656134682 	
3.12499804123177 	
4.99999559264848 	
3.24999862869159 	
1.99999815449391 	
1.99999719818003 	
0.999998905533304 	
0 	
0.999999481250932 	
2.4999984227812 	
2.99999742804768 	
4.49999395763122 	
4.12499622681232 	
4.24999601982825 	
2.99999895380229 	
2.49999887709386 	
6.12499240590094 	
4.2499960277754 	
5.49999403803025 	
5.74999036690538 	
4.74999382528499 	
0 	
0.999999362001564 	
4.24999713050168 	
0 	
4.24999457239178 	
3.24999664047585 	
3.99999581393467 	
4.49999565591977 	
5.49999397812657 	
4.9999941142242 	
0 	
0 	
3.7499960249802 	
4.24999534486899 	
2.49999840848296 	
0 	
5.40624382945579 	
0.999999632186113 	
1.99999925212376 	
3.87499416350718 	
3.74999543439722 	
3.99999779730483 	
1.99999934577324 	
4.99999357128388 	
3.31249509430674 	
3.74999704062235 	
3.49999618593374 	
0 	
0 	
0 	
2.99999895380229 	
4.74999636191909 	
3.99999692090466 	
3.99999529729889 	
2.99999846823145 	
3.99999731192329 	
0 	
3.99999703704351 	
2.74999781946231 	
2.49999775983248 	
2.99999704955538 	
4.24999451596342 	
0 	
3.49999717170586 	
2.99999836630281 	
0 	
4.9999931162988 	
6.62498917857048 	
5.49999380875492 	
3.99999458426867 	
2.99999770292916 	
3.99999545420539 	
1.99999827113573 	
4.49999450473242 	
1.99999882108138 	
1.99999756874787 	
5.98262836509612 	
2.49999840848296 	
5.499992369834 	
1.9999991149075 	
2.49999891245292 	
3.08333096428697 	
0.999999151454652 	
7.53123859055856 	
1.99999855034662 	
0 	
4.08332884073619 	
6.49998956105302 	
4.49999529744195 	
0 	
3.49999634449634 	
4.74999656736122 	
0.999999834909781 	
4.24999534486899 	
2.74999875983132 	
3.58332976028974 	
3.47916303364921 	
2.74999823660233 	
5.49999388261028 	
2.7499978714374 	
1.49999860311264 	
0.999999151454652 	
0 	
5.49999371707074 	
3.49999710779926 	
4.2499954160916 	
2.7499978714374 	
1.4999989542961 	
2.7499978714374 	
2.58333113506653 	
3.31249796953353 	
5.49999369265801 	
0.999999625291197 	
2.74999788667357 	
1.9999983029093 	
1.99999816560928 	
4.2499959942168 	
0.999999481250932 	
5.7499921062981 	
2.74999625895924 	
1.99999750195706 	
4.74999610153781 	
0.999998695540421 	
1.49999830080934 	
3.49999782032733 	
3.99999687146036 	
0.999999481250932 	
4.49999700526166 	
1.99999745274993 	
1.9999981544939 	
2.9999979085922 	
0 	
0.999999481250932 	
3.74999583907002 	
4.49999460750908 	
1.9999981544939 	
2.99999660161867 	
0.999999481250932 	
0 	
2.49999734690215 	
5.7499921062981 	
4.74999567382361 	
4.49999615045284 	
4.24999255535314 	
3.87499207294239 	
6.49999221962431 	
2.49999777484543 	
4.74999456985225 	
1.99999882108138 	
4.12499379972232 	
3.24999862869159 	
4.24999509409661 	
1.49999875378739 	
0.999999151454652 	
3.12499588547944 	
2.99999682990813 	
0 	
1.99999910565601 	
2.99999681645478 	
4.62499515912205 	
2.99999895380229 	
0.999999320815288 	
2.99999879693616 	
4.58332973420825 	
3.24999557042623 	
3.99999490297731 	
0 	
3.49999746964854 	
2.74999737106367 	
1.99999816560928 	
3.58333105530581 	
0.999999190685501 	
2.99999851404902 	
5.62499122764245 	
2.74999639802741 	
2.49999820060182 	
3.31249706026587 	
4.74999569376166 	
6.99998866397017 	
2.74999626358476 	
2.99999764431886 	
5.58332787980578 	
4.49999571903139 	
2.49999880487935 	
2.49999657101613 	
0 	
3.99999677391799 	
1.99999900820924 	
4.49999653184584 	
3.0833311574417 	
3.24999665271305 	
