4.87498676719161 	
3.99998832878847 	
2.4999874581943 	
1.99999011351427 	
4.43748538791982 	
0.999995641431636 	
2.99998906740654 	
0 	
1.99999405308014 	
4.49997830685441 	
5.74999217301951 	
7.49998220258278 	
4.24999411694531 	
3.49999663703507 	
4.24999597503441 	
6.4999894659667 	
3.24999665271305 	
7.12498905214795 	
6.81249065605763 	
7.24998985598047 	
2.99999511712692 	
3.49999463849507 	
6.49998908176973 	
4.24999583786729 	
7.49998801069431 	
4.74999508261085 	
6.24998905583296 	
5.24999211822469 	
6.99998935804211 	
3.99999544542542 	
6.24999186744061 	
5.6249883641609 	
6.24999190193428 	
4.12499218953764 	
2.99999580154976 	
7.24998981841199 	
4.74999215812302 	
2.99999591431822 	
7.24999174333704 	
4.37499416355569 	
3.74999397649223 	
5.99999110349327 	
3.49999355077105 	
2.49999820060182 	
8.24998646637628 	
5.99998986606618 	
6.65623710195875 	
3.49999690018775 	
5.74999290437104 	
6.49999008056104 	
4.74999389948069 	
3.24999531782871 	
2.49999761729353 	
6.24999124203622 	
5.24999243902683 	
2.74999611676873 	
6.49998843897801 	
2.7499963944606 	
2.99999720622528 	
6.99998655034255 	
6.74998999608104 	
5.24999344195666 	
7.06248854706128 	
6.87498702309567 	
6.24998974335525 	
4.49999314693839 	
7.49998668215854 	
2.74999689842802 	
0.999999075311881 	
8.15623467079071 	
3.49999491573553 	
3.7499982255756 	
7.49998635365018 	
5.74999153760743 	
6.70832340786707 	
4.99999465618862 	
5.40623984919533 	
4.24999642469543 	
4.49999314693839 	
6.1249894692547 	
5.12499182092639 	
4.24999213209821 	
4.24999193874988 	
4.81249169924984 	
5.249991669101 	
4.24999547840469 	
1.99999827113573 	
7.2499901580325 	
5.74998800185289 	
8.15623459257325 	
0.999999075311881 	
4.74999361066668 	
3.99999575460045 	
6.24999041533555 	
5.99999364473143 	
6.56248953546495 	
5.4062420045803 	
7.12498897336291 	
6.99998942872863 	
5.40623951641234 	
4.31249370799081 	
7.1874879575735 	
6.49998820120074 	
5.49999312174155 	
3.9999950212524 	
3.74999443962109 	
6.24999000404669 	
4.37499199329131 	
6.74998610122519 	
7.49998572065674 	
