0 	
0 	
0.999999955750158 	
0 	
0 	
0 	
0 	
0 	
1.49999959300891 	
0 	
0.999998905533303 	
0 	
0.999998905533303 	
0 	
1.99999773958737 	
0 	
0 	
0 	
1.49999745535282 	
0 	
0 	
0 	
1.99999970759252 	
0 	
2.99999911337028 	
0 	
0 	
0 	
0 	
0 	
0 	
2.4999984227812 	
1.99999910565601 	
0.999999834909781 	
0 	
0 	
0 	
0 	
0 	
0 	
0 	
2.74999823660233 	
2.49999919311041 	
0 	
0 	
0 	
0 	
0 	
0 	
1.49999945202234 	
0 	
1.99999928715706 	
1.99999970759252 	
0 	
1.99999925212376 	
0 	
1.99999925212376 	
2.49999802369455 	
0 	
0 	
1.99999913289273 	
0 	
0 	
0 	
0 	
0 	
0 	
0 	
0 	
0 	
2.99999851404902 	
1.4999991831514 	
0 	
1.99999926941578 	
0 	
0 	
0 	
0 	
0 	
0 	
0.999999955750158 	
1.4999991831514 	
0 	
0 	
2.99999798140059 	
0 	
0.999999955750158 	
0.999999834909781 	
0 	
0 	
1.99999947251054 	
0 	
1.99999860628519 	
0 	
0 	
0 	
0 	
0 	
0 	
0 	
0 	
0 	
0.999999674307175 	
0 	
0 	
0 	
0.999999834909781 	
1.9999991149075 	
0.999999481250932 	
1.4999991831514 	
1.99999925212376 	
0.999999834909781 	
0 	
0 	
0.999999632186113 	
1.99999928715706 	
2.74999875983132 	
0 	
0 	
0 	
1.99999947251054 	
0 	
