2.16666091308815 	
0.999998905533303 	
2.99999229180379 	
0.999999955750158 	
0.99999734922384 	
0 	
1.49999751808435 	
1.99999760993197 	
0 	
1.99999697901008 	
2.49999891245292 	
1.49999955366899 	
0.999999625291197 	
0.999999674307175 	
1.99999869184068 	
1.99999910565601 	
2.74999874698677 	
3.49999821435064 	
2.99999773906073 	
3.74999817267008 	
0.999999955750158 	
1.99999857364962 	
2.99999822086715 	
1.99999910565601 	
0.999999481250932 	
0 	
1.4999991831514 	
1.49999980424771 	
0 	
1.99999857684425 	
0.999999834909781 	
0.999999320815288 	
0 	
1.49999875378739 	
3.24999717694497 	
3.99999703704351 	
0 	
2.7499972938257 	
1.99999925212376 	
4.12499671212091 	
4.99999471047462 	
3.24999694972284 	
3.99999547077773 	
0 	
0 	
0 	
0.999999075432228 	
1.99999857364962 	
0 	
0.999999358698125 	
1.99999910565601 	
0 	
0.999999632186113 	
1.99999778785243 	
1.99999882108138 	
3.49999826699734 	
0.999999362001564 	
2.99999772204389 	
0 	
3.40624631308803 	
4.49999749749811 	
0 	
3.99999765925407 	
0.999999632186113 	
2.74999735523939 	
0 	
0 	
0 	
2.9999979085922 	
0.999999632186113 	
1.49999830080934 	
2.58333028107852 	
5.24999492250248 	
1.49999830080934 	
3.99999629805137 	
0 	
0 	
2.99999879693616 	
2.74999752714352 	
0 	
1.49999959300891 	
0 	
0 	
2.58333052409053 	
0 	
1.99999934577324 	
1.4999989542961 	
0 	
4.49999565591977 	
2.58333196609641 	
3.12499650258899 	
2.9999983431724 	
1.99999966981956 	
4.24999660229773 	
1.99999874315373 	
3.99999687146036 	
0 	
0.999999151454652 	
4.99999603809674 	
2.7499972938257 	
1.99999934577324 	
0 	
0 	
0 	
0 	
2.7499980164423 	
1.99999896250186 	
0 	
0 	
2.74999913261436 	
