0 	
0 	
0 	
0 	
0 	
0 	
0 	
0 	
0 	
0 	
0.999999955750158 	
0 	
0.999999834909781 	
0 	
0 	
0 	
0 	
1.99999906505268 	
0 	
0 	
0 	
0 	
0 	
0 	
0 	
0 	
1.99999935032798 	
0 	
0 	
0 	
0 	
0 	
0 	
0.999999955750158 	
0 	
0 	
0 	
0 	
0 	
0 	
0 	
0 	
0 	
0 	
0 	
0 	
0 	
0 	
0 	
0 	
0 	
0.999999955750158 	
0 	
0 	
0 	
0 	
0 	
0 	
0 	
0 	
0 	
0 	
0 	
0 	
0 	
0 	
0 	
0 	
0 	
0 	
0.999999955750158 	
0 	
0 	
0 	
0 	
0 	
1.49999980424771 	
0 	
0 	
0 	
1.99999937108649 	
0 	
0 	
0 	
0 	
0 	
0 	
0 	
0 	
0 	
0 	
0 	
0 	
0 	
1.49999980424771 	
0 	
0 	
0 	
0 	
0 	
0 	
0 	
0 	
0 	
1.49999955366899 	
0 	
1.99999925212376 	
0 	
1.49999945202234 	
0 	
0 	
0 	
0.999999674307175 	
