2.99998456974933 	
2.4999954688772 	
1.49999445959429 	
0 	
1.99999198845062 	
2.49999789767298 	
1.49999706499165 	
0 	
3.49998624077151 	
2.49999018214109 	
6.24999195434986 	
6.24999133777999 	
0.999999075311881 	
3.49999680322124 	
2.99999813051344 	
1.99999860628519 	
3.99999702361848 	
3.49999763222752 	
1.99999845039107 	
5.99999024981524 	
0.999999674307175 	
1.99999868409949 	
3.99999369150501 	
3.12499650836716 	
5.74999458981808 	
0.999998905533304 	
3.99999739759004 	
1.49999910692811 	
0 	
4.49999574595507 	
1.99999906505268 	
5.49999170275319 	
0.999999834909781 	
2.58333196609641 	
2.99999638692696 	
1.4999989542961 	
2.74999697868464 	
5.49999546604478 	
5.49999192160236 	
0 	
2.74999700393145 	
7.37498829250439 	
0 	
3.99999719258118 	
3.49999738676949 	
5.9999937466667 	
1.99999882108138 	
0.999998905533304 	
2.49999802369455 	
4.81249594332733 	
0 	
3.9999958468618 	
2.4999969801509 	
6.24999333232827 	
3.49999564905565 	
3.22916330549788 	
2.99999895496878 	
3.74999712520727 	
3.99999507099184 	
1.99999761588545 	
2.49999887709386 	
0.999998750375256 	
3.99999631746032 	
3.24999593160372 	
5.49999301152916 	
0 	
5.49999367986851 	
4.49999663318808 	
3.12499709410959 	
4.24999554399818 	
4.74999509983461 	
1.99999910565601 	
5.08332807040033 	
5.49999579613634 	
3.99999574494672 	
2.49999689109749 	
0 	
5.99999197250703 	
5.24999541834125 	
6.24999226756654 	
1.99999966981956 	
2.74999664811152 	
5.18749272242989 	
4.74999442044743 	
3.24999717694497 	
2.99999786163411 	
0 	
3.49999622915338 	
6.49999175499007 	
4.24999379893457 	
5.99999280234851 	
3.08333055680728 	
0 	
3.49999782032733 	
3.49999741804455 	
1.99999906630023 	
6.8749905775349 	
4.49999530604894 	
1.9999981544939 	
3.99999516509157 	
2.99999846049646 	
6.7499910042348 	
1.49999832933329 	
0.999999075311881 	
5.62499285778667 	
1.99999926437223 	
4.49999538486251 	
1.99999928715706 	
5.24999457415964 	
6.7499907520218 	
