0 	
0.99999734922384 	
2.87499471292243 	
0 	
0.999998750375256 	
1.99999697901012 	
0 	
0 	
0.999999955750158 	
3.99999025894932 	
2.99999793868579 	
0.999999481250932 	
5.49999385253522 	
3.49999684572717 	
1.49999945202234 	
5.74999445764603 	
4.74999451665646 	
0 	
0 	
4.74999610153781 	
2.74999874698677 	
3.99999630981643 	
1.99999855034662 	
0.999999190685501 	
4.49999711625434 	
0 	
0 	
1.4999989542961 	
0 	
0 	
3.24999608982125 	
1.9999981544939 	
1.99999857684425 	
2.49999823700336 	
0 	
2.49999836895363 	
7.49999117782727 	
0 	
0 	
0 	
2.49999892545067 	
0.999999481250932 	
1.99999882108138 	
2.49999891245292 	
2.49999802369455 	
3.49999730955248 	
3.99999677391799 	
0 	
4.24999545990967 	
1.99999882108138 	
3.99999705973606 	
1.99999788105946 	
0 	
0.999999632186113 	
6.24999241959214 	
0 	
0.999999674307175 	
3.12499887130974 	
4.49999749749811 	
2.49999887709386 	
0 	
0 	
6.2499898740164 	
3.49999782946947 	
1.49999853159738 	
2.74999823660233 	
1.99999783596931 	
4.99999448859978 	
2.58333052409053 	
1.99999882108138 	
1.99999918908834 	
4.12499671212091 	
3.7499963170816 	
2.99999666380129 	
4.99999473810851 	
3.31249692989146 	
3.74999772030151 	
1.49999945202234 	
1.49999830080934 	
5.24999593832909 	
0.999999955750158 	
1.99999928715706 	
5.24999644287764 	
5.9999933041036 	
0.999999632186113 	
4.31249601996347 	
3.12499737712998 	
7.99998782314252 	
4.74999691902283 	
1.99999857684425 	
0.999999625291197 	
4.74999472327149 	
4.24999596375482 	
0 	
0.999999362001564 	
1.99999925212376 	
3.99999726798535 	
2.74999798517816 	
1.99999905789065 	
0.999999320815288 	
3.99999630981643 	
4.74999569376166 	
3.08332878224481 	
0 	
4.24999358023851 	
3.24999716069396 	
0 	
2.99999716913029 	
1.99999798262039 	
1.9999981420405 	
