1.99999406255729 	
3.74999360898858 	
2.99998852788344 	
2.74999103164495 	
2.49999323029276 	
0.999996328219655 	
3.87498625944808 	
1.99998975245045 	
2.99999274492232 	
1.74999696178615 	
1.74999785042716 	
5.49999418747761 	
3.24999429423178 	
4.74999397052471 	
3.49999683224808 	
5.24999230045603 	
5.9999917384687 	
1.49999876307492 	
1.99999761363494 	
5.08332581785983 	
8.2499881463093 	
3.74999706738817 	
2.49999689109749 	
7.37499115568392 	
3.87499417777801 	
6.31249352011378 	
5.90624174218696 	
3.24999593160372 	
5.99998881456326 	
4.24999513112003 	
5.33332548864281 	
2.49999734690215 	
4.9999941099868 	
6.12499069140949 	
1.74999891107388 	
5.24999303978843 	
2.99999681645478 	
7.87498813402457 	
1.87499820575276 	
1.49999955366899 	
7.58332199322722 	
6.24998950380845 	
1.96874689579691 	
4.74999438379464 	
4.24999411012226 	
6.7499903900029 	
5.49999500555998 	
5.37499114014966 	
4.49999688746406 	
2.99999697356718 	
4.37499301958896 	
0.999999075432228 	
2.99999779338625 	
5.49999411579211 	
5.7499922566612 	
3.24999665271305 	
3.49999738676949 	
6.24998860764772 	
5.99999208912229 	
4.99999560904219 	
0 	
4.66665999451649 	
5.31249172042232 	
6.33332512271342 	
1.49999830080934 	
0 	
2.99999697356718 	
3.74999621019508 	
7.56248509456222 	
0 	
7.49998555748855 	
4.49999338804935 	
3.49999826699734 	
4.99999436766093 	
4.24999316872844 	
5.24999427021415 	
5.24999363366774 	
4.49999395763122 	
2.9999960459656 	
6.37499282686882 	
5.24999227198127 	
5.62499089217146 	
0.999999358698125 	
4.49999509376321 	
1.9999972186671 	
8.42186100422578 	
0.999999632186113 	
4.74999410743666 	
5.90624089653674 	
1.99999798262039 	
1.49999876307492 	
3.74999642264453 	
4.24999307252875 	
1.74999802114021 	
5.9062423481465 	
3.9999943836393 	
3.5833278788268 	
4.24999240767958 	
6.87498937248935 	
5.49999216298187 	
6.99998965376393 	
5.24999436965121 	
1.99999670479699 	
1.49999832933329 	
2.99999846823145 	
5.24999492250248 	
6.24999036984172 	
7.37498548129827 	
4.49999275251518 	
5.5833256789763 	
