0.999999955750158 	
0 	
0 	
0 	
0 	
0.999999990390798 	
0 	
0 	
0 	
0.999998750375256 	
1.49999706499165 	
0 	
0 	
0 	
0 	
2.49999877460627 	
1.49999945202234 	
0 	
0 	
2.49999887709386 	
0.999999481250932 	
1.99999925212376 	
0.999999674307175 	
0 	
0 	
0 	
1.99999925212376 	
3.08333163357222 	
0 	
0 	
0 	
0 	
0 	
1.99999935032798 	
0 	
0 	
0 	
0 	
0 	
0 	
2.99999879693616 	
0 	
0 	
1.99999928715706 	
0 	
2.99999879693616 	
2.74999900128058 	
0 	
0 	
0 	
1.99999970759252 	
1.99999928715706 	
0 	
0.999999955750158 	
0 	
0.999999632186113 	
1.99999910565601 	
0 	
0 	
0.999999481250932 	
1.49999980424771 	
0 	
0.999999703628503 	
1.99999869184068 	
0.999999834909781 	
0 	
0 	
0.999999674307175 	
1.99999970759252 	
0 	
0 	
3.74999608526027 	
0 	
1.99999918908834 	
0.999999834909781 	
1.99999925212376 	
0 	
0 	
0 	
0 	
0 	
0 	
0 	
0 	
0 	
1.49999945202234 	
1.99999910565601 	
0 	
0.999999955750158 	
0.999999834909781 	
2.99999895380229 	
0 	
0 	
1.9999986200448 	
0 	
0 	
0 	
1.99999857364962 	
1.9999991149075 	
0 	
0 	
0 	
0.999999674307175 	
0 	
1.99999906505268 	
0.999999834909781 	
0 	
0 	
0 	
0 	
1.4999991831514 	
0 	
1.99999925212376 	
1.99999970759252 	
