1.49999945202234 	
0 	
0.99999985379626 	
0.99999985379626 	
0 	
1.49999945202234 	
0 	
0.99999962606188 	
0 	
0 	
0 	
0 	
0 	
0.999999674307175 	
0 	
0 	
0 	
0.999999834909781 	
0 	
0.999999674307175 	
0 	
1.49999955366899 	
0 	
0 	
1.99999944585635 	
0 	
0 	
0 	
1.99999934861435 	
0.999999552828005 	
1.49999980424771 	
0 	
0 	
0 	
0.999999632186113 	
0 	
0 	
0 	
0 	
0 	
0.999999552828005 	
0 	
0.999999955750158 	
2.9999989755954 	
0 	
0.999999674307175 	
0 	
0 	
1.99999944585635 	
0 	
0 	
0 	
0.999999685543246 	
0.999999674307175 	
0.999999632186113 	
0 	
0 	
0 	
0 	
0 	
0 	
0.999999834909781 	
0 	
0 	
2.49999931067901 	
0 	
0 	
2.49999931067901 	
1.49999945202234 	
0 	
0 	
0.999999955750158 	
0 	
0 	
0.99999985379626 	
0.999999955750158 	
0 	
0.999999955750158 	
0 	
0.999999834909781 	
0 	
0 	
0 	
0 	
0 	
0 	
0 	
0.999999955750158 	
0 	
1.99999944585635 	
0.999999685543246 	
0.999999834909781 	
0 	
0 	
0.999999955750158 	
0 	
0.99999985379626 	
0 	
0 	
0.999999674307175 	
0.99999962606188 	
0 	
0 	
0.999999834909781 	
0 	
0 	
0.999999685543246 	
0.999999674307175 	
0 	
0.999999834909781 	
0 	
0 	
0 	
1.49999955366899 	
0 	
0.999999955750158 	
0 	
0.999999685543246 	
0 	
0 	
0 	
2.49999892545067 	
0 	
0 	
0 	
0.999999674307175 	
0.999999955750158 	
0 	
0 	
0.99999962606188 	
0 	
0.999999955750158 	
0 	
0 	
0 	
0 	
0 	
0 	
0.999999834909781 	
0.999999834909781 	
0 	
0 	
0 	
0 	
0 	
0 	
0 	
0 	
0 	
0.999999955750158 	
0 	
0 	
0.99999962606188 	
0 	
0 	
0.99999962606188 	
0 	
0 	
0 	
0 	
0.999999955750158 	
3.49999805181025 	
0 	
0 	
0 	
0 	
1.99999937108649 	
0 	
0 	
0 	
0.999999955750158 	
0 	
0 	
0 	
0 	
0 	
0 	
0 	
0 	
0 	
0 	
0.999999955750158 	
0.999999552828005 	
0 	
0 	
0 	
0 	
0.99999985379626 	
0 	
1.49999945202234 	
0 	
1.99999928958687 	
0 	
0 	
0.999999674307175 	
1.49999945202234 	
1.99999944585635 	
0 	
0 	
0 	
0 	
1.49999955366899 	
0 	
0 	
0 	
1.49999980424771 	
0 	
0.999999481250932 	
0 	
0.999999955750158 	
0 	
0 	
0 	
0 	
