0.99999985379626 	
1.99999890401956 	
1.49999980424771 	
1.99999937108649 	
0 	
2.49999892545067 	
0 	
1.99999937108649 	
0.999999632186113 	
0 	
0.999999552828005 	
0 	
0 	
0 	
0.999999834909781 	
0 	
0.999999834909781 	
0.999999955750158 	
0 	
0.999999685543246 	
0.999999834909781 	
1.49999980424771 	
1.99999925212376 	
0 	
0 	
2.49999868368493 	
0.999999632186113 	
0 	
0 	
0.99999962606188 	
1.99999934861435 	
1.4999991831514 	
0 	
0.999999955750158 	
0.999999674307175 	
0.999999955750158 	
1.49999945202234 	
0 	
0.999999834909781 	
0 	
0.999999955750158 	
1.99999928958687 	
0 	
0.999999834909781 	
0 	
1.99999937108649 	
0 	
0.999999834909781 	
1.99999904404838 	
1.49999945202234 	
0 	
0 	
1.99999890401956 	
0 	
0 	
0 	
1.49999980424771 	
2.74999868578572 	
0 	
0.999999834909781 	
2.49999868368493 	
0.999999834909781 	
1.99999925212376 	
0 	
0 	
0 	
0 	
0.999999834909781 	
0 	
0.999999685543246 	
1.99999944585635 	
1.99999966981956 	
0 	
0.999999703628503 	
0 	
2.49999892545067 	
1.49999955366899 	
0.999999552828005 	
0.999999552828005 	
0 	
1.99999928958687 	
0 	
0 	
0 	
0 	
0.99999985379626 	
0.999999674307175 	
1.99999934861435 	
0 	
0 	
0.999999834909781 	
0 	
0.999999955750158 	
0 	
0 	
1.99999896250186 	
0 	
0 	
0.999999674307175 	
0.999999703628503 	
0 	
