0 	
0 	
0 	
0 	
0.999999632186113 	
0.999999674307175 	
1.4999991831514 	
1.49999945202234 	
0.999999632186113 	
1.4999989542961 	
1.4999991831514 	
1.49999945202234 	
2.49999868368493 	
0 	
0 	
0.999999955750158 	
0 	
0 	
0.999999632186113 	
1.99999934861435 	
1.99999928958687 	
0 	
0.999999685543246 	
0.99999962606188 	
0.999999685543246 	
0.999999632186113 	
1.99999966981956 	
0.999999874489039 	
0.99999962606188 	
2.49999842879065 	
0.99999985379626 	
0.999999533150113 	
1.99999925212376 	
0 	
0.999999874489039 	
0 	
0 	
1.99999937108649 	
2.99999806020817 	
0.999999703628503 	
0.999999674307175 	
1.99999890401956 	
2.9999989755954 	
2.49999840848296 	
1.49999945202234 	
0 	
0 	
2.49999892545067 	
0.999999674307175 	
0.999999955750158 	
1.49999945202234 	
0 	
0.999999834909781 	
0 	
0.999999632186113 	
0 	
0 	
1.99999896250186 	
1.49999955366899 	
1.49999980424771 	
0.999999955750158 	
1.99999934861435 	
0 	
0 	
0.999999358698125 	
2.99999833166541 	
0.999999834909781 	
2.99999890404468 	
0 	
0.999999552828005 	
1.49999945202234 	
0.999999674307175 	
1.49999955366899 	
0 	
0 	
0 	
1.99999934861435 	
0 	
0 	
0 	
0 	
0.999999685543246 	
0 	
1.49999945202234 	
0 	
0 	
0 	
0 	
0 	
0 	
0 	
1.99999926437223 	
1.99999932513795 	
1.49999945202234 	
1.99999937108649 	
2.99999911337028 	
0 	
0 	
0.999999674307175 	
0.999999674307175 	
2.49999842879065 	
0.999999955750158 	
0 	
0.99999962606188 	
0 	
0.99999962606188 	
0.999999674307175 	
1.99999934861435 	
1.99999928206219 	
0 	
1.9999991944008 	
1.99999944585635 	
0 	
0.999999685543246 	
1.49999955366899 	
1.99999871739625 	
0.999999632186113 	
0 	
0.999999632186113 	
0.99999962606188 	
0 	
0 	
1.49999980424771 	
1.99999937108649 	
1.99999910565601 	
1.49999980424771 	
1.4999991831514 	
0.999999674307175 	
1.99999944585635 	
0.999999481250932 	
1.49999945202234 	
0.999999955750158 	
0 	
1.49999955366899 	
0 	
0.99999985379626 	
1.49999980424771 	
0 	
0 	
0 	
2.99999833166541 	
0.999999955750158 	
0.999999625291197 	
0 	
0 	
0 	
1.99999966981956 	
0.99999985379626 	
1.99999934861435 	
0 	
0 	
0.999999955750158 	
0.999999834909781 	
1.49999955366899 	
1.99999934861435 	
0 	
0 	
0.999999685543246 	
0.999999674307175 	
0.999999955750158 	
0 	
0.99999962606188 	
2.49999901334407 	
0.999999955750158 	
0.999999685543246 	
0.999999674307175 	
2.49999892545067 	
1.99999896250186 	
0.999999834909781 	
0 	
1.99999966981956 	
0 	
0 	
1.99999926437223 	
1.99999910565601 	
0 	
1.49999945202234 	
0.99999985379626 	
0.999999834909781 	
0.999999674307175 	
0 	
1.99999966981956 	
2.49999931067901 	
0.999999481250932 	
1.4999991831514 	
0.99999962606188 	
0 	
0 	
1.49999955366899 	
0 	
0.999999834909781 	
0 	
0 	
0.999999834909781 	
2.49999840848296 	
0 	
2.49999842879065 	
0 	
0.999999685543246 	
0 	
0 	
1.99999937108649 	
0 	
0.999999834909781 	
0 	
0 	
0 	
0 	
1.99999966981956 	
0.999999674307175 	
0 	
0 	
0.999999834909781 	
0.999999674307175 	
1.99999877993995 	
0.999999955750158 	
0 	
0 	
0 	
2.49999931067901 	
0 	
0 	
0 	
0 	
0.99999962606188 	
0 	
0.999999674307175 	
0 	
0.99999962606188 	
0 	
0.999999834909781 	
0.999999632186113 	
2.49999868368493 	
0 	
0 	
0 	
0 	
0.99999962606188 	
0.999999955750158 	
3.49999826699734 	
0 	
0.999999481250932 	
0 	
0 	
0.999999834909781 	
0.999999834909781 	
1.99999904301064 	
0 	
0 	
0 	
0.999999552828005 	
0 	
0 	
1.99999966981956 	
1.99999937108649 	
1.49999945202234 	
0 	
0.999999632186113 	
1.4999991831514 	
2.49999811683676 	
0 	
0 	
1.99999934861435 	
0.999999632186113 	
1.99999928958687 	
2.49999892545067 	
0.999999632186113 	
0.999999625291197 	
0 	
0 	
1.99999928958687 	
0.999999834909781 	
0.999999834909781 	
0.99999985379626 	
1.99999944585635 	
1.4999991831514 	
0 	
0 	
0 	
0.999999481250932 	
0 	
0.999999685543246 	
0.999999674307175 	
0 	
1.49999955366899 	
0 	
2.99999855848312 	
0 	
0 	
0.999999834909781 	
0.999999632186113 	
0.999999552828005 	
1.99999896250186 	
1.99999877993995 	
1.49999955366899 	
1.99999928958687 	
3.49999786266982 	
0.999999703628503 	
2.49999901334407 	
0.999999632186113 	
0.999999834909781 	
