0.999999955750158 	
2.49999892545067 	
3.49999855763678 	
3.49999765027731 	
1.4999989542961 	
0 	
0 	
3.49999787004346 	
2.99999797408168 	
0.999999481250932 	
2.99999846823145 	
0.999999674307175 	
2.99999836630281 	
1.99999890401956 	
2.99999846823145 	
2.49999917739919 	
2.74999868578572 	
2.99999833166541 	
2.49999931067901 	
1.4999991831514 	
1.4999991831514 	
2.9999989755954 	
0.999999955750158 	
2.99999836630281 	
0 	
1.49999955366899 	
1.99999925212376 	
1.49999945202234 	
2.99999833166541 	
0.999999834909781 	
1.4999991831514 	
1.49999945202234 	
2.49999840848296 	
3.9999974347925 	
1.49999945202234 	
1.49999945202234 	
0.999999674307175 	
2.99999911337028 	
3.49999710188591 	
2.9999989755954 	
2.49999875736744 	
4.24999523951615 	
3.49999786266982 	
0 	
0.99999962606188 	
0.999999481250932 	
1.49999980424771 	
0.999999674307175 	
3.49999805181025 	
1.99999934861435 	
3.99999780803911 	
0.999999410540692 	
1.4999989542961 	
0.999999834909781 	
4.49999516060708 	
2.49999868368493 	
0 	
1.99999882108138 	
2.49999842879065 	
0.999999834909781 	
1.99999896250186 	
0.999999674307175 	
4.99999652061467 	
2.9999984437528 	
1.99999970759252 	
0.99999962606188 	
0 	
0.999999151454652 	
1.99999937108649 	
1.99999928958687 	
1.99999857684425 	
2.9999979085922 	
0.999999632186113 	
3.99999780803912 	
0.99999962606188 	
2.49999892545067 	
1.49999924937879 	
0.999999834909781 	
0.999999834909781 	
0.999999632186113 	
0.999999552828005 	
2.49999875736744 	
2.49999840848296 	
1.99999890401956 	
0.999999834909781 	
1.4999991831514 	
0.999999834909781 	
1.99999928958687 	
0 	
3.7499980494419 	
2.49999892545067 	
4.99999594058535 	
2.99999807609438 	
0 	
0 	
0.999999632186113 	
1.49999945202234 	
1.99999928958687 	
2.99999846823145 	
1.49999945202234 	
