0.999999552828006 	
0 	
0 	
0 	
0 	
0 	
1.4999991831514 	
0 	
0 	
0 	
0 	
0 	
1.49999945202234 	
0 	
0 	
0 	
0.999999685543246 	
0 	
0 	
0.999999674307175 	
0.999999358698125 	
0 	
0 	
0.999999834909781 	
0 	
0 	
0 	
1.49999980424771 	
0.999999552828005 	
0 	
0 	
0 	
0 	
0.99999962606188 	
0 	
0.999999955750158 	
1.99999966981956 	
0 	
0 	
0.999999834909781 	
0 	
0 	
0.999999674307175 	
0 	
0 	
0 	
0 	
0 	
0 	
0 	
0.999999834909781 	
0.999999834909781 	
0 	
0 	
0.999999632186113 	
0 	
0.999999834909781 	
0.999999685543246 	
0 	
0.99999985379626 	
0.999999625291197 	
0 	
0.999999834909781 	
0.999999834909781 	
0.999999834909781 	
2.49999875736744 	
1.49999945202234 	
0 	
0.999999674307175 	
0 	
1.99999944585635 	
0.999999674307175 	
1.99999926437223 	
0 	
0.999999834909781 	
0.999999685543246 	
0 	
0 	
0.999999685543246 	
0 	
1.99999934861435 	
0 	
0.999999834909781 	
0 	
0 	
0.999999685543246 	
0 	
0 	
1.99999928958687 	
0.999999834909781 	
2.49999892545067 	
0.999999834909781 	
0 	
0.999999685543246 	
0 	
1.49999945202234 	
0.99999985379626 	
0.999999834909781 	
0 	
0 	
0 	
0.999999481250932 	
