1.4999989542961 	
0.999999685543246 	
2.99999895380229 	
0.99999985379626 	
1.49999945202234 	
2.49999892545067 	
0 	
1.99999966981956 	
1.49999980424771 	
0 	
1.99999966981956 	
1.4999991831514 	
0 	
1.4999991831514 	
1.49999959300891 	
3.99999700034819 	
2.99999911337028 	
2.99999890404468 	
0 	
0.999999955750158 	
2.49999892545067 	
0.999999834909781 	
0.999999674307175 	
1.99999934861435 	
0.999999834909781 	
0 	
0.999999834909781 	
1.4999989542961 	
2.49999931067901 	
2.99999895380229 	
0 	
0.99999962606188 	
0 	
0 	
2.99999833166541 	
0.999999632186113 	
0.999999834909781 	
0 	
1.49999955366899 	
0.999999834909781 	
0 	
0 	
0 	
0 	
0.999999481250932 	
0 	
0.999999674307175 	
0 	
1.99999890401956 	
0 	
2.49999840848296 	
2.74999868578572 	
0 	
0.999999834909781 	
1.99999928958687 	
0 	
0.999999481250932 	
2.49999892545067 	
1.99999944585635 	
1.99999928958687 	
0.999999632186113 	
1.49999955366899 	
0 	
0 	
0.99999962606188 	
1.4999989542961 	
0.999999685543246 	
0.999999834909781 	
2.49999931067901 	
2.99999911337028 	
0.999999674307175 	
2.49999875736744 	
0.999999552828005 	
0 	
1.49999945202234 	
2.99999797408168 	
1.99999910565601 	
0 	
1.49999945202234 	
0.999999834909781 	
1.49999955366899 	
1.99999926437223 	
1.99999925212376 	
0.999999481250932 	
0 	
1.99999926437223 	
0 	
0 	
0.999999674307175 	
1.99999944585635 	
1.49999980424771 	
0 	
0 	
0 	
0 	
0.999999674307175 	
1.49999955366899 	
1.99999934861435 	
0 	
1.4999989542961 	
