0 	
0 	
0 	
1.49999955366899 	
0.999999481250932 	
0.99999985379626 	
0 	
2.99999895380229 	
3.49999805181025 	
1.9999986613408 	
2.49999901334407 	
1.99999910565601 	
1.4999989542961 	
1.49999959300891 	
0.999999674307175 	
3.49999805181025 	
0.999999834909781 	
0 	
0.999999674307175 	
1.4999989542961 	
0 	
0.999999632186113 	
2.74999848457192 	
2.49999875736744 	
3.49999826699734 	
1.49999955366899 	
0 	
2.99999911337028 	
0 	
2.49999760690388 	
2.49999875736744 	
0.999999481250932 	
1.99999896250186 	
1.49999955366899 	
1.9999986613408 	
1.99999890401956 	
2.49999875736744 	
1.49999945202234 	
1.99999934861435 	
2.99999842137629 	
1.99999928958687 	
2.49999931067901 	
0 	
0.999999834909781 	
1.49999955366899 	
0.999999481250932 	
0.99999962606188 	
1.99999890401956 	
0.999999834909781 	
0.999999834909781 	
2.99999836630281 	
0 	
1.99999890401956 	
1.99999925212376 	
1.99999966981956 	
0 	
0.999999481250932 	
2.49999892545067 	
1.99999896250186 	
0.999999874489039 	
0 	
2.99999889655834 	
0 	
0.999999674307175 	
0 	
1.99999925212376 	
1.4999991831514 	
1.99999926437223 	
0.999999834909781 	
2.49999892545067 	
1.99999944585635 	
0 	
2.49999875736744 	
4.99999575727326 	
2.49999931067901 	
0.999999834909781 	
1.49999980424771 	
1.99999928958687 	
0.99999962606188 	
1.99999882108138 	
0 	
2.49999892545067 	
1.99999865872454 	
0 	
2.99999833166541 	
0 	
2.49999797029267 	
1.49999945202234 	
2.49999892545067 	
0 	
0 	
0.999999834909781 	
0 	
1.99999910565601 	
0 	
2.9999984437528 	
2.99999811890886 	
1.49999980424771 	
0.999999834909781 	
1.74999938758003 	
