3.99999685645514 	
2.49999840848296 	
4.49999692202226 	
1.49999945202234 	
2.7499985585943 	
3.49999826699734 	
2.49999847834158 	
4.49999692202226 	
1.99999970759252 	
2.74999783941306 	
0.999999632186113 	
1.49999955366899 	
2.49999875736744 	
2.99999806020817 	
2.49999931067901 	
4.49999711625435 	
0 	
0.999999410540692 	
0 	
4.49999671151366 	
0.999999685543246 	
3.49999826699734 	
4.499996880408 	
2.49999797029267 	
0.99999962606188 	
3.24999783091737 	
3.99999658151559 	
0.999999674307175 	
0.999999481250932 	
2.99999890404468 	
2.99999836630281 	
2.99999806020817 	
2.49999892545067 	
3.49999767540646 	
0.999999362001564 	
0.999999552828005 	
2.49999892545067 	
1.99999944585635 	
3.99999857917373 	
2.49999901334407 	
1.49999955366899 	
4.49999721033428 	
3.49999833158347 	
1.49999945202234 	
2.99999752134053 	
2.49999892545067 	
1.99999926437222 	
0.999999481250932 	
1.99999890401956 	
1.49999945202234 	
2.99999844332561 	
1.99999904112638 	
2.49999892545067 	
1.99999877993995 	
2.99999836630281 	
1.4999991831514 	
0.999999834909781 	
1.99999849709127 	
3.99999668949099 	
1.99999874892738 	
1.49999955366899 	
1.99999934861435 	
0.999999481250932 	
1.99999966981956 	
0.999999632186113 	
1.99999890401956 	
1.4999989542961 	
0.999999834909781 	
2.49999842879065 	
4.49999749749811 	
2.99999752614984 	
2.49999797029267 	
1.99999944585635 	
2.74999812798654 	
2.99999836630281 	
2.99999752614984 	
0.999999685543246 	
2.49999901334407 	
3.24999737093562 	
2.49999892545067 	
2.49999892545067 	
0 	
3.99999794051884 	
1.49999955366899 	
1.49999955366899 	
1.74999864733229 	
2.49999931067901 	
2.49999931067901 	
1.99999890401956 	
1.49999945202234 	
0.999999834909781 	
2.49999755513376 	
2.74999765163615 	
3.49999862848395 	
2.99999890404468 	
2.99999833166541 	
0.999999674307175 	
2.49999877460627 	
2.49999797029267 	
2.49999849379397 	
