1.49999945202234 	
2.49999842879065 	
0 	
1.49999955366899 	
0.999999834909781 	
0 	
2.7499989252341 	
0 	
4.49999692202226 	
4.99999473386859 	
2.99999911337028 	
0 	
3.49999738039118 	
1.99999926437223 	
1.99999927184635 	
1.49999945202234 	
2.99999841113596 	
0 	
0.999999410540692 	
2.99999841113596 	
2.49999892545067 	
2.99999855848312 	
0 	
2.49999892545067 	
1.49999945202234 	
0.999999674307175 	
1.99999928958687 	
0 	
3.49999786266982 	
0.999999674307175 	
1.99999871739625 	
4.99999652061467 	
1.49999876307492 	
0.999999834909781 	
0.99999962606188 	
4.99999594058535 	
3.99999669146233 	
0.999999632186113 	
1.99999882108138 	
3.49999738039118 	
0.999999077246953 	
1.99999890401956 	
2.49999868368493 	
1.99999928958687 	
0.999999834909781 	
0.999999834909781 	
0 	
2.99999806020818 	
2.49999868368493 	
1.49999955366899 	
1.4999991831514 	
0.999999632186113 	
2.49999892545067 	
1.4999989542961 	
2.74999812798654 	
1.99999928958687 	
0 	
4.499996880408 	
3.49999765027731 	
2.49999811683676 	
0.999999358698125 	
1.99999926437223 	
0.99999962606188 	
1.49999955366899 	
1.4999989542961 	
0.999999834909781 	
2.99999745436395 	
2.99999890404468 	
0 	
1.4999991831514 	
0.999999674307175 	
0 	
0 	
0.999999481250932 	
1.4999994342632 	
0.999999834909781 	
1.4999991831514 	
1.49999945202234 	
0.999999834909781 	
1.49999945202234 	
0.999999552828005 	
2.99999807609438 	
0 	
3.99999777926127 	
1.99999966981956 	
3.49999842564967 	
2.49999892545067 	
4.49999692202226 	
0 	
0 	
0.999999632186113 	
0 	
0 	
1.4999994342632 	
1.49999955366899 	
0 	
2.99999895380229 	
1.99999934861435 	
1.4999991831514 	
2.49999892545067 	
