8.8749707413295 	
3.99999288894095 	
5.83331663880984 	
10.1558449407932 	
7.15584670275084 	
7.65584533351813 	
4.69443576261959 	
1.99999761363494 	
9.63193309629814 	
7.15584790087145 	
7.15584790087145 	
1.99999670479698 	
1.99999670479698 	
9.60645939235797 	
9.69443163199423 	
9.69443163199423 	
7.74997771764568 	
9.68748871541367 	
9.74997961520711 	
5.49998553890709 	
8.62557900853829 	
10.2499861382232 	
9.19442795582473 	
9.19442795582473 	
8.19441917666784 	
1.99999659551863 	
2.83332570202458 	
9.24997429069453 	
7.49998731681237 	
9.15584141586982 	
10.4058480476003 	
9.49998635801978 	
6.99998236892488 	
4.99998870415188 	
0.999999874489039 	
8.74997661611397 	
6.19442596306901 	
8.62557900853829 	
9.68746701774399 	
8.69441387148256 	
7.19443118721005 	
5.99998449339701 	
9.47219257407876 	
3.99999513749573 	
1.99999670479698 	
6.8333151661518 	
7.19442729014339 	
7.19442729014339 	
7.99998242040959 	
5.9999847334483 	
