0 	
0 	
0 	
0 	
0 	
0 	
6.99999022457723 	
5.49998955052963 	
2.99999660214674 	
0 	
4.41665942337507 	
2.99999672473014 	
0 	
3.49999673886277 	
0.999997767409883 	
2.99999770705536 	
1.99999816560928 	
0 	
0 	
3.99999057523004 	
0 	
5.99998980657905 	
0 	
0 	
4.49999218748743 	
7.65584533351813 	
0 	
0 	
4.7499964646214 	
0 	
3.9999961591368 	
0 	
1.9999981710566 	
0 	
0 	
5.49999053864761 	
6.41665417041087 	
6.49999078146189 	
0 	
0 	
6.09721621967633 	
0 	
0.999998481277345 	
1.99999719818003 	
3.99999680656051 	
0.999999481250932 	
1.99999756874787 	
0 	
1.99999816560928 	
0 	
1.9999981710566 	
8.86109772435289 	
0.999999632186113 	
5.99998980657905 	
5.49999126095007 	
0.999998364929024 	
6.74999030738127 	
0.999999874489039 	
0.999999320815288 	
1.99999720051874 	
0 	
6.49998660939898 	
1.99999935032798 	
0 	
3.99999492255965 	
0.999999674307175 	
6.65584845913861 	
3.49999542282686 	
1.99999670479698 	
1.99999773781891 	
3.99999378397333 	
2.99999681645478 	
1.99999926941578 	
0.999999625291197 	
5.4999874115121 	
0 	
1.99999670479698 	
0 	
0 	
0 	
6.49998327271621 	
3.49999612883582 	
1.99999761363494 	
0.999999320815288 	
3.49999446511083 	
5.5972129734214 	
3.49999673886277 	
4.69443822436371 	
0 	
0.999999190685501 	
4.6944394596302 	
5.5972138448738 	
4.99999378044353 	
0 	
3.49999492804044 	
3.49999216572201 	
0.999999320815288 	
1.99999918908834 	
1.9999986200448 	
5.65585448070415 	
0 	
