8.8749707413295 	
3.99999288894095 	
5.83331663880984 	
10.1558449407932 	
7.15584670275084 	
5.99998438840968 	
4.69443576261959 	
1.99999761363494 	
7.99998048018189 	
7.15584790087145 	
7.15584790087145 	
1.99999670479698 	
1.99999670479698 	
9.60645939235797 	
9.69443163199423 	
9.69443163199423 	
7.99997830683877 	
9.68748871541367 	
9.74997961520711 	
5.49998553890709 	
8.62557900853829 	
10.2499861382232 	
9.19442795582473 	
9.19442795582473 	
8.19441917666784 	
1.99999659551863 	
2.83332570202458 	
9.24997429069453 	
7.49998731681237 	
8.87498630046809 	
10.4058480476003 	
9.49998635801978 	
1.99999634647643 	
4.99998870415188 	
0.999999874489039 	
8.74997661611397 	
6.19442596306901 	
8.62557900853829 	
10.2499835796054 	
8.69441387148256 	
5.99998449339701 	
5.99998449339701 	
9.47219257407876 	
7.49998623412312 	
1.99999670479698 	
8.1944211276454 	
7.19442729014339 	
8.2499793452892 	
7.99998242040959 	
5.9999847334483 	
