0 	
0 	
0 	
0.999999362001564 	
5.655853454946 	
3.49999446511083 	
4.49999411226111 	
0 	
1.99999714249104 	
6.49998613699878 	
0 	
3.49999492804044 	
1.99999670479698 	
0 	
5.99999063949282 	
4.69443576261959 	
4.99998709639189 	
0.999999625291197 	
3.8333285312693 	
6.49998701081787 	
0.999998750375256 	
1.99999736794324 	
5.49999053864761 	
3.99999049668605 	
4.99999447985821 	
1.99999595590131 	
0 	
2.99999770705536 	
4.99998326402795 	
3.99999428498209 	
6.99998650373409 	
0.999998609333551 	
0.999999075432228 	
3.49999542282686 	
1.9999981710566 	
3.49999701080513 	
1.99999918908834 	
8.70830782386213 	
1.9999991944008 	
2.99999531711036 	
5.65585110678698 	
3.41666146754398 	
2.99999555381563 	
5.655853454946 	
5.69443680384942 	
0.999999362001564 	
0 	
2.99999688412262 	
0 	
8.37498109501557 	
1.99999878934161 	
1.99999714249104 	
3.99999576211891 	
0 	
6.49998556897637 	
2.41666377359692 	
5.8749843159921 	
2.99999570877867 	
5.69443974831647 	
0.999999190685501 	
0 	
6.19443392752681 	
0 	
8.44443448970103 	
0 	
3.49999612883582 	
0.999998861590164 	
5.65585028025377 	
4.99998796871673 	
0.999998773333598 	
3.49999492804044 	
5.49998901195419 	
1.99999714249104 	
3.99999578671739 	
0.999998481277345 	
0 	
0.999999320815288 	
2.99999612740026 	
0.999999703628503 	
3.49999555368317 	
0.999998773333598 	
7.69443442795613 	
1.99999736794324 	
2.99999366098504 	
7.09720817990805 	
6.49998660939898 	
0.999998773333598 	
0 	
3.49999403266926 	
6.2499940352288 	
7.09720066465388 	
0 	
3.99999378397333 	
7.15584482717338 	
0 	
5.49999104674527 	
7.99998142130415 	
0 	
0 	
0 	
3.99999202142569 	
0 	
7.49998193662723 	
