8.8749707413295 	
3.99999288894095 	
5.83331663880984 	
7.62557887006863 	
7.15584670275084 	
7.65584533351813 	
4.69443576261959 	
1.99999761363494 	
0 	
1.99999788105946 	
7.15584790087145 	
7.15584790087145 	
1.99999670479698 	
1.99999788105946 	
8.49997351907492 	
9.69443163199423 	
7.74997771764568 	
7.99997830683877 	
7.74998853651034 	
7.99998242040959 	
8.62557900853829 	
8.74997829511718 	
9.19442795582473 	
9.19442795582473 	
8.19441917666784 	
8.43114118891462 	
2.83332570202458 	
8.87498138004105 	
7.49998731681237 	
2.99999394122051 	
10.4058480476003 	
7.99997914489604 	
7.19443563983174 	
1.99999714249104 	
0.999999874489039 	
4.49999162243066 	
6.19442596306901 	
6.74998974577242 	
7.99997874036376 	
9.49997289735352 	
4.83332444736308 	
5.99998449339701 	
9.47219257407876 	
3.99999513749573 	
1.99999670479698 	
6.8333151661518 	
7.19442729014339 	
7.19442729014339 	
9.2499907090377 	
6.19442847091223 	
