6.19443593465538 	
9.40585130388355 	
4.99999199750475 	
6.69443687500793 	
4.99999132895724 	
6.4999875947712 	
0 	
8.1558396183781 	
5.99998709813995 	
4.41665783825055 	
9.27072851003991 	
0 	
7.15584066905595 	
1.99999736794324 	
9.79858237437722 	
7.74999120053539 	
2.999996424353 	
7.65584249338018 	
10.999986214998 	
8.19442132124827 	
3.99999288894094 	
1.99999708269133 	
7.49999102458341 	
2.99999398989751 	
8.74998179111401 	
6.49998447627789 	
0.999997767409883 	
8.8749707413295 	
3.99999671952957 	
6.49999158313262 	
9.27776133345303 	
3.83332682990529 	
7.24999326612263 	
6.65585403122742 	
6.49998144625931 	
4.99999034656219 	
5.99998460612781 	
1.99999761363494 	
5.99999027529939 	
5.74999514051904 	
9.15583759565705 	
6.19443392752681 	
4.49999411226111 	
7.15584670275084 	
6.49998385625116 	
4.74999476117861 	
6.49998710883764 	
0 	
4.4999927898399 	
3.49999403266926 	
3.4999941503203 	
9.40585130388355 	
7.15584574508339 	
9.24998591588073 	
9.60647328823112 	
4.49999371844772 	
5.49999104674527 	
1.99999835976479 	
8.44443284401942 	
8.24999078503034 	
8.68748831354384 	
6.49998647108617 	
8.19443066476268 	
8.87496507780389 	
4.99998956215928 	
5.99998622052319 	
7.99998293865944 	
7.74998113390224 	
7.42822584282301 	
9.59270408574418 	
