0 	
1.66666589237899 	
2.33333217190183 	
0 	
3.83332650232823 	
1.99999719818003 	
3.99999451770738 	
3.49999701080513 	
5.99998710697138 	
2.9999950146107 	
4.49999315045795 	
1.99999756874787 	
2.99999635334682 	
6.19443301835354 	
7.44442509633056 	
5.99999122700869 	
6.99998233284249 	
3.99999697539197 	
5.99998902154352 	
4.99998956215928 	
3.49999555368317 	
0 	
2.99999623811283 	
0 	
6.49998761462562 	
1.99999761363494 	
6.49998447627789 	
8.19441953862156 	
1.99999761363494 	
5.999985609125 	
9.69441733741937 	
7.99998652220582 	
0 	
2.99999774530102 	
7.65584541408494 	
5.65585314158079 	
4.27911606105291 	
4.49999218748744 	
2.99999672473014 	
3.49999542282686 	
0 	
4.69443448493879 	
6.7499867283637 	
0 	
3.49999542282686 	
6.59720669565883 	
0 	
4.99998956215928 	
8.4999755747432 	
0.999999190685501 	
0.999998514553604 	
1.99999736794324 	
1.9999981710566 	
0 	
0 	
5.49999331121874 	
4.99999193563119 	
6.49998978222119 	
6.4999941639661 	
7.99998216223012 	
4.49999510902199 	
7.59720626079626 	
6.77073427176556 	
8.56941984058479 	
0 	
5.7499880104888 	
0 	
6.19443133680329 	
6.77073224559548 	
5.49998955052963 	
3.49999403266926 	
3.49999403266926 	
7.15584143919427 	
6.49998447627789 	
3.99999202142569 	
6.58332039018677 	
4.69443740950513 	
4.49999392972832 	
8.43749035768308 	
5.49998852134501 	
7.49997932871753 	
5.69443580289724 	
4.69443576261959 	
7.15584143919427 	
7.59720042039227 	
0 	
