7.42012274822492 	
8.8749707413295 	
8.24999205606307 	
7.62557887006863 	
6.49998881683254 	
7.65584533351813 	
8.24998941315182 	
7.49998938479342 	
0 	
1.99999788105946 	
7.15584790087145 	
7.15584790087145 	
1.99999670479698 	
2.99999514542716 	
8.49997351907492 	
9.69443163199423 	
7.74997771764568 	
7.99997830683877 	
7.74998853651034 	
8.2499807576632 	
8.62557900853829 	
8.62557900853829 	
6.49999416396609 	
9.19442795582473 	
8.19441917666784 	
6.87498835695137 	
1.99999659551863 	
5.74999480229223 	
9.24997429069453 	
7.49998731681237 	
10.4058480476003 	
10.4058480476003 	
9.49998635801978 	
1.99999714249104 	
9.47219376141734 	
4.49999162243066 	
8.74997661611397 	
0 	
0.999999151454652 	
10.2499835796054 	
8.69441387148256 	
5.99998449339701 	
6.4999875947712 	
7.42823220022694 	
5.99998902154352 	
4.49999591488155 	
8.24999205606307 	
7.19442729014339 	
9.2499907090377 	
5.99998604102872 	
