5.07406503397736 	
8.8749707413295 	
3.99999288894095 	
5.83331663880984 	
10.1558449407932 	
7.15584670275084 	
7.65584533351813 	
4.69443576261959 	
1.99999761363494 	
0 	
7.15584790087145 	
7.15584790087145 	
1.99999670479698 	
1.99999670479698 	
0.999999481250932 	
9.69443163199423 	
9.69443163199423 	
7.74997771764568 	
9.68748871541367 	
9.74997961520711 	
7.99998242040959 	
8.62557900853829 	
8.74997829511718 	
9.19442795582473 	
9.19442795582473 	
8.19441917666784 	
1.99999659551863 	
2.83332570202458 	
8.87498138004105 	
7.49998731681237 	
9.15584141586982 	
10.4058480476003 	
9.37497697392589 	
7.19443563983174 	
4.99998870415188 	
0.999999874489039 	
4.49999162243066 	
6.19442596306901 	
8.62557900853829 	
7.99997874036376 	
8.4999755747432 	
7.19443118721005 	
5.99998449339701 	
9.47219257407876 	
3.99999513749573 	
1.99999670479698 	
6.8333151661518 	
7.19442729014339 	
7.19442729014339 	
1.99999651779393 	
5.9999847334483 	
