0 	
10.2499836095893 	
0 	
7.4999813073724 	
9.69442254335694 	
4.99999270929758 	
8.15584257466505 	
6.99998050086034 	
7.99998143422829 	
8.44443234310766 	
5.69443462847925 	
7.30631968425653 	
8.24999171953611 	
8.87497220763667 	
10.1944131438307 	
7.6558485328086 	
6.99998181594383 	
9.79857995585966 	
7.49998660102444 	
5.99998622052319 	
8.49998987800371 	
7.65584190849814 	
5.49998764644183 	
4.69443740950513 	
6.49998195364381 	
7.694421438304 	
8.24999205606307 	
8.65584721172836 	
8.03674180547105 	
6.99998006378886 	
5.49999007316847 	
4.99999070180368 	
8.15584477648367 	
0 	
9.4721942658334 	
7.69442570781571 	
9.18131377700695 	
7.65584607236106 	
8.49999052949526 	
0.999998514553604 	
5.88887374969091 	
4.99998904457982 	
10.4374652292199 	
3.49999459858846 	
7.49998984749432 	
8.24997429967739 	
4.69443576261959 	
4.99999034656219 	
2.99999330237901 	
7.41664760625748 	
1.99999651779393 	
7.49999326101808 	
2.99999455520358 	
6.74999060634575 	
9.74998127631928 	
9.40585263977376 	
4.99998794378989 	
7.62558338599497 	
7.1944267067397 	
8.99998253578897 	
10.0971994369385 	
4.69443448493879 	
9.09719407794734 	
5.99998334185286 	
4.69443576261959 	
4.99998824002652 	
