7.42012274822492 	
3.99999288894095 	
5.83331663880984 	
7.62557887006863 	
6.49998881683254 	
7.65584533351813 	
4.69443576261959 	
1.99999761363494 	
0 	
1.99999788105946 	
7.15584790087145 	
7.15584790087145 	
1.99999670479698 	
9.24997556850085 	
8.49997351907492 	
9.69443163199423 	
7.74997771764568 	
7.99997830683877 	
7.74998853651034 	
7.99998242040959 	
8.62557900853829 	
8.74997829511718 	
3.49999492804044 	
9.19442795582473 	
8.19441917666784 	
9.44443127837361 	
9.44442881948699 	
5.74999480229223 	
7.49998731681237 	
2.99999394122051 	
10.4058480476003 	
10.4058480476003 	
7.19443563983174 	
1.99999714249104 	
0.999999874489039 	
4.49999162243066 	
8.74997661611397 	
0 	
10.1782302824165 	
10.2499835796054 	
4.83332444736308 	
5.99998449339701 	
0 	
3.99999513749573 	
1.99999670479698 	
6.8333151661518 	
7.19442729014339 	
7.19442729014339 	
9.2499907090377 	
10.2499790357495 	
