0 	
0 	
0 	
0 	
4.49999591488155 	
0 	
5.49999279605481 	
4.99999070180368 	
0 	
0 	
0 	
1.99999714249104 	
0 	
0 	
0 	
1.9999981710566 	
5.49999126095007 	
8.24999036852552 	
0 	
3.49999542282686 	
0 	
5.49999279605481 	
2.99999672473014 	
2.999996424353 	
0.999999362001564 	
0 	
0 	
0 	
4.49999510902199 	
0 	
1.99999918908834 	
1.99999827113573 	
0 	
0 	
0 	
1.99999900162489 	
0 	
7.85647612334948 	
6.99998725782689 	
0 	
3.49999542282686 	
4.99999270929758 	
3.49999492804044 	
0 	
3.99999268751558 	
4.99998956215928 	
1.99999708269133 	
0 	
0 	
3.49999673886277 	
5.49998764644183 	
0 	
1.9999981710566 	
1.99999761363494 	
0.999999834909781 	
1.99999878934161 	
4.99998956215928 	
0 	
0 	
1.9999981710566 	
1.99999756874787 	
0 	
0 	
0 	
1.99999827113573 	
0 	
4.69443645343079 	
0 	
0 	
0 	
0 	
0 	
0 	
4.69443645343079 	
6.49998898390647 	
3.49999673886277 	
4.41666073390364 	
1.9999981710566 	
3.41666284476445 	
0 	
1.99999719818003 	
0 	
4.69443495058733 	
5.87498824622146 	
3.99999434081476 	
0.999999151454652 	
0 	
0 	
3.49999446511083 	
4.49999315045795 	
0 	
5.49999357757624 	
1.99999816560928 	
1.99999816560928 	
0 	
1.9999981710566 	
4.69443822436371 	
0.999999674307175 	
3.49999612883582 	
1.99999827113573 	
2.83332958759442 	
0 	
