4.49999522456951 	
7.09720338078159 	
0 	
0 	
5.49998863279956 	
3.49999216572201 	
0.999998695540421 	
5.65585028025377 	
1.99999761363494 	
0 	
7.3749791082394 	
2.99999573040695 	
5.87498313504224 	
0 	
9.49997358961697 	
1.99999807596109 	
1.9999981710566 	
7.74998716584111 	
5.9999865458045 	
0 	
3.99999473588648 	
6.85029310812984 	
5.65585028025377 	
3.49999249051818 	
2.99999409042729 	
4.99998956215928 	
9.68748711455806 	
4.99998610701845 	
6.65585403122742 	
7.17822601747758 	
1.99999773968809 	
8.24999171953611 	
1.99999827113573 	
2.999996424353 	
3.49999362891345 	
5.99999230426272 	
2.99999453963316 	
0 	
0 	
0 	
3.49999612883582 	
6.49999319684583 	
1.99999651779393 	
2.99999644432596 	
5.49999053864761 	
9.44442603424474 	
7.74998504551246 	
1.99999788105946 	
3.99999682412577 	
5.99999228179664 	
5.49999053864761 	
0.999998773333598 	
3.9999911019866 	
0 	
1.99999651779393 	
8.49998900350583 	
6.74998772290418 	
7.3749826505206 	
4.69443854761321 	
3.49999325186705 	
0.999999625291197 	
0 	
2.99999623811283 	
0.999998773333598 	
2.99999725384085 	
0 	
4.99999070180368 	
3.49999673886277 	
5.65585600546068 	
5.99998229109685 	
4.49999218748743 	
7.74999047188855 	
4.49999456356377 	
0 	
7.09721450836095 	
9.99302264783723 	
4.99999265388193 	
4.99999346525128 	
7.4999925526737 	
4.99998956215928 	
0 	
0 	
0 	
8.99997544645652 	
6.49998942005116 	
0 	
7.62558149209353 	
5.74999514051904 	
4.99999199750475 	
0 	
5.59721131211661 	
4.99998956215928 	
0 	
1.99999761363494 	
0.999999674307175 	
6.49998961787152 	
0 	
5.8333250484639 	
