3.04937867544878 	
0 	
0.999999392296995 	
4.99999132895724 	
9.53083556332835 	
4.41665879559082 	
1.99999736794324 	
2.99999555381563 	
5.49999077229906 	
6.49998320957299 	
4.99999018642576 	
8.65585077992356 	
3.99999578671739 	
6.99998544342359 	
5.49999007316848 	
8.10647299447095 	
2.99999725384085 	
7.69442988176184 	
9.1944216351506 	
3.49999555368317 	
7.58331616699404 	
7.65584607236106 	
4.99998574285756 	
1.99999659551863 	
7.15584790087145 	
6.42012916603598 	
6.49999235170333 	
0.999998695540421 	
1.99999714249104 	
0.999999362001564 	
6.99997880779506 	
5.65585220349883 	
6.99998433144402 	
7.62557887006863 	
0 	
7.74999294467315 	
6.49998144625931 	
1.99999651779393 	
7.62558149209353 	
2.99999796779887 	
9.49997883031212 	
7.37498079595795 	
8.49997780768789 	
8.19441953862156 	
8.44443186426082 	
4.18054620800328 	
8.15585028030534 	
3.49999446511083 	
4.49999218748743 	
8.62557900853829 	
5.49998901195419 	
1.99999761363494 	
6.99998050086034 	
2.99999535906111 	
1.99999868409949 	
4.99998904457982 	
7.49998009469591 	
0 	
5.49999007316847 	
6.99998433144402 	
0 	
6.7499867283637 	
6.49999488369839 	
2.99999542145009 	
6.85028982724863 	
8.37497579666665 	
3.99999242511259 	
4.41665955594901 	
7.69443458790273 	
10.1874875332295 	
3.99999381001461 	
6.7499904896254 	
0 	
8.24998906344082 	
6.99997777078947 	
4.49999632623262 	
9.65584593878303 	
5.49999053864761 	
4.99998967665668 	
4.99998904457982 	
5.88887601948265 	
5.99999027529939 	
4.99998796871673 	
3.99999024225062 	
2.99999708521797 	
4.69443510677976 	
3.99999179079132 	
3.99999451770738 	
7.62558196466482 	
