3.99999406025663 	
5.49999053864761 	
0.999999320815288 	
4.41665800840958 	
6.19442913063908 	
5.74998936751267 	
10.2985783602278 	
3.99999164024957 	
0.999999955750158 	
1.99999634647643 	
6.99998449692705 	
1.99999634647643 	
1.99999761363494 	
4.99999132895724 	
7.69442588956198 	
4.49999162243066 	
7.15585013760396 	
4.99998904457982 	
4.99999199750475 	
5.88887703045121 	
6.99998486487441 	
1.99999736794324 	
4.99999370113668 	
3.49999555368317 	
4.69443854761321 	
7.62558016305324 	
7.49999233936675 	
3.49999362891344 	
4.49999432684283 	
6.49998447627789 	
3.49999673886277 	
6.49998447627789 	
5.74998694806305 	
2.99999836582323 	
8.3749725553799 	
6.99998181594383 	
5.7499945388389 	
4.99998956215928 	
0.999998773333598 	
5.49998668882833 	
3.49999186244627 	
6.99998372489253 	
9.99302024134337 	
3.49999216572201 	
4.99998751881609 	
0.999999362001564 	
6.65585403122742 	
8.74997619607892 	
2.99999672473014 	
7.99998017719574 	
10.0971957927877 	
7.49997681448022 	
7.74999027351213 	
5.99998632922365 	
0 	
5.49999065771343 	
6.19442847091223 	
5.74998875834691 	
0 	
4.99998956215928 	
3.49999542282686 	
0 	
0 	
6.99997880779506 	
10.5551578398271 	
0 	
7.17822671517992 	
6.99998128750546 	
0 	
9.69441575489785 	
2.99999612740026 	
0.999998138773526 	
4.99998956215928 	
4.99998610701845 	
4.9999936963463 	
4.99999118275596 	
4.74999170138255 	
2.99999495123721 	
7.69443140456232 	
6.8502954111804 	
8.1944211276454 	
6.74999109718619 	
5.99998754984062 	
4.99999132895724 	
4.99998956215928 	
0 	
8.19442367589647 	
4.69443576261959 	
3.49999555368317 	
0.999998364929024 	
