0 	
0 	
0 	
1.66666589237899 	
1.99999900162489 	
3.99999428498209 	
0.999999190685501 	
0 	
3.49999701080513 	
0 	
2.99999857435547 	
5.49999283177368 	
0 	
4.49999510902199 	
1.99999878934161 	
0 	
1.99999756874787 	
0.999998695540421 	
1.99999678028479 	
4.99999270929759 	
0.999999320815288 	
5.49999053864761 	
0 	
6.49998928504452 	
3.99998870098309 	
3.49999492804044 	
1.99999918908834 	
2.99999773906073 	
4.49999591488155 	
0.999999874489039 	
8.74998293595036 	
1.99999827113573 	
6.99998372489253 	
8.87497419687038 	
5.59721203945256 	
4.99999346525128 	
0.999999362001564 	
4.49999432684283 	
0 	
5.49999207157711 	
2.99999576059403 	
2.99999612740026 	
0 	
5.69443680384942 	
3.49999249051818 	
6.99998993811122 	
1.9999981710566 	
0.999999320815288 	
0 	
1.9999981710566 	
0 	
0 	
1.9999986200448 	
0 	
5.99998980657905 	
0 	
0.999999362001564 	
6.19443301835354 	
1.99999651779393 	
2.99999573040695 	
6.49999350485939 	
5.99999027529939 	
3.49999403266926 	
0 	
2.99999576059403 	
4.7499964646214 	
4.49999411226111 	
4.99998956215928 	
2.99999576059403 	
0 	
1.9999981710566 	
3.49999362891344 	
3.49999492804044 	
2.99999635334682 	
0.999999320815288 	
1.99999788105946 	
1.99999761363494 	
6.49998660939898 	
0 	
5.49998901195419 	
6.74998735042399 	
5.65585448070415 	
4.69443854761321 	
5.99999366962656 	
0 	
4.49999411226111 	
0.999998905533304 	
0 	
7.37498079595795 	
0.999999358698125 	
0 	
3.49999612883582 	
5.74999308974541 	
5.49999279605481 	
7.49998406530822 	
2.99999839005062 	
5.99998622052319 	
1.99999926941578 	
3.49999492804044 	
5.49999053864761 	
3.49999701080513 	
0 	
2.99999644432596 	
6.49999350485939 	
4.49999591488155 	
3.49999673886277 	
0.999999632186113 	
5.59721280873264 	
0 	
0 	
5.65584798991902 	
2.99999555381563 	
3.49999446511083 	
1.99999878934161 	
0 	
5.88887890557935 	
3.99999389322493 	
0 	
1.99999714249104 	
1.99999900162489 	
1.99999788105946 	
0 	
0 	
5.49999077229906 	
2.99999660214674 	
4.69443510677976 	
1.99999788105946 	
1.99999788105946 	
0.999999362001564 	
0.999998750375256 	
0 	
0 	
1.99999646276415 	
5.49998764644183 	
0 	
4.69443645343079 	
4.74999506355813 	
0 	
2.99999851777518 	
0 	
0 	
4.49999510902199 	
0 	
1.99999900162489 	
2.99999747093531 	
1.99999788105946 	
4.69443510677976 	
3.49999542282686 	
6.49998815732814 	
0 	
6.9999858299069 	
4.74999704502969 	
5.65585130019312 	
1.99999761363494 	
6.99998247443033 	
8.49999114133837 	
8.49303088316726 	
3.99999457214404 	
1.99999651779393 	
4.99999270929758 	
0 	
1.99999756874787 	
3.49999492804044 	
6.19443155348768 	
0 	
0.999999834909781 	
3.49999701080513 	
1.99999840465054 	
5.49999007316848 	
4.49999218748743 	
0 	
0 	
3.49999492804044 	
4.99998610701845 	
0.999998773333598 	
7.62558338599497 	
3.49999446511083 	
0.999999075432228 	
1.99999719818003 	
4.49999392972832 	
0 	
0.999999320815288 	
3.49999612883582 	
0 	
3.99999300696322 	
0.999999151454652 	
3.49999216572201 	
8.49999082621409 	
6.49998735995865 	
2.99999851777518 	
3.99999752853951 	
4.99999199750475 	
1.99999926941578 	
3.99999413599598 	
3.41666376853542 	
1.99999868409949 	
0 	
1.99999736794324 	
1.99999827113573 	
0 	
0 	
1.99999900162489 	
5.9999875865772 	
6.65585078346284 	
