0.999998520191943 	
5.74998567715324 	
7.7499734565703 	
2.7499972023528 	
10.8149593235819 	
11.3149472797327 	
11.1874677818109 	
7.90622976380461 	
11.9399532319169 	
10.6899500218641 	
10.6899505639541 	
9.68995455135404 	
1.99999563259555 	
9.5649569652367 	
8.93747452792519 	
6.74998278327765 	
10.3149522348515 	
10.6899527793169 	
5.74998567715324 	
10.0649513318172 	
3.7499929576897 	
3.74999227729911 	
9.28121924934039 	
9.81496069778056 	
3.74999227729911 	
10.0649568324477 	
10.1249685252292 	
3.74999402354258 	
5.74998433565337 	
10.0649513784283 	
6.74998278327765 	
4.74998735563721 	
5.74998387773888 	
5.74998567715324 	
10.0312168253446 	
9.86742158629626 	
9.43995826249408 	
10.1249653564324 	
10.5649464812986 	
11.1899454139656 	
4.9999880267416 	
2.99999276559225 	
4.99999644122221 	
10.1899505150259 	
5.99998905073982 	
5.74998595195508 	
