8.15622599229328 	
5.74998579609826 	
7.7499734565703 	
6.74998654309633 	
2.99999450547416 	
10.0649528447889 	
10.2099523474022 	
8.43996282750244 	
9.6249682126563 	
9.08496988398505 	
9.08496753842462 	
8.49243668571987 	
5.99998572175369 	
6.74998278327765 	
7.59804449096236 	
8.68995792516389 	
2.74999557398414 	
4.99999088092243 	
5.70997789687847 	
8.40622515003613 	
4.9999880267416 	
3.9999907418511 	
2.7499966569728 	
10.4399550980803 	
4.7499884418399 	
8.06496410189744 	
5.74998387773888 	
5.74998567715324 	
10.6899553835151 	
3.74999227729911 	
2.74999409825432 	
8.43996270143101 	
5.74998827065763 	
3.99999029347565 	
8.58496886889413 	
4.99998799154873 	
9.37745505114857 	
9.68995436687189 	
5.74998387773888 	
9.64745360922094 	
4.74998735563721 	
6.74999181883096 	
10.9599526327772 	
3.9999907418511 	
7.74998644918608 	
8.43996256599014 	
8.6899629830644 	
3.74999342275738 	
3.74999227729911 	
5.99998572175369 	
1.99999639325063 	
3.74999227729911 	
