1.99999852360663 	
5.5649770623072 	
6.70998247524332 	
2.9999943335215 	
3.74999619127583 	
7.20997659786041 	
8.25247732647371 	
4.7499884418399 	
3.74999227729911 	
3.99999271878831 	
3.99999271878831 	
1.9999990808059 	
4.74999037052303 	
2.74999409825432 	
7.31497709997524 	
1.99999949396443 	
5.24999435391464 	
5.74998827065763 	
2.74999557398414 	
3.74999227729911 	
3.74999402354258 	
4.7499884418399 	
8.18997624803011 	
3.99999206848659 	
3.74999547832518 	
1.99999723903273 	
8.45997482901512 	
0.99999867811297 	
4.83498402055691 	
8.68996264226605 	
1.99999721013281 	
4.74999361166046 	
5.49998855340799 	
4.74998631791208 	
7.49997959899607 	
1.99999792318291 	
4.99999088092243 	
2.99999384391713 	
1.99999721013281 	
2.99999445629942 	
2.74999632595177 	
6.6474740654039 	
2.74999409825432 	
3.74999356248343 	
7.77246974513348 	
2.99999195251062 	
2.99999445629942 	
5.9999932849819 	
5.74998573719664 	
5.74998387773888 	
1.99999850715521 	
1.99999852360663 	
6.24998957613288 	
