2.74999825663029 	
1.99999966981956 	
2.49999875736744 	
5.99999234951648 	
3.24999783091737 	
6.24999109100947 	
3.99999513968453 	
5.99999416743285 	
4.99999382018573 	
3.99999513968453 	
0.999999834909781 	
0.999999481250932 	
2.99999889655834 	
0.999999632186113 	
6.99999351658298 	
1.9999981079181 	
4.99999578898228 	
1.99999934861435 	
0 	
4.99999560102954 	
5.99999288133998 	
5.9999936054738 	
4.99999439233122 	
4.99999560102954 	
1.74999903519047 	
5.99999306748687 	
0 	
4.99999481888205 	
6.7499909911414 	
0 	
6.99999351658298 	
0.999999834909781 	
1.99999934861435 	
5.99999464625496 	
0 	
3.99999685300019 	
3.99999609534842 	
2.74999868578572 	
0.999999834909781 	
3.99999685300019 	
4.99999526979524 	
1.99999966981956 	
9.24998316204807 	
6.99999180770799 	
4.9999946880379 	
5.49999150536267 	
4.99999392460566 	
4.99999606625024 	
2.99999876358006 	
1.99999772523915 	
0.999999955750158 	
0.999999955750158 	
3.74999797370754 	
4.99999439233122 	
4.99999481888205 	
3.99999685300019 	
5.49999010929911 	
1.99999926437223 	
0.999999834909781 	
7.74999061035961 	
5.99999326405096 	
3.99999661987908 	
3.99999640624267 	
3.99999582083948 	
0.999999075432228 	
1.99999934861435 	
0.999999955750158 	
8.4999909509646 	
4.99999427730595 	
3.9999962915499 	
0.999999674307175 	
2.49999821734847 	
3.24999783091737 	
0.999999674307175 	
6.99999237065044 	
4.99999322727649 	
6.9999928011381 	
1.99999926437223 	
5.99999164301998 	
1.4999991831514 	
4.99999511918552 	
1.99999966981956 	
3.9999962158362 	
2.99999763975014 	
6.99999312351285 	
0 	
1.9999991944008 	
7.49998993506323 	
5.99999464625496 	
3.99999661987908 	
2.7499985585943 	
5.99999464625496 	
6.4999919294357 	
2.99999902292153 	
1.99999934861435 	
4.99999543471516 	
3.99999640624267 	
3.99999582083948 	
0.999999674307175 	
6.49999081072122 	
