5.74998567715324 	
6.74998278327765 	
7.7499734565703 	
1.99999519253672 	
10.8149593235819 	
11.2099483961774 	
9.43995826249408 	
4.99999287468309 	
11.9399532319169 	
2.7499972023528 	
4.74999300141168 	
9.68995455135404 	
2.99999445629942 	
10.5649591830401 	
10.1899542542325 	
11.4399456598369 	
8.0624728800759 	
5.74998181841249 	
7.83496764710691 	
5.74998827065763 	
9.87496858911662 	
3.74999547832518 	
3.99998934473347 	
3.9999907418511 	
4.74999361166046 	
9.09804841254333 	
10.1249685252292 	
1.99999792318291 	
5.74998433565337 	
10.5024543909899 	
5.99998572175369 	
3.74999402354258 	
5.74998595195508 	
8.12497020716837 	
10.5980326273715 	
9.81496069778056 	
11.5849495988212 	
11.0624627577249 	
9.37496714824309 	
8.68996008733496 	
8.70996238565774 	
7.93997127729023 	
8.74997236834453 	
9.74996535620228 	
5.74998567715324 	
5.74998595195508 	
4.99998983545442 	
3.74999053499007 	
7.18997051832639 	
5.74998827065763 	
