0 	
0.999999364845566 	
6.68998289778274 	
3.74999246911751 	
6.7099734890276 	
1.99999543836608 	
0.9999979073327 	
4.49998945775152 	
3.99999439547221 	
0 	
4.99999088092243 	
2.99999816302953 	
1.99999949396443 	
5.49998730748188 	
2.99999465557734 	
2.99999352195004 	
1.99999663053644 	
3.74999402354258 	
2.74999354926639 	
0 	
4.74999620169564 	
0.999999271778113 	
3.74999246911751 	
2.99999276559225 	
2.74999553845135 	
0.999997747951405 	
0 	
0.999998188774909 	
2.74999583053823 	
0.999998230516995 	
3.74998902760823 	
2.99999339472257 	
5.95998615010352 	
3.74999394776705 	
3.7499929576897 	
7.43998011512848 	
2.99999445629942 	
3.74999619127583 	
2.74999904753465 	
3.74999456551273 	
4.99999173943761 	
1.99999584872285 	
2.99999473731337 	
1.99999809513194 	
3.7499929576897 	
0 	
2.99999336724217 	
1.99999852360663 	
2.7499972023528 	
2.99999816302953 	
4.74999048374151 	
0.999998883927388 	
3.99999267996209 	
4.49999520644663 	
