10.4374634833091 	
9.06496087146891 	
7.7499734565703 	
1.99999519253672 	
7.11743919013297 	
1.99999716380409 	
10.1899505150259 	
4.99999287468309 	
0.999998520191943 	
9.31496066728498 	
2.74999553845135 	
10.8749641303407 	
5.99998572175369 	
12.9399455146938 	
2.74999409825432 	
9.7099586278644 	
8.0624728800759 	
5.74998181841249 	
6.74998654309633 	
8.40622515003613 	
4.9999880267416 	
7.62497632073667 	
3.99998934473347 	
10.4399550980803 	
4.74999361166046 	
2.99999513085773 	
4.74998735563721 	
7.52247314845702 	
4.9999880267416 	
5.74998433565337 	
7.56496466675455 	
11.9399436621865 	
5.74998595195508 	
2.74999409825432 	
3.7499946797455 	
1.99999579462064 	
2.99999445629942 	
11.0624627577249 	
10.8349600222492 	
3.9999907418511 	
8.70996238565774 	
11.74996047806 	
2.99999445629942 	
1.99999852360663 	
11.0849537538703 	
4.9999880267416 	
7.31497282119889 	
9.1249669232876 	
7.18997051832639 	
7.06497302864278 	
2.9999959985705 	
