0 	
0 	
1.99999824815813 	
0 	
0 	
0 	
0 	
0.999999674307175 	
0 	
0 	
0 	
0 	
0 	
0 	
0 	
0 	
0 	
0.999999834909781 	
0 	
0 	
0 	
2.99999763975014 	
0 	
0 	
0.999999955750158 	
0 	
0 	
0.999999834909781 	
0.999999834909781 	
0.999999389428094 	
0 	
2.99999816828428 	
0 	
0 	
0 	
0 	
0.999999955750158 	
0 	
0 	
0 	
0.999999213250046 	
0 	
0 	
0 	
0 	
0.999999213250046 	
0 	
0 	
0.999999955750158 	
0 	
0 	
0 	
0 	
0 	
0 	
1.99999842650009 	
1.99999934861435 	
0.999999955750158 	
0 	
0 	
0.999999955750158 	
0 	
0 	
0 	
0 	
0.999999955750158 	
0 	
0 	
0.999999151454652 	
0 	
0 	
0 	
1.99999842650009 	
0 	
0 	
0 	
0.999999213250046 	
0 	
0 	
0 	
0 	
0.999999955750158 	
0 	
0.999999955750158 	
0 	
0 	
0.999999389428094 	
0 	
0 	
0 	
0 	
0.999999151454652 	
0 	
0 	
0 	
0 	
0.999999389428094 	
0 	
0 	
2.99999763975014 	
0 	
0.99999905395905 	
0 	
0 	
0 	
