2.99999734840337 	
0 	
0 	
5.31498660013189 	
2.74999802065021 	
2.74999409825432 	
1.99999852360663 	
2.9999969685452 	
3.74999251314763 	
1.99999579462064 	
3.9999907418511 	
0.999998098399841 	
5.74999035340231 	
0 	
1.99999639325063 	
0.999999746982215 	
2.7499966569728 	
1.99999852360663 	
2.99999661092242 	
0 	
0.999999480761448 	
2.74999708161754 	
3.24999651405999 	
3.9999892376321 	
7.70996946463657 	
8.18748117450257 	
0.999998520191943 	
2.99999473731337 	
1.99999809513194 	
6.45998024937097 	
3.74999098077555 	
0.999998188774909 	
3.74999246911751 	
0.999997316125087 	
3.49999765212327 	
1.99999716380409 	
2.9999969685452 	
2.74999842166022 	
0 	
0.99999867811297 	
0 	
3.70998845502018 	
2.74999474277024 	
2.99999290859832 	
3.74999402354258 	
0 	
5.74998827065763 	
0.999998098399841 	
5.74998579609826 	
6.99998517779796 	
6.18997478575992 	
3.70999450146341 	
7.95996807859278 	
3.74999394765256 	
1.99999797903013 	
3.9999970919782 	
2.99999661092242 	
