0 	
0.999999674307175 	
3.9999962158362 	
0.999999955750158 	
1.9999981079181 	
0 	
2.99999684156446 	
0.999999955750158 	
0 	
0.999999674307175 	
0.999999834909781 	
0 	
0.999999874489039 	
0 	
0 	
2.99999763975014 	
0 	
0 	
0 	
0 	
2.99999708371643 	
0 	
0 	
0 	
4.99999382627527 	
1.99999966981956 	
0.999999955750158 	
0.999999213250046 	
0.999999955750158 	
0 	
0.999999389428094 	
0 	
0.999999955750158 	
0.999999674307175 	
3.74999797370754 	
0 	
0 	
1.99999842650009 	
4.99999560102954 	
1.99999877885619 	
0.999999955750158 	
0 	
1.99999966981956 	
0.999999389428094 	
0 	
0.999999023837105 	
5.49999401999634 	
0.999999834909781 	
0 	
0 	
0.999999834909781 	
0 	
3.99999640624267 	
0 	
0 	
1.49999945202234 	
0.999999389428094 	
0 	
0 	
0.99999905395905 	
0.999999955750158 	
0 	
0 	
0 	
3.99999755771237 	
0.999999955750158 	
0.999999389428094 	
0 	
0 	
0.999999834909781 	
0 	
0.999999834909781 	
3.99999640624267 	
1.49999945202234 	
0 	
0.999999834909781 	
0.999999834909781 	
2.24999871399747 	
0 	
2.99999816828428 	
0.999999834909781 	
0 	
0.999999955750158 	
1.99999966981956 	
3.99999661987908 	
0.999999674307175 	
0.999999674307175 	
0 	
3.99999661987908 	
3.99999640624267 	
3.9999962158362 	
0.999999023837104 	
0 	
1.99999934861435 	
0.999999674307175 	
0.999999955750158 	
1.99999842650009 	
0 	
0.999999834909781 	
0 	
