1.99999814577495 	
0 	
3.99999661987908 	
2.99999816828428 	
0 	
0 	
1.9999981079181 	
0.999999955750158 	
0 	
0 	
4.74999349696679 	
1.49999980424771 	
0.999999834909781 	
0 	
0 	
4.99999560102954 	
0 	
3.99999685300019 	
4.99999526979524 	
2.99999707151132 	
2.99999764887305 	
0 	
0.999999834909781 	
1.49999980424771 	
6.99999275631999 	
3.99999513968453 	
3.99999609534842 	
0 	
0 	
0.999999834909781 	
0 	
0 	
1.99999932513795 	
4.99999382627527 	
2.99999764887305 	
2.99999764887305 	
2.99999708371643 	
0.99999905395905 	
0.999999213250046 	
0.999999674307175 	
0.999999834909781 	
0 	
0.999999955750158 	
1.49999980424771 	
0 	
4.99999606625024 	
1.99999934861435 	
0 	
2.99999716187715 	
0 	
3.99999685300019 	
0 	
1.99999934861435 	
0 	
1.74999938758003 	
0.999999674307175 	
3.99999685300019 	
3.99999661987908 	
0 	
0.999999955750158 	
3.99999685300019 	
3.99999640624267 	
0 	
1.99999814577495 	
0.999999834909781 	
0.999999834909781 	
0 	
2.99999816828428 	
0 	
0 	
1.99999842650009 	
2.99999708371643 	
0.999999955750158 	
0.999999632186113 	
0.999999674307175 	
0 	
1.99999926437223 	
2.99999708371643 	
0.999999955750158 	
0 	
4.99999560102954 	
3.24999737093562 	
0 	
5.49999401999634 	
0.999999674307175 	
0 	
0.999999955750158 	
0.999999703628503 	
0 	
1.9999981079181 	
4.99999382018573 	
0 	
1.99999934861435 	
0 	
3.2499979857418 	
3.99999685300019 	
3.24999836459272 	
1.99999926437223 	
0.999999955750158 	
0.999999955750158 	
3.99999685300019 	
3.99999609534842 	
1.74999938758003 	
0.999999834909781 	
2.99999707151132 	
0.999999955750158 	
0.999999955750158 	
0 	
0 	
3.99999661987908 	
0.999999834909781 	
0 	
0.999999834909781 	
1.99999842650009 	
2.99999844332561 	
0.999999481250932 	
0 	
0 	
0 	
0.999999834909781 	
1.99999934861435 	
0.999999955750158 	
0.99999905395905 	
0 	
1.99999966981956 	
0 	
0.999999834909781 	
5.99999416743285 	
0 	
0 	
3.99999755771237 	
0.999999834909781 	
0.999999834909781 	
1.99999877885619 	
0.999999834909781 	
2.99999716187715 	
0.999999955750158 	
0.999999834909781 	
2.99999708371643 	
3.99999661987908 	
0 	
1.99999877885619 	
2.99999763975014 	
0 	
0 	
0.999999674307175 	
1.99999814577495 	
0 	
0 	
0 	
0 	
1.4999991831514 	
1.9999981079181 	
3.99999661987908 	
0 	
1.9999981079181 	
1.99999837548816 	
1.74999903519047 	
3.99999661987908 	
1.99999814577495 	
0.999999834909781 	
0.999999703628503 	
0 	
0 	
4.2499941530472 	
3.99999545047831 	
0 	
0.999999632186113 	
1.49999955366899 	
3.99999685300019 	
0.999999151454652 	
0 	
0.999999674307175 	
0 	
0 	
1.99999804767421 	
0 	
5.49999404577201 	
0 	
0 	
1.99999814577495 	
0 	
0.999999674307175 	
1.99999842650009 	
0 	
0 	
2.99999707151132 	
3.99999582083948 	
3.99999755771237 	
0 	
0.999999874489039 	
0 	
1.9999981079181 	
4.99999578898228 	
0 	
0 	
0.999999874489039 	
1.99999842650009 	
0 	
1.99999934861435 	
