4.7099853437161 	
6.49998629864032 	
1.99999721013281 	
8.24998794379618 	
1.99999941553263 	
4.99999057861961 	
2.74999887693751 	
3.74999218583906 	
6.45998756492544 	
6.18997507651926 	
1.99999463225017 	
7.74998332569048 	
7.74998175557325 	
2.99999445629942 	
4.31249059703271 	
1.99999776785478 	
0 	
7.74998408243811 	
1.99999511349853 	
7.7099760259633 	
3.99999271878831 	
2.9999959985705 	
2.99999276559225 	
4.74998735563721 	
8.49997666352297 	
1.99999721013281 	
3.74999227729911 	
2.7499948332726 	
0.999999746982215 	
3.99999052921697 	
0 	
3.74999402354258 	
4.7499873143212 	
2.99999543274658 	
8.9999748160036 	
1.99999579462064 	
6.18997997265649 	
2.9999943335215 	
4.459983256903 	
4.99999542303296 	
3.74999203660576 	
3.74999227729911 	
2.7499972023528 	
4.2499894131399 	
0.999997857598995 	
3.74999402354258 	
5.15624349846047 	
2.74999904753465 	
3.99999805598013 	
0.999997984927917 	
1.9999963319515 	
3.99999645188729 	
5.24999267369831 	
