3.99999603229031 	
4.49999385218578 	
4.99999578898228 	
2.99999816828428 	
2.9999969051926 	
4.99999382018573 	
3.99999440771379 	
0.999999834909781 	
2.99999816828428 	
2.9999972546094 	
1.99999934861435 	
1.99999926437223 	
6.99999312351285 	
1.74999938758003 	
1.9999991944008 	
5.99999246645854 	
0.999999703628503 	
3.99999582083948 	
1.74999891107388 	
1.99999932513795 	
4.99999392460566 	
4.99999560102954 	
3.9999962915499 	
3.49999729466457 	
4.99999506168703 	
0 	
4.99999606625024 	
2.99999716187715 	
1.74999938758003 	
0.999999834909781 	
2.99999635476339 	
0 	
0.999999955750158 	
1.99999934861435 	
2.99999716187715 	
2.99999707151132 	
2.49999892545067 	
1.99999966981956 	
2.99999707151132 	
3.99999582083948 	
1.9999991944008 	
6.99999312351285 	
2.99999707151132 	
7.24998814558966 	
2.49999892545067 	
5.99999381038519 	
2.9999969051926 	
0.999999834909781 	
4.99999382018573 	
0 	
0 	
0.999999834909781 	
2.99999763975014 	
4.9999946880379 	
2.99999635476339 	
0.999999834909781 	
0.999999674307175 	
2.99999764887305 	
2.9999969051926 	
0 	
3.49999606989768 	
1.99999842650009 	
0.999999625291197 	
5.99999416743285 	
3.49999683356843 	
1.99999966981956 	
1.9999981079181 	
0 	
2.99999836630281 	
0 	
0.999999834909781 	
3.99999640624267 	
4.99999382627527 	
3.99999609534842 	
6.99999047265097 	
3.99999582083948 	
0.999999955750158 	
1.99999935032798 	
5.99999464625496 	
1.99999877885619 	
5.74999262293735 	
1.74999903519047 	
0.999999874489039 	
0 	
0.999999632186113 	
0 	
1.99999966981956 	
0.999999674307175 	
2.2499991836716 	
0 	
4.99999473160848 	
4.99999302990668 	
0 	
5.99999464625496 	
0.999999955750158 	
5.99999265466942 	
0.999999674307175 	
5.4999950133265 	
0 	
3.99999529448856 	
