0 	
4.99999578898228 	
0.999999834909781 	
1.99999815086446 	
0 	
1.99999837548816 	
2.99999708371643 	
0.999999834909781 	
0 	
0 	
0 	
0 	
0 	
0.999999955750158 	
0 	
0 	
0 	
0 	
0 	
0.999999955750158 	
0 	
1.9999981079181 	
2.99999721990763 	
0 	
0 	
2.99999716187715 	
0.999999955750158 	
0 	
0 	
0.999999834909781 	
2.99999764887305 	
0.999999834909781 	
0 	
0 	
0.999999151454652 	
0 	
0.999999075432228 	
1.99999877885619 	
0 	
0 	
0 	
0 	
0.999999674307175 	
0 	
0.999999834909781 	
0.999999955750158 	
0 	
0 	
3.99999685300019 	
2.99999816828428 	
0 	
0.999999955750158 	
2.99999763975014 	
1.49999980424771 	
0 	
0.999999834909781 	
0 	
0 	
0.999999955750158 	
4.99999560102954 	
0 	
0 	
0 	
0 	
0 	
0 	
0 	
0 	
0 	
0.999999834909781 	
1.99999926437223 	
0 	
0 	
3.99999755771237 	
0.999999955750158 	
0.999999834909781 	
0.999999213250046 	
0.999999955750158 	
0 	
0 	
0 	
0.999999834909781 	
0 	
0.999999955750158 	
0 	
0 	
0 	
1.49999955366899 	
0 	
3.9999962915499 	
0 	
0 	
0.999999213250046 	
0 	
0 	
0 	
0.999999955750158 	
0 	
0 	
0 	
2.99999763975014 	
