3.99999650494113 	
3.9999962158362 	
3.49999782214776 	
5.99999269762682 	
3.74999470950095 	
2.99999902292153 	
0.999999632186113 	
1.99999756984226 	
1.99999966981956 	
4.99999382627527 	
3.9999962158362 	
7.49999211127376 	
7.99999164167896 	
0 	
3.99999640624267 	
5.99999288133998 	
4.74999348997258 	
2.99999764887305 	
6.99999312351285 	
0.999999625291197 	
0 	
2.74999825663029 	
0.999999834909781 	
0.999999834909781 	
1.99999926437223 	
5.99999326405096 	
2.99999601545698 	
1.9999991944008 	
5.99999414302263 	
5.99999164301998 	
4.99999526979524 	
0.999999955750158 	
3.24999836459272 	
4.49999744897774 	
1.99999966981956 	
4.99999511918552 	
2.49999931067901 	
0.999999834909781 	
2.99999635476339 	
4.99999322727649 	
2.7499985585943 	
4.99999382627526 	
7.99999000625833 	
1.9999991944008 	
1.9999975658756 	
3.99999755771237 	
4.99999392460566 	
7.99999058897713 	
0 	
5.99999326405096 	
4.99999560102954 	
1.99999966981956 	
5.99999178930889 	
6.9999928011381 	
2.74999868578572 	
4.99999331656126 	
7.24998814558966 	
5.99999464625496 	
6.99999407422394 	
0 	
0.999999674307175 	
1.99999934861435 	
6.49999306362889 	
6.99999439734986 	
4.99999419536542 	
0.999999834909781 	
0.999999955750158 	
0.999999703628503 	
8.24998896976087 	
2.99999764887305 	
5.99999633656857 	
0.999999834909781 	
3.99999736277906 	
4.99999419536542 	
5.99999381038519 	
4.99999526979524 	
2.49999840848296 	
1.4999991831514 	
4.9999946880379 	
3.99999650494113 	
5.4999935318672 	
1.99999904112638 	
9.24998356901549 	
0.999999834909781 	
1.9999991944008 	
0.999999674307175 	
0.999999834909781 	
2.74999788667357 	
5.99999326405096 	
4.99999560102954 	
5.7499920753544 	
1.99999926437223 	
1.99999814577495 	
1.99999934861435 	
6.99998970023079 	
6.99999237065044 	
4.99999560102954 	
5.99999416743285 	
3.99999640624267 	
4.99999578898228 	
