7.83497985400793 	
9.68995474695682 	
4.74999016659661 	
4.74998735563721 	
3.74999227729911 	
2.74999474277024 	
8.99997064597287 	
2.99999403492241 	
3.9999907418511 	
4.99999665956439 	
4.9999880267416 	
2.99999276559225 	
11.4399505849092 	
8.90622115167606 	
10.4399498031979 	
2.99999513085773 	
3.99999052921697 	
4.74999016659661 	
4.7499873143212 	
7.37498904248437 	
3.99999029347565 	
4.74999016659661 	
10.2499645081413 	
9.08496849460477 	
4.74998735563721 	
0.999998098399841 	
6.9999816848139 	
3.99999181877967 	
1.99999852360663 	
4.74998735563721 	
3.74999342275738 	
10.4999660397419 	
7.90622850035021 	
9.81496069778056 	
5.99998572175369 	
6.56497816785793 	
6.74998654309633 	
1.99999584872285 	
9.20996020317617 	
3.74999053499007 	
10.3349543729907 	
1.99999809513194 	
4.9999880267416 	
9.18996345922243 	
9.74996534195198 	
2.9999959985705 	
2.99999290859832 	
3.99999029347565 	
9.33495720527619 	
9.59803967064507 	
9.74996692468839 	
9.43996061270272 	
6.74998110477827 	
