5.99999364918066 	
3.9999962158362 	
0 	
0 	
0.999999955750158 	
0 	
0.999999834909781 	
0.999999955750158 	
3.99999640624267 	
0 	
3.99999685300019 	
0 	
0 	
0.99999905395905 	
4.99999506168703 	
0 	
0.999999834909781 	
0 	
2.99999764887305 	
0 	
0.999999674307175 	
0.999999632186113 	
0.999999625291197 	
1.99999756984226 	
0.999999955750158 	
2.99999764887305 	
0 	
1.99999877885619 	
0 	
0.999999955750158 	
0 	
0 	
2.99999816828428 	
0 	
0 	
0.999999874489039 	
2.99999716187715 	
0 	
4.99999560102954 	
1.99999804767421 	
0 	
2.99999708371643 	
0.999999151454652 	
4.99999560102954 	
3.99999685300019 	
1.99999934861435 	
0 	
3.99999640624267 	
0 	
0 	
0.999999834909781 	
4.99999606625024 	
1.99999842650009 	
2.99999708371643 	
0 	
0 	
0 	
0.999999834909781 	
2.9999969051926 	
0.999999834909781 	
3.99999685300019 	
2.99999708371643 	
0 	
0 	
0.999999674307175 	
2.99999816828428 	
0 	
1.99999934861435 	
0.999999834909781 	
0 	
2.99999716187715 	
0 	
3.99999603229032 	
0.999999834909781 	
2.99999816828428 	
3.99999650494113 	
0 	
0.999999834909781 	
0.999999674307175 	
0.999999834909781 	
1.49999980424771 	
0.999999674307175 	
0 	
0 	
4.99999439233122 	
2.99999816828428 	
2.99999902292153 	
4.99999560102954 	
0.999999834909781 	
0.999999834909781 	
0 	
0 	
0 	
0.999999834909781 	
0 	
0 	
0.999999955750158 	
0 	
2.99999763975014 	
0 	
0.999999674307175 	
