4.99999694714047 	
3.99999609534842 	
0.999999834909781 	
1.99999932513795 	
0 	
3.99999640624267 	
0.999999834909781 	
0 	
0 	
0.999999674307175 	
1.99999934861435 	
2.99999763975014 	
3.99999685300019 	
0.999999674307175 	
2.99999708371643 	
0 	
0 	
1.99999877885619 	
0 	
0 	
2.2499991836716 	
1.9999981079181 	
0.999999874489039 	
0.999999674307175 	
0 	
1.99999966981956 	
1.99999837548816 	
0.999999955750158 	
0 	
0 	
0 	
0 	
5.99999414302263 	
0.999999213250046 	
0.999999834909781 	
1.99999966981956 	
0 	
3.49999855763678 	
0.999999674307175 	
0 	
0.999999955750158 	
2.99999644066999 	
5.99999246645854 	
1.9999975658756 	
0 	
0 	
0 	
0 	
1.99999772523915 	
0.999999533150113 	
0 	
0.999998784921131 	
2.49999892545067 	
1.99999814577495 	
0 	
3.99999582083948 	
1.99999837548816 	
2.99999763975014 	
0 	
0.999999955750158 	
0.999999834909781 	
3.99999516649427 	
2.24999871399747 	
0 	
3.49999814273158 	
0.999999834909781 	
0.99999905395905 	
0 	
2.2499991836716 	
0.999999674307175 	
1.99999932513795 	
0.999999834909781 	
3.99999661987908 	
3.99999685300019 	
0.999999955750158 	
4.99999439233122 	
5.99999545475941 	
0 	
0 	
0 	
0.999999955750158 	
0 	
0.999999674307175 	
2.99999644066999 	
3.99999582083948 	
1.99999966981956 	
0.999999632186113 	
4.99999560102954 	
0.999999955750158 	
0.999999955750158 	
0.999998905533304 	
0 	
0.999999834909781 	
0.999999632186113 	
0.999999834909781 	
0 	
3.99999640624267 	
1.99999772523915 	
0.999999674307175 	
1.99999837548816 	
4.99999578898228 	
0 	
0.999999874489039 	
0 	
1.9999981079181 	
0.999999632186113 	
0 	
3.49999855763678 	
1.49999955366899 	
2.99999816828428 	
0.999999834909781 	
1.49999955366899 	
5.9999943237543 	
2.24999854858827 	
0 	
3.99999582083948 	
0 	
0.999999834909781 	
0.999999834909781 	
2.99999764887305 	
5.99999265466942 	
0 	
0.999999874489039 	
3.99999609534842 	
0.999999955750158 	
1.99999815086446 	
0 	
0 	
5.99999464625496 	
1.99999934861435 	
1.99999815086446 	
2.99999902292153 	
1.99999772523915 	
0 	
0 	
0 	
0 	
0.999999834909781 	
0.999999703628503 	
3.99999685300019 	
1.49999955366899 	
0.999999674307175 	
0.999999955750158 	
2.49999667264649 	
0 	
1.99999934861435 	
3.99999685300019 	
3.99999685300019 	
0 	
0.999999834909781 	
5.4999935318672 	
0 	
5.49999259646426 	
0 	
3.99999640624267 	
0 	
4.99999543471516 	
0.999999834909781 	
0.999999834909781 	
1.99999934861435 	
0.999999834909781 	
0.999999955750158 	
0 	
0 	
1.99999785603782 	
2.49999877460627 	
1.99999966981956 	
0 	
0 	
1.99999935032798 	
3.99999685300019 	
2.49999877460627 	
0 	
0 	
1.99999934861435 	
0.999999834909781 	
0.999999834909781 	
3.99999529448856 	
0.999999955750158 	
0.999999955750158 	
1.9999981079181 	
5.49999404577201 	
0.999999674307175 	
1.99999966981956 	
0.999999955750158 	
2.99999763975014 	
0.99999905395905 	
0 	
0 	
1.99999966981956 	
0.999999674307175 	
0.999999834909781 	
0.999999674307175 	
0.999999834909781 	
2.99999708371643 	
1.99999842650009 	
2.99999708371643 	
2.99999764887305 	
0 	
3.99999661987908 	
