3.7499929576897 	
4.74998964033675 	
5.99998905073982 	
7.45996821629665 	
9.95996148700599 	
3.74999053499007 	
9.45996597006515 	
8.56495601321337 	
4.74998963348078 	
4.74999225377032 	
5.74998681413042 	
7.95998025086283 	
3.74999342275738 	
3.74999402354258 	
9.45996344404975 	
4.74998735563721 	
3.74999402354258 	
7.86743305730598 	
10.6899505639541 	
6.06497095753116 	
3.74999203660576 	
7.31496533336372 	
2.9999959985705 	
4.74998872746817 	
8.93995655074976 	
9.18995936823594 	
6.70998147253714 	
7.39747406640855 	
8.81496549050345 	
6.24998957613288 	
2.74999553845135 	
8.2230456440326 	
7.43996835406924 	
2.9999959985705 	
7.5849649978319 	
0.999998098399841 	
6.12498009106056 	
2.9999959985705 	
2.9999943335215 	
9.49997301498239 	
1.99999809513194 	
2.99999276559225 	
5.74998827065763 	
3.74999402354258 	
7.24997736741563 	
8.58496673231758 	
4.7499884418399 	
8.31496408925923 	
2.74999409825432 	
8.56497047144842 	
7.37497776384178 	
8.18996396574877 	
