8.72305161149224 	
10.084959765532 	
10.0649513318172 	
8.03123557752437 	
0 	
0.99999867811297 	
4.99998678568242 	
4.74999041047405 	
1.99999716380409 	
10.3149508915585 	
8.37497724039477 	
9.06246936204251 	
8.31496892681992 	
6.99998344251631 	
7.49997959899607 	
0.999997547738394 	
5.74998827065763 	
2.99999513085773 	
2.99999456632473 	
3.74999402354258 	
8.87497576420111 	
1.99999947878987 	
2.74999409825432 	
6.49998570669225 	
5.4999943555922 	
2.99999358863487 	
8.81496549050345 	
2.99999384391713 	
5.99998695030685 	
0 	
4.7499884418399 	
5.93997793002082 	
8.20996816764454 	
5.74998387773888 	
4.62499380902788 	
4.74999048374151 	
5.49998730748188 	
3.74999402354258 	
5.95997347590538 	
9.43995933906826 	
7.62497833796041 	
8.03121763076625 	
5.18998190903679 	
2.7499972023528 	
8.99997115147058 	
3.99999267996209 	
7.87498909890531 	
5.74998827065763 	
8.20996239326672 	
5.7499872835386 	
3.74999218583906 	
7.874976654452 	
