4.74999389276064 	
2.99999708371643 	
0 	
0.999999955750158 	
5.9999943237543 	
4.99999578898228 	
4.99999578898228 	
1.99999896250186 	
0.999999834909781 	
1.99999804767421 	
5.99999545475941 	
2.99999763975014 	
4.99999506168703 	
0 	
3.9999962915499 	
0.999999625291197 	
4.99999560102954 	
4.99999439233122 	
4.99999473160848 	
0 	
0 	
4.99999439233122 	
0.999999703628503 	
4.49999531362711 	
1.99999904112638 	
1.99999772523915 	
0 	
0.999999075432228 	
0 	
0.999999955750158 	
0.999999834909781 	
2.99999816828428 	
1.99999814577495 	
0.99999905395905 	
3.99999640624267 	
1.9999981079181 	
0 	
1.99999966981956 	
1.99999966981956 	
3.99999650494113 	
1.99999966981956 	
1.99999934861435 	
2.9999979085922 	
1.99999934861435 	
5.99999416743285 	
5.99999633656857 	
1.99999934861435 	
1.99999934861435 	
1.99999804767421 	
4.99999694714047 	
4.99999526979524 	
4.99999560102954 	
0.999999834909781 	
0 	
0.999999834909781 	
1.99999934861435 	
3.99999640624267 	
2.49999931067901 	
0 	
0 	
5.99999416743285 	
6.9999928011381 	
6.99999312351285 	
0.999999834909781 	
0.999999955750158 	
1.99999934861435 	
0.999999955750158 	
2.99999708371643 	
0.999999674307175 	
3.99999661987908 	
0 	
2.9999969051926 	
0.999999834909781 	
1.99999966981956 	
1.99999842650009 	
4.99999606625024 	
3.99999609534842 	
0 	
2.9999969051926 	
5.99999269762682 	
0.999999834909781 	
0 	
4.99999606625024 	
2.99999890404468 	
0 	
0.999999213250046 	
0.999999213250046 	
3.99999852874445 	
5.99999545475941 	
2.99999708371643 	
0.999999834909781 	
2.99999707151132 	
0 	
1.9999991944008 	
1.9999975658756 	
2.99999716187715 	
0 	
1.74999938758003 	
3.99999640624267 	
3.99999513968453 	
0 	
6.49999120748662 	
0.999999834909781 	
3.99999640624267 	
0 	
0 	
2.99999708371643 	
0.99999905395905 	
5.99999464625496 	
0 	
1.99999842650009 	
0.999998784921131 	
2.99999890404468 	
0.999999955750158 	
4.99999439233122 	
4.99999578898228 	
0.999999955750158 	
0 	
3.99999755771237 	
0.999999955750158 	
5.9999943237543 	
0 	
2.99999716187715 	
1.49999955366899 	
1.99999934861435 	
0.999999874489039 	
1.99999837548816 	
2.99999707151132 	
4.99999331656126 	
0 	
0.999999674307175 	
5.49999233979681 	
1.9999991944008 	
0.999999834909781 	
3.99999685300019 	
0.999999955750158 	
2.99999716187715 	
2.49999892545067 	
4.99999316801421 	
4.99999506168703 	
0.999999674307175 	
0.999999674307175 	
3.74999386240236 	
2.99999707151132 	
1.99999926437223 	
3.99999685300019 	
0.999999834909781 	
0.999999955750158 	
1.99999842650009 	
2.74999788667357 	
0.999999674307175 	
0 	
3.99999582083948 	
0.999999674307175 	
4.99999382627527 	
4.99999526979524 	
2.99999716187715 	
1.99999896250186 	
2.99999902292153 	
0.999999703628503 	
1.74999953715819 	
1.49999955366899 	
2.9999969051926 	
0.999999834909781 	
6.9999928011381 	
0.999999874489039 	
2.74999868578572 	
6.49999312857578 	
0.999999834909781 	
3.9999962158362 	
4.99999543471516 	
0.999999834909781 	
2.99999708371643 	
0.999999674307175 	
0.999999955750158 	
5.99999416743285 	
3.99999685300019 	
1.99999772523915 	
0 	
3.99999640624267 	
3.99999852874445 	
0.999999834909781 	
3.99999609534842 	
0.999998784921131 	
0.999999834909781 	
2.9999969051926 	
0.999999703628503 	
0.999999834909781 	
1.99999877885619 	
2.99999708371643 	
2.99999763975014 	
0 	
0.999999955750158 	
3.99999755771237 	
2.49999892545067 	
4.99999439233122 	
0.999999834909781 	
0 	
1.99999708269133 	
3.99999640624267 	
