0 	
0 	
1.99999824815857 	
0.999999948466456 	
0 	
0 	
0 	
0 	
0 	
0 	
0 	
0.999999625450423 	
0 	
0 	
0.999999955750158 	
0 	
0 	
0 	
0.999999955750158 	
0 	
1.99999877885619 	
0 	
0 	
0 	
0.999999389428094 	
0 	
0 	
0 	
0 	
0 	
0 	
0 	
0 	
0.999999955750158 	
0 	
0.999999955750158 	
0 	
0 	
1.99999877885619 	
0.999999955750158 	
0 	
0 	
0 	
0 	
0.999999632186113 	
0 	
0 	
0 	
0.999999834909781 	
0 	
0 	
0 	
0 	
0 	
0.999999955750158 	
0 	
0 	
0 	
0 	
0 	
0 	
0 	
0.999999955750158 	
0.999999955750158 	
0 	
1.99999877885619 	
0 	
1.99999877885619 	
0 	
0 	
0.999999955750158 	
0 	
0 	
0 	
0 	
0 	
0 	
0 	
0 	
0 	
0 	
0 	
0 	
0 	
0 	
0 	
0 	
0 	
0 	
0 	
0 	
0 	
0 	
0 	
0 	
0 	
0 	
0 	
0 	
0 	
0.999999674307175 	
0 	
0 	
0.999999674307175 	
0 	
0 	
0 	
2.99999764887305 	
0 	
0.999999955750158 	
0.999999834909781 	
0.999999955750158 	
0 	
