1.99999639325063 	
4.74999016659661 	
5.99998572175369 	
2.7499948332726 	
2.74999842166022 	
8.12497855096849 	
9.87497318220553 	
10.3349558835838 	
9.31247736263784 	
2.74999553845135 	
9.08496753842462 	
8.18996615247831 	
1.9999963319515 	
9.24242840449615 	
7.68998066376236 	
8.08497008888478 	
9.02245954764769 	
11.5024583171914 	
2.99999384391713 	
4.9999880267416 	
10.8749591952702 	
5.74998827065763 	
10.7499712074619 	
7.43997631989666 	
4.7499884418399 	
5.74998827065763 	
4.99999088092243 	
2.7499972023528 	
3.74999227729911 	
1.99999852360663 	
8.12497234301518 	
7.83496957362317 	
1.99999639325063 	
9.62746241897264 	
3.74999227729911 	
4.74998964033675 	
2.74999553845135 	
11.4999574219528 	
7.28123524329309 	
5.74998595195508 	
2.99999445629942 	
4.74999016659661 	
8.49997321401634 	
8.56496143664763 	
4.9999880267416 	
2.7499972023528 	
5.74998567715324 	
8.12497595031579 	
2.74999553845135 	
7.93996375498393 	
4.74999016659661 	
9.20995959799881 	
