2.99999763975014 	
0.999999955750158 	
0.99999905395905 	
0.999999955750158 	
0 	
0.999999834909781 	
0.999999955750158 	
0 	
0.999999955750158 	
0 	
2.49999892545067 	
0.999999955750158 	
0.999999955750158 	
1.99999877885619 	
0 	
0 	
0 	
0 	
0.999999213250046 	
0.999999834909781 	
0 	
0 	
0.999999955750158 	
1.4999991831514 	
0 	
0.999999834909781 	
0 	
0.999999834909781 	
0 	
0 	
0 	
0.999999955750158 	
0 	
0.999999834909781 	
0 	
0.999999834909781 	
0 	
2.49999892545067 	
0 	
0 	
0 	
0.999999955750158 	
0 	
0 	
0.999999213250046 	
0 	
0 	
4.99999694714047 	
1.99999877885619 	
0.999999955750158 	
0 	
0 	
0.999999955750158 	
0.999999389428094 	
2.99999816828428 	
0.999999834909781 	
0 	
0.999999023837104 	
0.999999955750158 	
0.999999834909781 	
1.99999781106661 	
0 	
0 	
0 	
0.999999834909781 	
0 	
0 	
0 	
0.999999955750158 	
0 	
0 	
0.999999955750158 	
0 	
0 	
0.999999955750158 	
2.99999716187715 	
1.99999814577495 	
0.999999389428094 	
0 	
0 	
0 	
0 	
0 	
2.99999708371643 	
1.9999981079181 	
0.999999955750158 	
0 	
0 	
0 	
0 	
0 	
2.99999816828428 	
0 	
0 	
3.99999640624267 	
0.999999834909781 	
0.999999389428094 	
0.999999834909781 	
0.999999834909781 	
0 	
