0 	
0 	
0 	
0 	
3.99999661987908 	
2.99999708371643 	
0 	
0 	
1.49999980424771 	
0.999999674307175 	
0 	
0.999999955750158 	
0 	
3.99999640624267 	
0 	
1.99999837548816 	
0.999999955750158 	
3.99999661987908 	
0.999999955750158 	
2.99999763975014 	
0 	
0 	
0 	
1.49999945202234 	
0 	
0 	
0 	
3.9999962158362 	
0 	
0 	
0.999999955750158 	
3.49999855763678 	
0 	
0.999999190685501 	
0 	
0 	
0 	
0 	
0.999999955750158 	
1.49999955366899 	
0 	
1.99999877885619 	
0.999999834909781 	
3.99999685300019 	
1.99999934861435 	
0 	
2.9999969051926 	
0 	
1.99999966981956 	
2.99999716187715 	
3.99999640624267 	
0 	
0.999999874489039 	
0.999999874489039 	
0.999999834909781 	
0.999999674307175 	
1.9999981079181 	
0.999999834909781 	
0 	
0 	
0 	
3.99999755771237 	
0 	
3.99999685300019 	
0.999999834909781 	
0.999999834909781 	
1.74999953715819 	
3.99999640624267 	
2.99999816828428 	
0 	
3.99999685300019 	
0 	
0 	
0.999999834909781 	
0 	
0 	
0 	
1.99999934861435 	
2.99999763975014 	
0.999998750375256 	
2.99999763975014 	
0.999999834909781 	
0.999999834909781 	
2.99999635476339 	
3.99999603229032 	
0.999999632186113 	
0.999999632186113 	
3.99999685300019 	
3.99999685300019 	
1.99999781106661 	
0 	
0.999999834909781 	
0.999999834909781 	
0.999999674307175 	
0.999999955750158 	
1.99999772523915 	
1.99999926437223 	
0.999999955750158 	
0 	
2.99999716187715 	
