0.999999948466456 	
0 	
2.99999726117373 	
3.99999743416343 	
0 	
0.999999834909781 	
3.99999661987908 	
0 	
2.99999816828428 	
0 	
3.9999962158362 	
3.99999661987908 	
0 	
0.999999389428094 	
0 	
0 	
0 	
0 	
0.999999874489039 	
0.999999955750158 	
0 	
0 	
0.999999213250046 	
0 	
0.999999834909781 	
0 	
0 	
0 	
0 	
3.99999755771237 	
0 	
0.999999674307175 	
0 	
0.999999834909781 	
0 	
0 	
0 	
0 	
0 	
0.999999674307175 	
0 	
1.49999955366899 	
0 	
0 	
0 	
0 	
1.99999842650009 	
0 	
0 	
0 	
0 	
0 	
0 	
0.999999955750158 	
0 	
0 	
0.999999834909781 	
0 	
0.999999834909781 	
0 	
0.999999834909781 	
0 	
0.999999955750158 	
0.99999905395905 	
0.999999834909781 	
0 	
0 	
0 	
0 	
0 	
0 	
1.99999837548816 	
0 	
0 	
0.999999213250046 	
0 	
0 	
0 	
0.999999213250046 	
0.999999955750158 	
0 	
0.999999955750158 	
0 	
0 	
0 	
0 	
0 	
0 	
0 	
0 	
0 	
0 	
0 	
0 	
0 	
0.999999023837104 	
0 	
0 	
0 	
0.999999834909781 	
0.999999834909781 	
0.999999955750158 	
0 	
1.99999842650009 	
