0.999999955750158 	
4.24999466474083 	
0 	
0 	
3.99999590222263 	
0 	
0.999999955750158 	
0 	
2.49999931067901 	
4.9999937495599 	
0 	
0 	
3.49999637351724 	
0 	
0 	
1.99999771244507 	
2.99999692666698 	
0 	
0.999999955750158 	
0 	
1.99999758093262 	
2.99999648100636 	
0 	
0.999999955750158 	
0 	
3.99999590222263 	
0 	
0.999999674307175 	
0 	
0 	
0 	
0.999999955750158 	
2.99999692666698 	
0.999999834909781 	
0.99999874991198 	
0 	
0.999999955750158 	
2.99999692666698 	
0 	
0 	
0 	
0 	
3.4999954831983 	
0 	
4.74999450235601 	
0 	
0 	
0 	
0.999999955750158 	
2.99999624973594 	
