0 	
0.999999955750158 	
3.87499559692861 	
6.74999283800871 	
4.99999298199091 	
7.87498976288562 	
0 	
0.999999834909781 	
0.999999955750158 	
5.49999453589865 	
0.999999834909781 	
4.12499483419102 	
0 	
0.999999955750158 	
0 	
0 	
4.49999433843529 	
3.99999499964792 	
6.24999205928434 	
0 	
0 	
0.999999834909781 	
6.62499258590516 	
0 	
2.74999689617492 	
8.74998712393669 	
0.999999955750158 	
4.12499535989801 	
0 	
5.49999436934649 	
0 	
0 	
0 	
0.999999834909781 	
0 	
5.49999249555049 	
6.34374183702954 	
0 	
6.74999125760655 	
0 	
6.4999922949722 	
5.99999363287546 	
0.999999834909781 	
0.999999955750158 	
4.49999400378034 	
0.999999955750158 	
0 	
4.9999932559226 	
1.99999966981956 	
0 	
0.999999955750158 	
