0.999998750375256 	
0.999998975555658 	
0.999998856222535 	
0 	
0 	
0 	
0 	
0 	
0.999998975555658 	
0 	
0.999998856222535 	
0 	
0 	
0 	
1.99999795111132 	
0 	
0 	
2.49999729232653 	
1.99999795111132 	
0 	
0 	
0 	
0 	
0 	
0 	
0 	
0.999999955750158 	
0 	
0 	
0 	
0 	
0 	
0 	
0 	
4.74999488689739 	
0 	
0 	
0 	
0 	
0 	
0.999998856222535 	
0 	
0.999999955750158 	
0.999999955750158 	
0 	
0 	
0 	
0 	
0 	
0 	
0 	
0 	
0 	
0 	
0 	
0 	
0 	
0 	
0 	
0 	
0 	
0 	
0 	
1.99999771244507 	
0 	
0 	
0 	
0.999998975555658 	
0 	
0 	
0 	
2.99999692666698 	
0 	
0 	
0 	
0 	
2.99999692666698 	
0 	
0 	
0 	
0 	
0 	
0.999999955750158 	
3.49999637351724 	
0 	
0 	
0 	
0.999999955750158 	
0 	
0 	
0 	
0 	
1.49999839537933 	
0 	
0 	
0 	
0 	
0 	
0.999999955750158 	
0 	
0 	
0 	
0 	
3.12499676179634 	
0 	
0 	
0 	
0 	
0.999998856222535 	
