0 	
0 	
0 	
0 	
0 	
0.999999955750158 	
0 	
0 	
0 	
0 	
0 	
3.49999510806918 	
1.99999795111132 	
0 	
0.999999955750158 	
0 	
0 	
0 	
0.999999955750158 	
0 	
0 	
0 	
0.999999955750158 	
0 	
0 	
0 	
0 	
0 	
0 	
0 	
0 	
3.99999590222263 	
0 	
0 	
0 	
0.999998856222535 	
0 	
1.99999966981956 	
0.999998750375256 	
0 	
2.87499670736558 	
0 	
0 	
0 	
0 	
0 	
0 	
0 	
0 	
0 	
0 	
0 	
0 	
0 	
3.99999590222263 	
1.99999795111132 	
0 	
0 	
0 	
0 	
0 	
0 	
1.99999795111132 	
0 	
0 	
0 	
0 	
0 	
0.999998856222535 	
0 	
3.49999590497716 	
2.74999716013067 	
0.999998856222535 	
0.999999834909781 	
0.999999955750158 	
0 	
0 	
0 	
0.999999955750158 	
0 	
0 	
0 	
0 	
0 	
0 	
0.99999874991198 	
0 	
0 	
0.999999955750158 	
0 	
0.999999955750158 	
0 	
0 	
0 	
0 	
1.49999955366899 	
0 	
0 	
0 	
2.49999694268628 	
0 	
0 	
1.74999800225566 	
0 	
2.99999692666698 	
