0.999998975555658 	
0.99999874991198 	
2.87499670736558 	
1.99999966981956 	
2.99999679075866 	
1.49999980424771 	
0 	
6.99999044606286 	
0 	
0 	
0 	
0 	
0 	
0 	
4.74999450235601 	
0.999999955750158 	
0.999999955750158 	
0.999999674307175 	
0 	
0 	
0 	
0 	
0 	
0 	
1.74999953715819 	
0.999999834909781 	
0 	
0 	
0 	
5.49999453589865 	
3.99999444267057 	
0.999999955750158 	
0 	
0 	
2.99999648100636 	
0 	
3.99999590222263 	
0.999999674307175 	
0 	
0 	
3.99999542489014 	
4.49999272801848 	
0 	
0 	
3.24999560830294 	
0 	
5.7499931476486 	
1.99999966981956 	
3.74999633288855 	
0 	
0.999999834909781 	
0 	
