0.999999834909781 	
0.999999955750158 	
6.24999375494273 	
0 	
0.999999955750158 	
0 	
0 	
0 	
1.99999900820924 	
0 	
0 	
0 	
2.7499963153205 	
0 	
0 	
2.99999606098788 	
0 	
0.999999955750158 	
4.49999545470794 	
0.999999955750158 	
2.74999716013067 	
0.999999834909781 	
3.49999637351724 	
3.74999543520353 	
0.999999955750158 	
0.999999834909781 	
4.24999546283368 	
0.999999834909781 	
0 	
1.99999749982396 	
1.99999771244507 	
0 	
0.999999834909781 	
0.999999955750158 	
0.999999955750158 	
0 	
0 	
5.99999191294138 	
6.24999280115209 	
3.99999596672659 	
0 	
0 	
0 	
0.999999955750158 	
0.999999955750158 	
0 	
4.24999487657032 	
2.49999694268628 	
5.49999348788734 	
0.999999955750158 	
