0 	
0 	
0 	
0 	
0 	
0 	
0 	
0 	
0 	
0 	
0 	
0 	
0 	
0 	
1.99999771244507 	
0 	
0 	
1.99999771244507 	
0 	
0 	
3.49999590497716 	
0 	
2.99999679075866 	
0 	
0 	
0 	
0 	
0 	
0 	
0.999999955750158 	
0 	
0 	
3.49999637351724 	
0 	
0 	
0.999999955750158 	
0 	
0.999999674307175 	
0 	
0 	
0.999999955750158 	
0 	
0 	
0.999998975555658 	
0.999998856222535 	
1.99999749982396 	
2.49999729232654 	
0 	
0 	
0 	
0 	
0.999999955750158 	
0 	
0 	
0 	
0 	
0 	
0 	
0 	
2.74999671989155 	
0 	
0.999999834909781 	
0 	
0 	
0 	
0 	
0 	
0.999999834909781 	
0 	
0 	
0.999999955750158 	
0 	
0 	
0 	
1.99999771244507 	
0 	
5.2499943267132 	
0 	
0 	
2.49999668389189 	
0 	
0 	
0 	
0 	
0 	
3.49999637351724 	
0 	
1.49999980424771 	
0 	
3.99999499964792 	
0 	
0.999999955750158 	
0.999999955750158 	
0 	
1.99999771244507 	
0 	
0.999999955750158 	
0.999999955750158 	
0.999998975555658 	
0 	
0 	
2.99999692666698 	
0.999998975555658 	
0 	
0 	
0 	
