0 	
9.87498528822457 	
0 	
0.999999834909781 	
6.12499173099127 	
4.49999545470794 	
7.74999110237484 	
0 	
0 	
0 	
0 	
4.24999393963975 	
0.999999955750158 	
4.62499408743809 	
6.12499363334083 	
0 	
0.999999834909781 	
5.74999306097911 	
5.62499352735001 	
0.999999955750158 	
3.99999499964792 	
0 	
9.24998764165957 	
0 	
6.12499145388839 	
5.49999436934649 	
6.24999286741294 	
0 	
0 	
0 	
0 	
7.37499067639621 	
5.74999283212985 	
6.99999180995434 	
0 	
8.24999041075594 	
0 	
0 	
3.99999539345915 	
0 	
0.999999955750158 	
6.12499388537721 	
0 	
0.999999955750158 	
1.49999980424771 	
0 	
1.74999938758003 	
0 	
1.99999966981956 	
0.999999955750158 	
0.999999955750158 	
0 	
0.999999834909781 	
5.74999164469047 	
0.999999955750158 	
0.999999834909781 	
3.49999637351724 	
3.49999637351724 	
1.49999955366899 	
0 	
5.7499920887603 	
0 	
6.74999102864689 	
0 	
4.49999450235601 	
0.999999955750158 	
4.99999487777829 	
0 	
8.37498783878041 	
2.49999931067901 	
1.49999980424771 	
3.49999510327702 	
6.62499350911152 	
1.99999771244507 	
4.49999390945126 	
6.49999358126071 	
3.24999783091737 	
1.99999934861435 	
3.49999855763678 	
4.12499593776426 	
0 	
7.74999046585037 	
5.49999348788734 	
0 	
2.99999606098788 	
3.99999499964792 	
0 	
0 	
2.99999692666698 	
0 	
6.62499258590516 	
2.99999589655823 	
0.999999955750158 	
0 	
4.49999486726805 	
0.999999834909781 	
7.37499076247695 	
6.49999250451572 	
4.49999400378034 	
5.49999348788734 	
0 	
5.49999284158021 	
0 	
1.49999980424771 	
0.999999834909781 	
0 	
0 	
1.99999934861435 	
1.49999955366899 	
0 	
3.4999954831983 	
1.74999953715819 	
0.999999834909781 	
2.87499670736558 	
0 	
4.9999937495599 	
1.74999938758003 	
4.74999450235601 	
7.62498913137174 	
4.24999487657032 	
6.74999186576798 	
1.49999980424771 	
0 	
0 	
0 	
1.99999771244507 	
5.49999382955893 	
0 	
6.24999266980801 	
0 	
0 	
0.999999955750158 	
0.999999834909781 	
0.999999955750158 	
6.4999920554381 	
7.24998953764785 	
0 	
1.49999955366899 	
2.99999648100636 	
0 	
6.49999020640766 	
0 	
8.24998780359878 	
0 	
4.74999388041222 	
6.99999053019679 	
0 	
6.12499177400804 	
0.999999955750158 	
0.999999834909781 	
