1.99999795111132 	
0.999999955750158 	
0.999998750375256 	
0 	
3.99999542489014 	
0 	
0 	
0 	
0 	
0 	
0.999998481277345 	
3.24999468410444 	
0 	
2.99999692666698 	
0 	
0 	
0 	
0 	
0 	
0 	
0 	
0.999999955750158 	
1.99999771244507 	
3.99999445333997 	
0 	
0 	
3.99999542489014 	
0 	
1.99999771244507 	
0 	
1.99999966981956 	
0.999998856222535 	
4.99999428111268 	
0 	
0 	
0 	
0.999999955750158 	
0 	
0 	
0.999999834909781 	
0 	
0.999999955750158 	
0.999998856222535 	
3.49999637351724 	
3.74999543520353 	
0 	
3.99999590222263 	
0 	
0 	
0 	
0 	
2.74999671989154 	
0 	
