0 	
1.99999966981956 	
1.49999955366899 	
5.74999061078214 	
0 	
5.24999240306879 	
3.49999579987776 	
3.74999501103815 	
1.49999955366899 	
0.999999834909781 	
4.99999344603986 	
0.999999955750158 	
0 	
3.74999501103815 	
0 	
0 	
0 	
4.9999942106201 	
5.99999087610732 	
4.6249938426108 	
0.999999955750158 	
0 	
0 	
0 	
6.74999215826684 	
4.24999505713419 	
0 	
2.99999648100636 	
0 	
0.999999674307175 	
6.74999008246791 	
0.999999955750158 	
0.999999834909781 	
0 	
0 	
7.24999146419501 	
0 	
2.87499689338322 	
0.999999674307175 	
5.74999133861905 	
5.99999284766345 	
7.24999176344296 	
5.49999159318967 	
4.74999411671687 	
1.99999966981956 	
0.999999834909781 	
0.999999955750158 	
0.999999955750158 	
2.7499989252341 	
5.49999256781322 	
0 	
3.99999499964792 	
3.74999601017007 	
0.999999834909781 	
0 	
0 	
0 	
0.999999834909781 	
7.49999098407562 	
7.62499079084977 	
0 	
4.49999450416821 	
0 	
0 	
1.49999955366899 	
2.2499991836716 	
7.56248894754964 	
5.62499352735001 	
0 	
0.999999955750158 	
0 	
0 	
4.99999410293962 	
0 	
0.999999834909781 	
0 	
9.12498617439009 	
0.999999955750158 	
2.4999970935553 	
0.999998609333551 	
0 	
4.74999357869566 	
4.49999450416821 	
0 	
0.999999834909781 	
6.99999180995434 	
5.99999144776212 	
0.999999955750158 	
0 	
6.24999248927317 	
0.999999834909781 	
7.37498973731145 	
5.74999024243444 	
8.37498870080379 	
0 	
6.4999923212155 	
7.74998988388389 	
0.999998856222535 	
6.49999243203045 	
0 	
0 	
0.999999834909781 	
6.12499263624687 	
0 	
0 	
3.49999590497716 	
0 	
0.999999834909781 	
1.99999722133528 	
0 	
0.999999955750158 	
4.49999400378034 	
1.49999980424771 	
7.62499044581604 	
6.99998976059789 	
0 	
0 	
5.99999313733521 	
0.999999955750158 	
6.4999923212155 	
1.99999918908834 	
4.99999428111268 	
0 	
0.999999955750158 	
0 	
0.999999955750158 	
8.49998828673286 	
5.49999274313458 	
0 	
7.99998803513075 	
0 	
0 	
0 	
2.9999965686676 	
0 	
1.99999934861435 	
0.999999834909781 	
6.74999182826268 	
0.999998856222535 	
5.99999326884415 	
5.99999249947189 	
0 	
3.99999542489014 	
0.999999834909781 	
0 	
9.12498589299116 	
0.999999834909781 	
4.49999459551828 	
0 	
0 	
