0 	
0 	
1.74999938758003 	
1.49999980424771 	
0 	
0.999999834909781 	
0 	
3.49999533734464 	
0.999999955750158 	
1.99999749982396 	
1.99999722133528 	
0 	
0 	
0 	
0 	
0 	
0.999999955750158 	
3.49999590497716 	
0.999998856222535 	
0 	
0 	
0 	
1.99999771244507 	
0 	
0 	
0 	
3.49999637351724 	
0 	
0 	
0 	
6.74999153736096 	
0 	
0.999999955750158 	
5.2499938388612 	
0 	
0.999999955750158 	
0 	
1.74999737998739 	
1.99999722133528 	
2.99999606098788 	
0 	
0 	
0 	
0 	
0 	
0.999998975555658 	
0 	
2.7499989252341 	
2.74999716013067 	
0 	
0 	
1.49999980424771 	
