4.49999598193138 	
1.99999932857721 	
2.99999721411359 	
1.99999932857721 	
3.99999469256795 	
1.4999991831514 	
3.999994612435 	
3.99999809490257 	
3.99999588361527 	
3.99999573585541 	
0 	
1.99999966981956 	
1.99999896250186 	
3.49999658034829 	
1.99999773958736 	
2.99999656422529 	
2.49999590418545 	
4.99999314006271 	
1.9999977389116 	
1.99999966981956 	
2.99999616049301 	
2.99999645495335 	
2.4999969801509 	
0.999999674307175 	
1.99999773958738 	
2.74999463026813 	
1.99999773958736 	
1.99999876557557 	
4.49999308545322 	
2.99999506426716 	
0 	
3.99999437401653 	
3.99999525544856 	
5.49999399512327 	
1.99999896250186 	
0.999999358698125 	
0 	
0.999999481250932 	
2.99999641448589 	
0.999999403065014 	
2.49999760690388 	
1.99999794180763 	
0.999999481250932 	
4.49999619664624 	
3.49999716882309 	
1.9999983029093 	
3.99999374677759 	
1.99999755590355 	
3.99999688692176 	
0.999999674307175 	
1.49999945202234 	
4.74999471880736 	
3.99999504841839 	
1.9999977389116 	
2.99999453360549 	
1.99999773958738 	
1.99999747337397 	
4.99998985813018 	
2.99999618724057 	
2.99999662062953 	
