0.999999632186113 	
1.99999926437223 	
0.999999403065015 	
3.99999525544856 	
2.49999787108462 	
2.99999587425707 	
3.99999578410728 	
2.99999844921759 	
2.49999760690388 	
3.74999500038096 	
0.999999726098982 	
2.99999807609438 	
5.49998836589085 	
5.49998911426736 	
2.99999743342389 	
1.99999760993197 	
1.99999832684567 	
3.99999446673097 	
0.99999898587223 	
2.99999587425708 	
3.49999529152891 	
3.99999673815879 	
3.87499372117429 	
4.99999270542952 	
2.49999612514333 	
7.74998407178677 	
0 	
0.999999481250932 	
4.49999498318069 	
1.99999830625681 	
0.999999403065014 	
4.49999523111612 	
3.49999678514168 	
3.99999852874445 	
3.49999430038467 	
4.49999343113336 	
4.99999383677652 	
2.99999790432751 	
1.99999933545574 	
2.49999840848296 	
6.96873295653451 	
1.99999832684567 	
3.74999613104874 	
1.99999830625681 	
0.999999632186113 	
1.49999830080934 	
0.999999481250932 	
0.999999481250932 	
0.999998481277345 	
2.49999829662394 	
3.49999332474229 	
4.4999946155253 	
2.99999844921759 	
1.99999815086445 	
0.999998750375256 	
6.49999104573217 	
3.99999469256795 	
2.4999969801509 	
1.99999755590355 	
2.99999846100155 	
