4.49999322798687 	
4.99999361864587 	
4.99999370427245 	
3.49999786266982 	
0.999999481250932 	
5.99999147311561 	
4.49999339623444 	
2.99999889655834 	
3.99999630172891 	
2.99999688220231 	
4.49999204314737 	
0.999999201347596 	
4.49999598193138 	
5.99999125485377 	
1.99999769467452 	
3.99999465839754 	
4.49999684789212 	
3.49999358213786 	
1.99999896250186 	
3.99999400485269 	
7.49998876171136 	
2.99999645495335 	
1.99999934861435 	
1.99999885957907 	
0.999999669088326 	
2.99999792146954 	
1.99999794180763 	
0.999999726098982 	
1.99999932857721 	
2.99999715475132 	
6.49999189843031 	
1.99999783030787 	
2.49999840848296 	
0.999999726098982 	
3.99999381256815 	
0.999999632186113 	
2.99999715475134 	
5.99999004901704 	
0 	
4.9999943757213 	
3.99999603300242 	
4.99999231663787 	
2.99999641395886 	
5.49999038934739 	
7.43748505341005 	
5.49998902016285 	
2.49999785204009 	
4.99999411230159 	
3.99999407733961 	
0 	
1.99999697901012 	
1.99999885957907 	
4.49999244852065 	
0.999999151454652 	
1.99999875917242 	
4.99999083175177 	
0 	
4.99999164254688 	
3.49999780428837 	
1.4999989542961 	
