0.999999674307175 	
0.999999481250932 	
0.999999955750158 	
0.999999365582363 	
0 	
0 	
3.99999411248176 	
0 	
0.999999834909781 	
1.99999797174446 	
0.999999287989574 	
0 	
0 	
1.99999708495126 	
0 	
0 	
0.999999365582363 	
0 	
0 	
0 	
0.999998905533303 	
0 	
0 	
0 	
0 	
0 	
0 	
0 	
0 	
0.999999151454652 	
0.999999392296995 	
0 	
0 	
0.999999365582363 	
0 	
0 	
0 	
0.999999358698125 	
0 	
0 	
0 	
0.999999131217715 	
0.999999365582363 	
0 	
0 	
0 	
0.999999834909781 	
0.999999131217715 	
1.99999783030794 	
0 	
0.999999834909781 	
0 	
0.999999834909781 	
1.99999896250186 	
2.99999694439161 	
0.999999834909781 	
1.99999783030794 	
2.99999701613965 	
1.99999811029917 	
0.999999834909781 	
0 	
0.999999674307175 	
0 	
1.99999773958737 	
0 	
0.999999884905103 	
0 	
0 	
0 	
1.99999871739625 	
