3.49999678514168 	
1.99999826243543 	
3.49999779229064 	
2.9999979911279 	
0.999999632186113 	
4.99999314006271 	
2.99999645495335 	
4.99999521131713 	
0.999999632186113 	
1.99999926437223 	
2.49999726983786 	
0.999999358698125 	
0.999999481250932 	
1.99999750075051 	
2.99999572616503 	
1.99999794180763 	
1.99999934861435 	
0.999999481250932 	
4.99999383677652 	
0.999999632186113 	
3.99999492750327 	
0 	
0.999999674307175 	
1.9999971922823 	
0 	
1.99999855568229 	
1.99999904845543 	
2.99999726850723 	
0.999999358698125 	
2.49999840848296 	
0.999999075432228 	
0 	
1.49999876307492 	
0.999999481250932 	
1.99999718098649 	
0.999999151454652 	
2.49999931067901 	
0 	
3.49999833158347 	
1.99999896250186 	
3.99999568848805 	
0.999998854741762 	
0.999999481250932 	
0 	
2.99999715475132 	
4.99999335605818 	
1.99999858228381 	
2.99999683489769 	
0.999999518430837 	
0.999999481250932 	
0.999999669088326 	
4.49999244852065 	
0.999999481250932 	
0.999999884905103 	
2.99999792922475 	
1.9999983029093 	
0.99999898587223 	
1.99999871739625 	
1.99999905303609 	
0 	
1.99999856727011 	
1.99999966981956 	
0.99999979579725 	
1.99999934861435 	
2.99999701613964 	
3.49999779229064 	
1.99999794180763 	
1.99999832684567 	
1.4999991831514 	
2.49999892545067 	
