1.99999760993197 	
0.999999632186113 	
1.99999815086445 	
2.99999572616503 	
1.99999858228381 	
0.999999201347596 	
0.999999632186113 	
0 	
0.999998905533303 	
0 	
0 	
0 	
0.999999632186113 	
3.49999855763678 	
0 	
2.49999892545067 	
0 	
0.999999518430837 	
1.99999858228381 	
1.99999873116473 	
0 	
0.999999883968031 	
0.999999358698125 	
0 	
0 	
0.999999632186113 	
0.999999674307175 	
0.999999706003063 	
2.99999688220231 	
0.999999075432228 	
1.99999966981956 	
0.999999834909781 	
0.999999834909781 	
0.999999674307175 	
0.999999481250932 	
3.99999501744236 	
0.999999674307175 	
0.999999632186113 	
0 	
2.99999889655834 	
0 	
2.99999641395886 	
0 	
0.999999834909781 	
1.49999945202234 	
0.999999955750158 	
0 	
0 	
0 	
1.99999781106661 	
0.999999834909781 	
0.999999674307175 	
0.999999674307175 	
0 	
1.9999981801625 	
2.49999875736744 	
0.999999632186113 	
0 	
0.999999481250932 	
0 	
0 	
2.49999931067901 	
0 	
3.99999525544856 	
1.99999871739625 	
2.99999844921759 	
0 	
0.999999151454652 	
0.999999151454652 	
0.999999403065014 	
