4.99999225028666 	
0.999999672397443 	
3.49999659446946 	
0 	
1.99999804656669 	
0.999999481250932 	
2.99999598530857 	
1.49999819346348 	
1.99999876557557 	
0 	
1.99999871739625 	
2.7499976727614 	
0.999999674307175 	
0.999999700859143 	
0.999999131217715 	
3.49999682573214 	
0 	
0.999999834909781 	
0.99999898587223 	
0.999999674307175 	
1.99999804656866 	
1.99999864104431 	
0 	
0 	
0.999999883968031 	
3.99999469256795 	
0.999999955750158 	
0.999999481250932 	
0 	
1.99999832684567 	
0 	
1.99999871739625 	
1.74999802114021 	
0 	
0.999998736686983 	
0.999999632186113 	
0 	
0.99999898587223 	
6.49999312859317 	
0.999999632186113 	
1.99999755590355 	
4.99999259303194 	
0 	
2.9999972880346 	
3.49999786266982 	
1.99999810411443 	
0.999999673059296 	
0.999999674307175 	
1.99999934861435 	
0.999999632186113 	
1.99999875917242 	
2.4999978579915 	
1.9999983690794 	
0 	
1.99999876557557 	
0.999999884905103 	
2.99999598530857 	
1.99999966981956 	
0 	
4.49999311526776 	
2.49999695009386 	
0 	
1.49999955366899 	
2.49999803046948 	
0.999999358698125 	
0.999999075432228 	
0.999999706003063 	
2.99999745436395 	
1.99999783030794 	
3.99999627755725 	
