0 	
0.999999481250932 	
0.999998905533303 	
0 	
2.99999763182403 	
2.49999726983786 	
2.87499841732467 	
1.9999971922823 	
1.99999770948352 	
2.49999760690388 	
3.99999794051884 	
0.999999673059296 	
3.99999627755725 	
0.999999700859143 	
1.99999744833723 	
0.999999481250932 	
1.99999696255469 	
0.999999481250932 	
3.49999533680152 	
2.49999760690388 	
2.99999744192844 	
2.99999706222308 	
0.999998736686983 	
2.49999875736744 	
2.99999683489769 	
1.9999971922823 	
0.999999481250932 	
1.99999885957907 	
0 	
4.49999514984418 	
1.99999926437223 	
1.999996771909 	
0.999999481250932 	
2.49999726983786 	
4.49999451773479 	
2.99999792146954 	
3.99999566302448 	
3.49999560574884 	
3.7499941051662 	
1.9999983029093 	
3.99999476798685 	
5.99999440998991 	
3.99999525544856 	
1.9999983690794 	
4.74999220924225 	
3.99999588361527 	
1.9999983029093 	
2.99999695761669 	
0.999999851253459 	
0.999998750375256 	
1.99999832684567 	
2.87499773794002 	
1.99999926437223 	
0.999999632186113 	
0.999999632186113 	
0 	
0 	
5.24999254659414 	
2.99999687992949 	
0.999998905533304 	
3.49999833158347 	
1.99999794180763 	
0.999999403065014 	
1.49999955366899 	
2.99999683489769 	
3.49999464075026 	
1.99999736648017 	
3.99999552756337 	
2.49999892545067 	
3.99999341433083 	
