2.99999641395886 	
1.49999819346348 	
1.99999875943848 	
3.99999399625525 	
0 	
2.49999840848296 	
3.49999716882309 	
0 	
3.99999567763779 	
4.49999363887675 	
3.49999710188591 	
5.49999028747966 	
1.99999904845543 	
0.999999481250932 	
2.99999538163534 	
2.49999811683676 	
1.99999921140241 	
0.999999151454652 	
1.9999983029093 	
2.99999721411359 	
2.49999741172187 	
1.99999873116473 	
3.49999385861254 	
6.4999922709414 	
1.99999826243543 	
1.9999977389116 	
1.4999991831514 	
3.99999469256795 	
0.999999632186113 	
1.99999871739625 	
1.99999871739625 	
0 	
1.4999989542961 	
2.49999741165847 	
2.99999538163533 	
6.49999312859317 	
1.99999750075051 	
0 	
4.99999190108842 	
0.999999481250932 	
3.99999573585541 	
2.9999960784375 	
0.999999632186113 	
2.99999687992949 	
1.99999926437223 	
0.999999481250932 	
2.49999875736744 	
0 	
2.49999830648341 	
5.49999182373772 	
1.99999875917242 	
0 	
3.49999632490453 	
2.99999559386659 	
0 	
0.999999674307175 	
1.9999983029093 	
0.999999481250932 	
4.9999952088675 	
2.49999741165847 	
2.99999730406291 	
0.999999131217715 	
0.99999933805975 	
2.99999889655834 	
2.9999987764146 	
1.999999200068 	
1.93749752633383 	
2.99999744864943 	
1.99999809328622 	
1.99999832684567 	
