5.99998980258786 	
2.99999587425707 	
1.9999977389116 	
2.49999875736744 	
3.99999492750327 	
4.99999037764769 	
3.93749438553012 	
1.99999829689823 	
1.99999815086445 	
2.99999645495335 	
4.99999190108842 	
7.99998891086359 	
2.99999562271967 	
3.99999543573883 	
6.49999122418654 	
1.99999770948352 	
0.999999358698125 	
2.49999666519825 	
4.49999357897197 	
2.99999844921759 	
4.99999413172621 	
3.99999549037021 	
4.49999451773479 	
2.99999889655834 	
0.999999075432228 	
4.99999465710992 	
3.99999524581483 	
4.99999150724333 	
4.49999525285878 	
1.4999989542961 	
6.49998795300647 	
2.99999792146954 	
2.99999621006095 	
2.99999889655834 	
2.99999687992948 	
5.99999413548204 	
4.99999459548893 	
2.99999453360549 	
2.74999428490862 	
4.49999244852065 	
4.3749912710975 	
2.99999598530857 	
6.99998667146507 	
0.999998609333551 	
0.999999500408498 	
0.999999884905103 	
0.999999358698125 	
1.99999830625681 	
3.49999362821715 	
3.99999794051884 	
4.99999575727326 	
2.49999695009386 	
4.99999259303195 	
1.99999859242206 	
1.99999934861435 	
0.999999632186113 	
4.99999498481906 	
3.49999605331564 	
1.99999821912815 	
1.99999934861435 	
