0.999999481250932 	
0.99999898587223 	
2.99999822272616 	
0.999999632186113 	
1.999999200068 	
0.99999979579725 	
1.99999926437223 	
1.99999832684567 	
1.99999934861435 	
0 	
0.999999674307175 	
1.99999885957907 	
0.999999481250932 	
2.49999685130048 	
1.9999983029093 	
0.999999955750158 	
0.999999632186113 	
3.99999636976848 	
0.999999834909781 	
2.9999960784375 	
0.999999834909781 	
2.9999984437528 	
2.49999811683676 	
0 	
1.99999755590355 	
3.49999417879454 	
1.49999876307492 	
1.99999896250186 	
3.499995624957 	
0.999999365582363 	
0.999999151454652 	
0 	
4.49999598193138 	
2.99999587425707 	
0.999999834909781 	
1.99999885957907 	
1.9999983690794 	
3.99999567763779 	
2.99999683489769 	
1.99999813835561 	
0.999999358698125 	
3.9999974347925 	
0.999999358698125 	
2.99999671659991 	
2.99999688220231 	
0.999999669088326 	
2.99999889655834 	
0.999999131217715 	
1.99999794180763 	
0.999999834909781 	
2.49999931067901 	
1.99999812793649 	
0 	
0.999999883968031 	
0.999999669088326 	
1.99999896250186 	
0.999999481250932 	
0 	
2.49999787108462 	
0.999999358698125 	
2.99999615442834 	
2.99999688220231 	
4.4999938752078 	
4.49999586287 	
1.99999885957907 	
2.49999658005143 	
2.99999787342571 	
1.99999757949593 	
1.99999815086445 	
0 	
