0 	
0.999999075432228 	
0 	
0 	
0.999999481250932 	
0 	
3.99999627671122 	
0 	
0.999999834909781 	
2.99999902292153 	
0 	
0.999999632186113 	
1.49999876307492 	
0.999999725609705 	
0.999999632186113 	
0 	
1.99999858228381 	
1.49999945202234 	
0 	
1.4999989542961 	
0 	
0 	
0.999999481250932 	
0 	
1.99999926437223 	
1.99999826243543 	
0.999999632186113 	
1.99999875577436 	
0 	
1.9999983690794 	
0 	
0.9999984219932 	
2.99999792922475 	
0.999999726098982 	
0.999999632186113 	
0 	
0 	
2.9999984437528 	
1.99999933545574 	
2.49999840848296 	
0.999999358698125 	
0.999999481250932 	
0.999999706003063 	
0.999999834909781 	
2.99999701613964 	
0.999999632186113 	
0.999999358698125 	
2.99999812370484 	
0.999999358698125 	
0 	
0 	
5.49999309481803 	
1.49999945202234 	
2.74999626569149 	
0 	
0.999999481250932 	
0.999999674307175 	
0 	
0 	
0 	
0.999999834909781 	
0.999999403065015 	
0 	
0 	
0 	
1.99999812793649 	
2.99999621006095 	
0 	
1.99999829689823 	
0 	
