0.999999632186113 	
0.999998905533304 	
0.999999698634011 	
0.999999669088326 	
0.999999883968031 	
0.99999979579725 	
0 	
1.99999813835561 	
3.99999733408924 	
1.99999871739625 	
2.99999876785824 	
0.999999777981238 	
0.999999358698125 	
0.999999674307175 	
0.999999674307175 	
0.999999481250932 	
2.49999875736744 	
0.999999151454652 	
1.99999794180763 	
0 	
0.999999955750158 	
0 	
0 	
0 	
1.99999934861435 	
0 	
0 	
2.49999787108462 	
0.999999674307175 	
1.99999875577436 	
1.99999896250186 	
2.49999878881634 	
0.99999898587223 	
0 	
0.999999674307175 	
0.999999131217715 	
0 	
2.99999721411359 	
2.49999658005143 	
0.999999632186113 	
1.9999981801625 	
0.999999632186113 	
0.999999674307175 	
0 	
1.99999783030787 	
1.99999926437223 	
0.999998609333551 	
0.999999674307175 	
1.99999760993197 	
3.99999801476369 	
0.999999365582363 	
0.999998905533303 	
1.99999783030787 	
1.99999792293975 	
0 	
1.99999934861435 	
0.999999674307175 	
0.999999834909781 	
1.99999904845543 	
1.4999991831514 	
0 	
0 	
2.99999889655834 	
0 	
0.999999481250932 	
0.999999291141904 	
0.999999674307175 	
3.74999740660213 	
2.99999844921759 	
0.999999075432228 	
0 	
