2.99999792922475 	
0.999999291141904 	
1.49999945202234 	
0.999999834909781 	
0 	
1.99999896250186 	
0 	
0.999999291141904 	
0.999999403065014 	
1.99999934861435 	
0.999999358698125 	
0 	
0 	
1.99999794180763 	
1.99999855568227 	
0 	
0.999999358698125 	
0 	
0.999999291141904 	
0 	
0 	
1.99999926437223 	
0 	
1.49999876307492 	
0.999999834909781 	
0 	
0 	
0 	
0 	
0 	
0.999998905533304 	
0.999999834909781 	
0 	
0 	
0 	
0.999999481250932 	
2.99999701613964 	
0 	
0.999999710971581 	
1.99999813835561 	
0 	
0.999999725609705 	
0 	
1.99999966981956 	
0 	
0 	
2.99999787342571 	
0 	
0 	
1.99999856727011 	
0.999999669088326 	
0.999999674307175 	
0 	
0.999999674307175 	
0.999999358698125 	
0 	
0.999999481250932 	
0 	
1.99999920361001 	
0 	
3.99999588361527 	
0.99999979579725 	
0.999999674307175 	
2.99999782656498 	
0.999999834909781 	
0.999999851253459 	
0 	
1.99999755590355 	
0.999999834909781 	
0 	
0 	
0 	
