2.99999889655834 	
1.99999858228381 	
0 	
2.49999840848296 	
3.99999433538902 	
3.99999517704483 	
2.99999721411359 	
2.9999968252244 	
0.999999955750158 	
1.99999871739625 	
0.999999674307175 	
0.999999674307175 	
2.49999760690388 	
0.999999481250932 	
0 	
0.999998925596431 	
0.999999834909781 	
4.49999498318069 	
0 	
0.999999358698125 	
0.999998905533303 	
1.99999885957907 	
0 	
2.99999844921759 	
2.99999876785824 	
0 	
1.49999876307492 	
0.999999358698125 	
0.999999481250932 	
0.999999673059296 	
1.99999933545574 	
5.49999313703263 	
0.999999834909781 	
0.999999698634011 	
3.99999492750327 	
1.99999871739625 	
0.999999632186113 	
2.49999878881634 	
0 	
1.99999697901012 	
2.49999877934296 	
0.999999884905103 	
1.99999896250186 	
2.9999984437528 	
3.49999716882308 	
0.999999674307175 	
2.99999703943979 	
0 	
0 	
3.49999716882309 	
0.999999674307175 	
1.49999819346348 	
0 	
2.9999979085922 	
0.999999632186113 	
1.99999858228381 	
1.99999871739625 	
0 	
1.99999794180763 	
0 	
1.99999825006941 	
4.49999530029356 	
0.999999365582363 	
2.99999641395886 	
0.999999674307175 	
0 	
1.99999896250186 	
2.99999641841017 	
2.74999856240223 	
0 	
