1.99999926437223 	
0.99999933805975 	
0 	
0.999998905533304 	
4.99999298849479 	
4.49999241813339 	
2.99999722629668 	
0.999999201347596 	
2.9999984437528 	
3.99999627755725 	
4.99999406041115 	
4.99999316010286 	
3.99999437401653 	
1.99999691708419 	
2.49999741165847 	
0.999999487723991 	
2.99999599806696 	
2.99999721411359 	
0.999999481250932 	
0.999999698634011 	
1.49999955366899 	
0 	
3.99999627755725 	
1.49999769690852 	
3.99999627755725 	
2.99999598530857 	
1.99999858228381 	
0 	
1.9999983029093 	
0.999999358698125 	
1.99999812793649 	
0 	
2.9999963911693 	
0.999999151454652 	
0.999999131217715 	
3.99999452710039 	
1.74999785042716 	
1.99999926437223 	
3.99999662374391 	
1.99999830625681 	
0 	
0.999998481277345 	
0.999999481250932 	
2.99999641395886 	
1.99999904845543 	
2.99999876785824 	
1.99999934861435 	
2.99999685738326 	
5.49998956847058 	
3.87499349069181 	
2.49999840848296 	
3.99999525544856 	
0 	
0.999999151454652 	
0 	
2.74999812401344 	
1.99999926437223 	
0.999998854741762 	
0.999999358698125 	
1.99999933545574 	
2.99999764504231 	
1.9999981801625 	
0 	
3.49999855763678 	
0.999999151454652 	
0 	
2.49999931067901 	
3.49999632490453 	
0.99999979579725 	
3.49999533680152 	
