0 	
0 	
0.999999632186113 	
0 	
0 	
0.999999834909781 	
0.999999364845566 	
0 	
0 	
0 	
0.999999834909781 	
2.49999531077439 	
0 	
0.999999632186113 	
1.99999596033959 	
0 	
0.999998988637334 	
0.999999632186113 	
1.66666610786424 	
0.999999674307175 	
1.99999551155933 	
0 	
0 	
1.99999551155933 	
0 	
0 	
0 	
0 	
0 	
0.999999740617274 	
0 	
0 	
0 	
0 	
0 	
0 	
0 	
0 	
0 	
0 	
0 	
1.99999585694956 	
0 	
0 	
0.999999834909781 	
0 	
0.999998019809336 	
0 	
0 	
0 	
0 	
0 	
0 	
0 	
0.999999834909781 	
0.999999883968031 	
0 	
0 	
0.999999674307175 	
0.999999481250932 	
0.999999632186113 	
0 	
0 	
0 	
1.99999966981956 	
1.99999603961867 	
0.999999632186113 	
0 	
0 	
0.999999170227471 	
0 	
0 	
0 	
0 	
0.999999075432228 	
0 	
0.999998354230794 	
0.999999632186113 	
0.999998047521869 	
0 	
