1.99999672985805 	
3.4999918132498 	
3.66666167988664 	
3.83332637515565 	
2.99999577080088 	
0.999998750375256 	
3.99998677178494 	
3.49999524194144 	
0.999999170227471 	
1.9999983029093 	
5.49998505666513 	
4.99998662190289 	
0 	
4.99998517753624 	
2.99999333294248 	
3.99999091901046 	
1.99999896250186 	
3.99998979120396 	
1.99999781106661 	
5.49997975809963 	
1.99999833751845 	
4.9999915569291 	
5.74998806292744 	
2.49999760690388 	
4.74998791115672 	
1.99999790099917 	
1.99999871739625 	
6.49997913306002 	
2.99999722629668 	
0.999998609333551 	
4.99998395153799 	
2.99999236706063 	
1.49999876307492 	
1.99999926437223 	
2.99999399771821 	
8.24997345782195 	
3.49999177699647 	
3.49999433962196 	
5.99998314198535 	
1.99999871739625 	
1.6666653607715 	
1.99999926437223 	
3.49999554781644 	
4.99998679056275 	
1.99999896250186 	
4.99998401702942 	
3.66665637211452 	
0.999999090522717 	
2.74999756312883 	
1.9999972186671 	
1.99999828192451 	
3.49999500221779 	
3.99999040234782 	
4.99998527050393 	
3.99999630172891 	
1.99999781106661 	
1.99999760993197 	
2.99999291322612 	
2.99999844332561 	
4.49999593191153 	
