2.49999811683676 	
1.99999871739625 	
0 	
0 	
0 	
1.99999549383228 	
1.49999628244541 	
1.99999896250186 	
2.49999362305222 	
1.99999760993197 	
2.9999984437528 	
0 	
1.74999864733229 	
1.9999948647374 	
1.99999871739625 	
3.99999058038735 	
1.99999926437223 	
0 	
0 	
1.99999934861435 	
0 	
4.24999471306683 	
0 	
2.9999967008825 	
0.999999632186113 	
0 	
0 	
0 	
0.999997884346994 	
1.99999832684567 	
1.66666563267654 	
1.9999959338411 	
0 	
0.999999075432228 	
0.999999674307175 	
0 	
0.999999955750158 	
0 	
0 	
0.999999358698125 	
4.49998721108336 	
1.99999603961867 	
2.99999668561451 	
0.999999674307175 	
0.999999625291197 	
0.999999834909781 	
1.9999959338411 	
2.99999277410897 	
1.99999966981956 	
0.999999632186113 	
2.49999787108461 	
2.66666336547444 	
1.99999576869399 	
0 	
0 	
0 	
0 	
0.999999674307175 	
3.99998957104023 	
0.999999740617274 	
0 	
0 	
0 	
0.999999632186113 	
0 	
0 	
1.99999934861435 	
0.999999834909781 	
1.99999832684567 	
0.999999358698125 	
0 	
0.999999480761447 	
0.999999358698125 	
1.99999526760362 	
0.999999364845566 	
1.66666610786424 	
3.74998840532691 	
0 	
0 	
1.49999928293186 	
