0.999998905533304 	
4.99998794656674 	
0 	
1.9999983029093 	
0.999999533150113 	
0.999998984626505 	
1.99999435773266 	
0.999999481250932 	
2.99999744864943 	
0.999999589914344 	
2.99999226171369 	
2.9999984437528 	
2.99999745436395 	
2.99999713456022 	
2.49999373156368 	
1.9999955304926 	
0.999999358698125 	
1.4999991831514 	
2.49999404980999 	
0.999999632186113 	
1.4999989542961 	
3.49999521840127 	
0.999999632186113 	
0 	
1.99999810182898 	
0.999999632186113 	
2.99999235950479 	
1.99999855576543 	
0.999999358698125 	
0.999999481250932 	
0 	
1.66666610786424 	
0 	
2.999993267339 	
0.999999090522717 	
1.99999896250186 	
2.99999808755342 	
4.99998941237365 	
2.9999984437528 	
1.9999991944008 	
2.49999892545067 	
2.99999745436395 	
0.999999358698125 	
1.99999871739625 	
1.99999435773266 	
3.49999614219821 	
0.999999674307175 	
5.99997962327701 	
0.999998861590164 	
5.99998041396052 	
1.99999934861435 	
5.99997961947284 	
0.999998162414289 	
1.99999435773266 	
1.9999983029093 	
1.99999926437223 	
0.999999632186113 	
2.99999204236188 	
2.49999776454881 	
0.999999674307175 	
1.99999491531626 	
1.74999864733229 	
2.99999807609438 	
0.999999271778113 	
0 	
2.99999339011452 	
0 	
2.99999112381734 	
0 	
0.999999481250932 	
2.99999291322612 	
2.99999718558233 	
1.99999750075051 	
2.99999167935 	
0 	
0.999999481250932 	
0.999999955750158 	
0 	
2.99999292528843 	
0.999998678154156 	
