1.99999896250186 	
0 	
0.999999674307175 	
0 	
0 	
0 	
1.49999876307492 	
0.99999979579725 	
0.999999632186113 	
0 	
2.99999361365058 	
0 	
1.99999504110539 	
2.99999745436395 	
0.999999674307175 	
3.99998805151562 	
2.99999807609438 	
0.999999834909781 	
4.49999017417637 	
0.999998923012306 	
0.999999832757514 	
0.999999481250932 	
0.999999674307175 	
0 	
0.999999364845566 	
4.74998905644184 	
0.999999834909781 	
0 	
0.999999364845566 	
3.99999080460438 	
1.99999790099917 	
1.49999910692811 	
1.99999966981956 	
0.999999674307175 	
0 	
0.999999632186113 	
0 	
0.999997633801812 	
2.4999969801509 	
0.999999358698125 	
0.999999481250932 	
2.99999448724286 	
0 	
0.999999481250932 	
3.49999251176774 	
0.999999358698125 	
1.99999926437223 	
0.999997884346994 	
0.999998019809336 	
0 	
1.99999926437223 	
0 	
0 	
1.4999991831514 	
0 	
0.999999632186113 	
0 	
0 	
1.99999773958737 	
2.99999235950479 	
0.999999481250932 	
0.999999955750158 	
2.6666636456767 	
2.49999404980999 	
1.6666653607715 	
0 	
0 	
2.99999390567937 	
0 	
2.9999970394398 	
0.999999674307175 	
0 	
1.99999632482858 	
0.99999979579725 	
1.99999933545574 	
0 	
1.99999489560198 	
0.999999632186113 	
0 	
0 	
