0 	
0.999999834909781 	
3.99998878425268 	
0 	
0.99999979579725 	
0.99999751807804 	
0 	
1.99999896596004 	
1.99999812793649 	
0.999999358698125 	
0 	
2.99999255276669 	
2.99999292518038 	
2.9374930885216 	
0.999999632186113 	
2.99999399771821 	
0 	
1.499997983547 	
1.74999938758003 	
4.49999064216586 	
1.66666588312729 	
3.99998954512183 	
1.49999876307492 	
3.24998963663198 	
2.99999389052039 	
1.99999686613637 	
0.999999358698125 	
0.999999151454652 	
0 	
1.99999815086445 	
0 	
1.9999972186671 	
0.999999884905103 	
1.99999896250186 	
2.49999327534966 	
3.99998999221669 	
1.99999790099917 	
0 	
0 	
1.9999983029093 	
2.99999161707034 	
0.999999358698125 	
1.99999851651888 	
1.99999926437223 	
0.999999481250932 	
4.99998517660544 	
0 	
2.99999291322612 	
0.999998905533303 	
0.999998750375256 	
0.999996827528543 	
0.999997755779667 	
1.49999860311264 	
1.99999603961867 	
0.999999674307175 	
0.999999151454652 	
2.66666440625402 	
0 	
3.49999150886295 	
0 	
3.66666256481635 	
2.99999405942801 	
1.99999885957907 	
1.99999435773266 	
3.99998909612267 	
2.99999200910903 	
1.99999966981956 	
0 	
3.99999031856311 	
1.9999983029093 	
0 	
2.49999363704263 	
0 	
3.99998870947639 	
5.99998591698179 	
2.99999807609438 	
0 	
0.999997349223839 	
0.999999632186113 	
1.83333117820112 	
0.999999364845566 	
