0 	
1.99999632482858 	
0 	
0 	
0.999999214071168 	
1.99999896250186 	
0 	
0.999999674307175 	
0 	
0.999998019809336 	
0 	
0 	
0.999999834909781 	
0 	
1.99999603961867 	
0.999999674307175 	
0 	
0.99999893035249 	
0.999999674307175 	
0.999999481250932 	
0 	
0 	
0.999999632186113 	
0.999999834909781 	
4.49999684789212 	
0.999997755779667 	
0 	
0.999999674307175 	
1.99999603961867 	
0 	
0 	
0.999998019809337 	
0.999999151454652 	
0.999998019809336 	
0.999999834909781 	
0 	
0 	
0 	
0 	
0 	
0 	
0 	
0.999999674307175 	
0 	
0 	
0.999999358698125 	
0.999999481250932 	
0.999997884346995 	
2.99999187224871 	
0 	
0.999999625450423 	
1.49999955366899 	
0 	
0 	
0.999999674307175 	
0 	
0 	
1.9999953056606 	
0 	
0 	
0 	
0.999999632186113 	
1.99999926437223 	
0 	
0.999999481250932 	
0 	
0 	
0 	
0 	
0.999999834909781 	
2.99999365304098 	
0.999999481250932 	
3.99999056178479 	
0.999999480761447 	
0 	
0.999999674307175 	
0.999997884346995 	
0.999999480761447 	
0.999998162414289 	
0.999998162414289 	
0 	
1.99999856727011 	
0 	
