0.999999632186113 	
3.49999251123428 	
0 	
0 	
0 	
0 	
0 	
1.66666588312729 	
2.99999387707978 	
0 	
0.999999481250932 	
0 	
2.99999061630228 	
0.999997961652155 	
0.999999358698125 	
0 	
0.999999955750158 	
0.999997884346994 	
0.999999481250932 	
1.99999489560198 	
0 	
0 	
2.99999300012938 	
0 	
0 	
0.999999674307175 	
0 	
1.99999896250186 	
2.99999170683472 	
0 	
0.999999674307175 	
0 	
0 	
0.999999481250932 	
0 	
0.999998905533304 	
1.99999815086445 	
0.999997884346994 	
0 	
1.9999983029093 	
0.999999955750158 	
0 	
1.4999991831514 	
0.999999860690213 	
0 	
0 	
0.999999955750158 	
0 	
0 	
0 	
1.9999955304926 	
0.999999884905103 	
0.999999364845566 	
0.999999834909781 	
0 	
0 	
1.99999934861435 	
0 	
0 	
0.999999480663034 	
0 	
0.999999632186113 	
0 	
0 	
0 	
2.99999291322612 	
1.99999926437223 	
1.99999603961867 	
0.999999834909781 	
1.99999871739625 	
0.999999151454652 	
0 	
1.49999690378532 	
0 	
0.999999632186113 	
0.999999948466456 	
0.999997520552696 	
0 	
1.99999773958736 	
0 	
