0.999999834909781 	
0.999999834909781 	
0 	
0.999997580150678 	
0 	
0.99999979579725 	
0 	
0 	
0 	
0.999999632186113 	
0.999999632186113 	
0.999999480761447 	
0 	
0 	
0 	
0.999999632186113 	
0.999997961652155 	
0 	
0 	
0.999999955750158 	
0.999999481250932 	
1.66666610786424 	
1.99999931263766 	
2.66666364567676 	
0 	
0.999999481250932 	
0 	
0.999999632186113 	
0 	
0.999999358698125 	
0.999999481250932 	
0.999998312309542 	
0.999999632186113 	
0.999999632186113 	
0 	
0.999997755779667 	
0.999998984626505 	
0 	
2.99999291322612 	
0 	
0.999999625450423 	
0 	
0 	
0 	
0 	
0.999999632186113 	
0 	
0.999999151454652 	
0 	
0 	
0 	
0 	
0.999999358698125 	
0.999999834909781 	
0 	
0.999999834909781 	
0.999999832757514 	
0.999997633801812 	
0 	
0 	
0 	
0.999998019809336 	
0.999999834909781 	
0 	
0.999999632186113 	
4.49998693572947 	
0.999999834909781 	
0.999999746982215 	
0.999999674307175 	
0.99999979579725 	
1.9999959338411 	
0.999999674307175 	
0.999999955750158 	
0 	
2.99999493644867 	
0.999999481250932 	
0.999999481250932 	
0 	
0 	
0 	
0.999999834909781 	
0.999999746982215 	
