3.83332926711332 	
2.49999892545067 	
7.08331983737703 	
0 	
1.99999871739625 	
2.99999807609438 	
5.99998376282905 	
3.33332883787867 	
1.99999828192451 	
2.99999255276669 	
1.99999781106661 	
0.999999075432228 	
2.99999275804199 	
0 	
1.99999551155933 	
1.99999885957907 	
0 	
0.999999674307175 	
1.99999750075051 	
1.99999833751845 	
2.99999311544252 	
3.99999630172891 	
2.99999663951758 	
2.99999637851961 	
0.999999632186113 	
1.99999758263014 	
0.999999632186113 	
1.99999398853855 	
3.49999104007255 	
0.999999151454652 	
0.999999151454652 	
2.99999202758755 	
6.99997962532773 	
0.999999632186113 	
0 	
0.999999481250932 	
2.49999892545067 	
2.49999760690388 	
1.66666490659825 	
2.99999339011452 	
4.49999173404636 	
2.49999581363652 	
2.99999079666011 	
2.99999722736979 	
0.999999481250932 	
6.10415653504227 	
4.99999575727326 	
4.49999515571966 	
0.999999632186113 	
2.49999584748259 	
0.999999358698125 	
2.99999055115277 	
2.49999771786942 	
0.999999632186113 	
1.49999830080934 	
1.99999871739625 	
3.66666164554124 	
4.99998373021911 	
3.99998736809719 	
1.99999489560198 	
1.99999549383228 	
0.999999358698125 	
0.999999834909781 	
3.49999814273158 	
3.99998821816004 	
3.99999660877019 	
3.74999627406382 	
0.999999358698125 	
3.66665629280764 	
3.74999533676017 	
