4.16666201437752 	
0.999999151454652 	
1.9999983029093 	
1.9999983029093 	
4.66665314551534 	
7.49998027877014 	
4.99998285781157 	
0 	
3.99998870947639 	
4.24999587006275 	
2.49999840848296 	
0.999999955750158 	
2.99999245931877 	
3.99999098766456 	
0.999999075432228 	
2.99999450873526 	
1.99999926437223 	
2.49999303993038 	
0.999999834909781 	
2.99999774403838 	
2.49999760690388 	
1.99999871739625 	
5.74998454767777 	
2.99999218650104 	
3.49999710188591 	
0 	
1.74999938758003 	
0.999999481250932 	
0.999999632186113 	
3.9999963288494 	
2.66666503401579 	
0.999996874918461 	
0.999999632186113 	
1.49999910692811 	
1.9999983029093 	
0.999999632186113 	
0 	
3.54166174822553 	
0 	
3.99999630172891 	
4.99998494298684 	
2.99999836178995 	
2.99999811297737 	
4.99998373021911 	
2.9999970661011 	
2.99999660161867 	
0.999999481250932 	
2.49999811683676 	
3.99999604778926 	
0.99999979579725 	
0.999999632186113 	
1.99999750683481 	
3.99998986380066 	
6.49997976293895 	
0 	
0.999997184586822 	
1.999998381371 	
4.4999874739389 	
0.999999151454652 	
4.49999684789212 	
0.999999271778113 	
2.9999987764146 	
2.4999930825757 	
3.99999500150102 	
7.1666426663158 	
1.9999953056606 	
2.9999984437528 	
4.79165485120662 	
0 	
2.49999875736744 	
