0.999999834909781 	
0.999999834909781 	
2.99999448724286 	
0.999999151454652 	
0.999997755779667 	
0 	
0 	
0 	
0.999997884346995 	
0 	
0 	
0 	
0.999999674307175 	
0 	
0.999999632186113 	
1.49999711286674 	
1.99999760993196 	
0.999998750375256 	
0.999998019809336 	
2.99999311544252 	
0.999999358698125 	
0.999999358698125 	
0.999999726098982 	
0.999999480761447 	
0.999997884346994 	
0 	
0.999999481250932 	
0 	
1.9999983029093 	
1.99999489560198 	
0.999999364845566 	
2.6666636456767 	
1.99999549383228 	
0 	
0 	
0.999999834909781 	
0 	
4.49999660609719 	
1.99999576869399 	
0 	
0 	
0 	
1.99999934861435 	
0 	
1.49999627558428 	
1.49999980424771 	
0 	
0.999998162414289 	
1.99999828192451 	
0 	
1.99999632482858 	
0 	
0 	
1.99999861524161 	
1.99999903630148 	
1.66666233834329 	
0 	
2.7499943653757 	
1.99999750683481 	
0.999999883968031 	
0 	
0.999998019809336 	
0 	
0.999999674307175 	
1.99999812793649 	
0.999999674307175 	
0 	
0.999999075432228 	
2.99999187224813 	
0 	
2.49999917739919 	
1.49999955366899 	
1.99999934861435 	
0.999999834909781 	
0 	
0 	
0.999999589914344 	
2.99999807609438 	
0.999999358698125 	
0.999999358698125 	
