0.999999632186113 	
0.999999834909781 	
2.66666441072506 	
1.99999553138134 	
1.99999896250186 	
0.999999834909781 	
1.66666583284106 	
2.99999745436395 	
2.99999255423412 	
0 	
1.74999903519047 	
0.999999674307175 	
0.999999358698125 	
0 	
0 	
3.49999629851282 	
2.99999200910903 	
3.49999747696728 	
0.999999358698125 	
0 	
2.66666373429557 	
2.99999885493418 	
0 	
2.99999797363113 	
0.999999834909781 	
1.99999812793649 	
3.99998986380066 	
0.999999481250932 	
1.99999885957907 	
5.99998425900576 	
0.999999632186113 	
1.49999830080934 	
0 	
0.999999481250932 	
0.999999674307175 	
2.49999511818385 	
0 	
1.99999812793649 	
0.999999480761447 	
0.999999481250932 	
2.99999314256457 	
1.9999945642394 	
0.999999674307175 	
2.49999875736744 	
0.999999481250932 	
0.999999533150113 	
0 	
0.999999151454652 	
0.999999151454652 	
2.99999365304098 	
2.99999255276669 	
0 	
0.999999632186113 	
0.999999481250932 	
2.99999493692863 	
0.999999151454652 	
1.9999983029093 	
0 	
0.999997755779667 	
0.999999075432228 	
0 	
1.99999896250186 	
2.99999255276669 	
2.49999552319627 	
0 	
1.9999938738894 	
4.49999064216585 	
0.999999834909781 	
0.999999632186113 	
1.99999934861435 	
0.999999674307175 	
1.99999896250186 	
1.66666613094462 	
0 	
1.99999812793648 	
0.999999632186113 	
1.49999955366899 	
1.99999750075051 	
0 	
1.99999662461908 	
