0 	
6.54164718838918 	
1.49999897631536 	
0 	
2.49999840848296 	
2.99999013354811 	
1.99999832684567 	
0.999999358698125 	
0.999999533150113 	
0.99999979579725 	
2.99998861575755 	
3.66666340448922 	
1.99999790099917 	
1.49999860311264 	
3.99999734523486 	
3.49999707653077 	
0 	
3.99999575258759 	
5.24998424798353 	
1.99999815272635 	
3.99999562213322 	
0 	
4.4999858821339 	
4.66665501383584 	
1.99999896250186 	
4.49998796703213 	
1.9999983029093 	
0 	
1.74999891107388 	
1.99999896250186 	
0 	
1.99999861524161 	
3.49999554781643 	
0.999999632186113 	
1.99999828192451 	
0.999999481250932 	
2.99999807609438 	
6.41664637984492 	
1.99999932513795 	
0.999999673059296 	
0.999999075432228 	
2.99999365304098 	
2.99999161707034 	
0.999999674307175 	
3.33333072154299 	
5.66665050050177 	
2.99999703943979 	
3.99998979120396 	
2.99999890404468 	
1.99999874892738 	
0.999999674307175 	
0.999999190685501 	
7.24997840590186 	
1.99999398853855 	
0.999999151454652 	
5.11109287162896 	
2.49999823700336 	
2.9999964162479 	
2.99999846100155 	
1.99999926437223 	
0 	
0.99999979579725 	
1.99999469844768 	
1.9999953056606 	
0.999999481250932 	
2.99999291322612 	
2.99999339011452 	
0.999999358698125 	
5.49998726137472 	
0.999997520552696 	
