5.249992820755 	
1.9999983029093 	
1.99999750075051 	
2.99999405942801 	
0.999999358698125 	
2.99999722629668 	
1.99999934861435 	
2.9999970661011 	
4.99999623367351 	
1.99999894104466 	
3.99998834717194 	
0 	
4.49998721108336 	
0.999999075432228 	
0.999999632186113 	
1.99999833751845 	
2.99999722629668 	
1.9999983029093 	
5.49999323177779 	
4.74999033207547 	
1.49999861949229 	
1.99999781106661 	
4.49999515571966 	
2.99999745436395 	
4.66666139846383 	
1.99999926437223 	
3.99998919703665 	
0.999999358698125 	
4.9999827891535 	
5.49998316733205 	
1.74999825114572 	
3.6666566091293 	
2.9999970394398 	
3.99999687647435 	
2.9999984437528 	
0 	
0.999999271778113 	
2.49999840848296 	
3.24999464207668 	
0.999999358698125 	
2.49999760690388 	
0.999999075432227 	
3.66666336571722 	
2.49999773373898 	
4.87499633274263 	
4.99998544328436 	
0.999999632186113 	
1.99999781106661 	
1.49999860311264 	
4.99999235698388 	
3.99999562213322 	
1.9999983029093 	
0.999999674307175 	
4.49998598234592 	
0 	
2.99999745436395 	
2.99999275804199 	
5.99998515059472 	
1.99999832684568 	
1.99999885957907 	
