1.99999947051844 	
3.49999775071827 	
0.999999090522717 	
0.999999674307175 	
0 	
0 	
1.9999983029093 	
0.999999632186113 	
1.99999926437223 	
0.999997580150679 	
0 	
0.999999632186113 	
1.99999814528678 	
0 	
0 	
1.6666653607715 	
0 	
1.49999641366449 	
5.74998264861613 	
0.999999834909781 	
0 	
0 	
0.999997580150679 	
0.999999358698125 	
0.999998923012306 	
0.999999673059296 	
0 	
2.66666125119483 	
0 	
0 	
2.49999831187195 	
0.999999075432228 	
0.999997755779667 	
2.99999218711054 	
0 	
0 	
1.99999832684567 	
1.49999911376147 	
0 	
0 	
0.999999480761447 	
1.49999876307492 	
2.66666503401579 	
0.999999674307175 	
3.49999786266982 	
1.4999989542961 	
1.99999549383228 	
1.49999955366899 	
0.999999632186113 	
1.99999435773266 	
0.999999481250932 	
0.999999364845566 	
1.99999551155933 	
1.99999856727011 	
0 	
3.49999710188591 	
0.999998750375256 	
0.999999358698125 	
0 	
3.74999274518971 	
0 	
0.999999151454652 	
1.99999896250186 	
1.99999874892738 	
0.999999955750158 	
2.99999136338536 	
0 	
0 	
0 	
1.99999473880992 	
0 	
0 	
2.999993267339 	
0 	
0.999999632186113 	
0 	
3.49999381121504 	
0.999999632186113 	
2.9999972948773 	
0 	
0 	
2.99999389052039 	
0 	
