0 	
0.999999481250932 	
0.999999632186113 	
2.49999905745234 	
0 	
0 	
0.999999481250932 	
2.99999889655834 	
0 	
0 	
1.49999955366899 	
0.999999632186113 	
0 	
0.999999674307175 	
0 	
3.49999774882228 	
0 	
0 	
1.99999926437223 	
1.49999945202234 	
0.999999955750158 	
1.99999966981956 	
1.99999966981956 	
0.999999674307175 	
0 	
1.99999896250186 	
0 	
0.999999632186113 	
1.49999980424771 	
1.49999980424771 	
0.999999674307175 	
0 	
0 	
0 	
0 	
1.74999903519047 	
0.999999674307175 	
2.49999875736744 	
0 	
0.999999674307175 	
0 	
0 	
0 	
0 	
0 	
0 	
0.999999834909781 	
0 	
0 	
0.999999834909781 	
1.74999903519047 	
1.99999934861435 	
0.999999955750158 	
0 	
1.49999945202234 	
0 	
1.74999938758003 	
0.999999834909781 	
0 	
1.99999948254491 	
0.999999632186113 	
0 	
0 	
0.999999674307175 	
0 	
0.999999834909781 	
0.999999834909781 	
0 	
0.999999834909781 	
0 	
0 	
0.999999674307175 	
0 	
0 	
0 	
0 	
0.999999834909781 	
1.49999876307492 	
0 	
1.99999871739625 	
0 	
2.99999889655834 	
0 	
1.49999945202234 	
0 	
0.999999834909781 	
0.999999674307175 	
1.99999926437223 	
0 	
0.999999674307175 	
1.99999948254491 	
0 	
1.99999934861435 	
0.999999834909781 	
0 	
1.4999991831514 	
0 	
0 	
0 	
0.999999834909781 	
