0 	
0 	
0 	
0 	
0.999999834909781 	
2.49999931067901 	
1.49999955366899 	
0 	
0 	
1.99999934861435 	
0.999999955750158 	
0 	
0 	
0 	
0.999999674307175 	
0 	
0.999999834909781 	
0 	
0.999999834909781 	
0 	
0.999999834909781 	
0 	
0.999999834909781 	
2.49999892545067 	
2.74999868578572 	
0 	
0.999999674307175 	
0.999999674307175 	
0 	
0.999999834909781 	
0.999999674307175 	
0.999999674307175 	
0 	
0.999999674307175 	
0.999999834909781 	
1.99999934861435 	
0 	
0.999999674307175 	
2.49999931067901 	
0.999999955750158 	
0 	
0.999999674307175 	
0 	
0 	
0.999999834909781 	
0 	
0.999999955750158 	
0 	
0 	
0.999999955750158 	
0 	
1.74999903519047 	
0 	
0 	
0 	
1.49999945202234 	
0 	
3.74999797370754 	
0.999999674307175 	
0.999999834909781 	
1.49999980424771 	
0.999999632186113 	
1.99999926437223 	
0.999999955750158 	
1.99999934861435 	
0 	
0 	
0 	
1.74999938758003 	
0 	
0.999999674307175 	
2.37499872315718 	
0 	
0 	
0 	
0 	
0.999999834909781 	
0.999999834909781 	
0.999999955750158 	
0 	
0 	
1.49999980424771 	
0 	
1.99999934861435 	
0 	
1.99999926437223 	
0.999999674307175 	
0 	
0.999999834909781 	
0 	
0.999999674307175 	
2.99999836630281 	
0 	
0 	
1.49999980424771 	
0 	
1.99999928206219 	
0 	
0 	
0 	
