1.49999945202234 	
4.24999511975073 	
3.49999833158347 	
6.99998611503066 	
2.99999844228434 	
0.999999955750158 	
6.49999169695806 	
2.49999892545067 	
3.99999687853648 	
4.24999333268502 	
0 	
7.92822830050442 	
0 	
3.99999859703249 	
5.99999442603263 	
2.49999875736744 	
4.49999563508388 	
7.78470725279475 	
1.99999966981956 	
2.49999741172188 	
1.99999966981956 	
4.99999450491331 	
2.9999979085922 	
4.99999373799293 	
8.49998425303308 	
6.42823004432053 	
3.41666186110912 	
0.999999834909781 	
5.74999200255603 	
1.4999991831514 	
9.74998086440795 	
8.28470843369676 	
4.99999225930685 	
2.49999892545067 	
2.49999828497185 	
8.24998280616503 	
4.24999550052961 	
10.7013666227645 	
3.7499963170816 	
6.42823179225778 	
6.74999038985761 	
7.74998476560848 	
0 	
5.99998992281919 	
4.41666164985652 	
1.99999934861435 	
9.66664678074545 	
11.166640740793 	
8.99998261159688 	
7.99998782776893 	
4.91666138394308 	
4.4999951039415 	
9.2129470432801 	
5.99999227201053 	
2.49999931067901 	
0.999999674307175 	
6.66665573077059 	
6.99998795254938 	
2.88425649178256 	
8.46294834103633 	
7.10646870748157 	
7.60646976646236 	
3.99999499807174 	
8.24998406725356 	
0 	
1.99999937108649 	
6.99999039688216 	
7.33331871393915 	
1.49999945202234 	
4.41666067029918 	
7.78470986589503 	
0 	
1.99999900820924 	
7.49998806267635 	
1.49999945202234 	
4.41666166862028 	
10.5462656514616 	
6.99998873426213 	
0.999999632186113 	
0 	
1.99999896250186 	
8.74998531602873 	
0 	
5.74999105804112 	
0.999999834909781 	
6.99999158688924 	
0.999999834909781 	
3.49999779391191 	
8.78470779913363 	
1.74999891107388 	
1.4999989542961 	
6.49999059116051 	
2.99999846823145 	
5.42823248183289 	
2.9999980945367 	
7.78470725279475 	
6.63424464595513 	
2.49999760690388 	
3.49999614219821 	
