3.99999736277906 	
4.88425002186132 	
5.74999200255603 	
0 	
1.49999955366899 	
9.60646494837183 	
0 	
7.10647184541454 	
8.24998589824911 	
1.49999945202234 	
4.49999660467195 	
7.49998708468029 	
0 	
0 	
8.99998164212166 	
7.99998363075632 	
3.49999716603056 	
0 	
0.999999151454652 	
1.49999945202234 	
10.784701896734 	
3.999996008298 	
7.24999233345599 	
7.74998641310001 	
4.41666110438025 	
0 	
4.74999371881111 	
8.60647069334827 	
8.60646959656456 	
0.999999674307175 	
5.49999250225518 	
1.49999860311264 	
6.78471039020305 	
7.49998806267635 	
2.49999840848296 	
0.999999834909781 	
2.49999840848296 	
7.41665478529132 	
7.249988636673 	
6.91665469349413 	
6.74999074887351 	
0 	
6.49999078850156 	
5.49999343038176 	
0.999999632186113 	
7.24998993375959 	
2.99999689529516 	
9.70639085041998 	
1.99999871739625 	
0 	
0 	
2.49999875736744 	
6.10647339468597 	
3.49999609223892 	
3.99999719258118 	
3.99999687991168 	
6.49999129551726 	
7.78470986589503 	
0.999999834909781 	
3.49999710188591 	
2.20833156959219 	
3.49999855763678 	
2.49999849379397 	
4.499997173115 	
0 	
4.99999412850656 	
6.11283606038988 	
9.24998215888177 	
1.99999926437223 	
3.91666236402646 	
4.99999546328436 	
2.99999781533434 	
5.2499925237784 	
8.78470603687182 	
2.49999773373898 	
3.49999833158347 	
2.7499978714374 	
9.16664761487711 	
6.91665522319615 	
6.49999033315919 	
9.28470350005473 	
6.4999897806051 	
4.49999563508388 	
2.9999984437528 	
5.74999118486092 	
5.24999384695718 	
6.66665438429805 	
0.999999632186113 	
0 	
3.83332485165921 	
0.999999632186113 	
6.24999106728058 	
4.74999442044743 	
6.10647339468597 	
1.49999830080934 	
4.24999458591385 	
8.70639659894648 	
1.99999926437223 	
5.99999049830266 	
9.42822494079917 	
