6.73482199406338 	
5.24997243023846 	
3.19999245924773 	
2.49999892545067 	
3.99999794051884 	
0 	
0.999999481250932 	
1.99999849322372 	
3.66666260818824 	
3.99051889743883 	
0 	
0 	
1.99999934861435 	
0.999999632186113 	
1.49999876307492 	
3.49999786266982 	
3.99999736277906 	
4.74999626657703 	
4.49999660467195 	
0 	
6.41665769814447 	
0.999999834909781 	
9.60646849676794 	
2.9999979085922 	
2.49999875736744 	
0.999999674307175 	
0.999999362001564 	
0 	
0.999999674307175 	
7.99998617401397 	
7.10647126675293 	
0 	
0 	
8.24998672350106 	
7.60646976646236 	
2.83332751195978 	
0 	
0 	
1.99999934861435 	
2.49999892545067 	
2.49999760690388 	
6.74998744585952 	
0.999999358698125 	
0.999999358698125 	
1.49999955366899 	
3.49999675156946 	
8.4999856270947 	
0.999999632186113 	
0 	
6.10647114262168 	
2.7499972938257 	
3.74999742005522 	
5.74999254172983 	
0 	
0.999999632186113 	
2.62499551368021 	
2.99999806020817 	
1.99999934861435 	
2.74999823660233 	
6.10647257723697 	
0 	
2.99999676903692 	
1.4999989542961 	
0.999999674307175 	
0 	
1.99999896250186 	
0 	
0.999999674307175 	
0 	
4.74999497437127 	
0 	
2.41666403230806 	
0 	
8.10647115292138 	
1.49999955366899 	
8.40335172268546 	
1.49999945202234 	
2.99999772204389 	
0 	
8.84489291547104 	
4.4999963372207 	
6.10647525629678 	
1.4999991831514 	
1.4999989542961 	
5.99999174499269 	
1.99999900820924 	
0 	
1.9999983029093 	
5.74999081514734 	
0 	
3.91666236402646 	
4.62499246912885 	
3.99999571253121 	
0.999999632186113 	
0 	
5.24999427021415 	
0 	
7.42822903933772 	
2.99999844228434 	
6.49999282140468 	
0 	
0.999999834909781 	
2.83333106099166 	
0 	
0.999999674307175 	
7.60647139919637 	
0 	
1.9999983029093 	
0 	
3.99999687853648 	
