1.9999983029093 	
0 	
0.999999850339695 	
4.49998040604044 	
2.49999471282457 	
2.99051695831784 	
2.74999359322638 	
2.49999931067901 	
3.19999418909698 	
1.99999651806315 	
5.4282354140498 	
2.41666308304129 	
0.999999358698125 	
0 	
6.24999212932717 	
2.99999807609438 	
0.999999632186113 	
0 	
1.74999938758003 	
0 	
0 	
0 	
4.99999546328436 	
2.9999980945367 	
6.99998749382316 	
0.999999955750158 	
2.49999892545067 	
1.49999955366899 	
2.99999645023085 	
0 	
3.99999603556995 	
0 	
1.4999991831514 	
0 	
1.99999926437223 	
5.24999384695718 	
6.78471281975212 	
4.24999591397859 	
0.999999955750158 	
0 	
6.42823179225778 	
0.999999632186113 	
1.49999955366899 	
4.49999513005565 	
0.999999674307175 	
6.10647428651175 	
0 	
2.74999866212173 	
1.99999896250186 	
0 	
3.99999720678024 	
2.88425649178256 	
0 	
0 	
0 	
7.10647331612988 	
1.49999860311264 	
3.41666186110912 	
0 	
0 	
0.999999674307175 	
3.99999619028261 	
7.24998776589042 	
0 	
1.4999989542961 	
2.99999887635127 	
4.49999513005565 	
0.999999632186113 	
0 	
2.99999844228434 	
2.49999931067901 	
0.999999674307175 	
0.999999632186113 	
0.999999481250932 	
1.74999953715819 	
1.4999991831514 	
1.49999876307492 	
4.99999144704309 	
6.74998839412535 	
0.999999151454652 	
6.49999327178752 	
2.74999888109405 	
2.9999980945367 	
1.74999938758003 	
0.999999481250932 	
2.20833156959219 	
0.999999674307175 	
3.49999639717766 	
0 	
3.99999619028261 	
3.74999742005522 	
0 	
3.99999619028261 	
0 	
2.41666466903027 	
2.49999892545067 	
0 	
3.74999548817825 	
0 	
4.99999313619668 	
8.74998238377944 	
0 	
2.49999741172188 	
0 	
0.999999834909781 	
0.999999674307175 	
3.49999544441583 	
0.999999955750158 	
2.74999823660233 	
0 	
