4.33332581241903 	
7.24998993375959 	
5.74999209332401 	
0 	
3.70832697796971 	
7.49998910587939 	
7.46294739294547 	
2.74999823660233 	
1.4999991831514 	
2.49999840848296 	
1.9999983029093 	
0 	
8.7499891148487 	
0.999999481250932 	
0 	
6.24998730577616 	
6.49999129551726 	
4.99999225930685 	
6.49999169695806 	
0.999999955750158 	
8.78470821756814 	
6.74998968317998 	
0 	
0.999999674307175 	
5.74999200255603 	
1.4999991831514 	
1.74999938758003 	
4.38425404188239 	
1.99999828192451 	
8.31248821172822 	
4.62499037272942 	
7.41665443700035 	
4.49999325703452 	
0 	
4.88425237647279 	
1.4999991831514 	
7.74998750119392 	
4.38425314114617 	
3.99999556707539 	
1.49999875378739 	
9.60646204679349 	
0.999999674307175 	
9.78469914419159 	
9.60646605581286 	
3.99999720678024 	
5.41666043963385 	
3.49999678514168 	
0.999999632186113 	
4.4999961720804 	
5.99998853362392 	
6.10647339468597 	
5.99999227201053 	
1.4999989542961 	
6.99998799027038 	
4.49999458619104 	
2.99999844228434 	
5.88425121912852 	
7.74998452268608 	
1.99999871739625 	
6.41665503273101 	
8.74998417281271 	
6.74998993580371 	
1.9999983029093 	
10.1064620881571 	
8.46294834103633 	
7.74998260277806 	
0 	
9.2499839833801 	
2.49999875736744 	
2.49999811683676 	
4.99999253410375 	
1.49999860311264 	
1.4999994342632 	
3.49999659342066 	
1.49999980424771 	
9.52313076048137 	
9.24998086109544 	
0.999999358698125 	
1.99999934861435 	
4.91666067672838 	
8.60646959656456 	
2.49999875736744 	
2.4999969801509 	
2.49999840848296 	
6.10647257723697 	
8.49998216263739 	
4.38425279653087 	
1.49999876307492 	
0 	
6.78470966972279 	
4.24999550052961 	
5.99999086178701 	
1.49999945202234 	
8.99072393155041 	
3.99999720678024 	
6.49998935935918 	
2.49999875736744 	
1.49999945202234 	
8.74998500435217 	
0.999999834909781 	
