0.999999632186113 	
0.999998259031573 	
0 	
1.49999726981658 	
0 	
0 	
0 	
2.74999373592307 	
1.99999966981956 	
0 	
0.999999632186113 	
0 	
2.49999892545067 	
0 	
5.67489520678417 	
6.42823315371623 	
0 	
0 	
0 	
0 	
0 	
0 	
2.99999924094665 	
0 	
0 	
0.999999481250932 	
0.999999481250932 	
0 	
0 	
2.99999844228434 	
4.99999233728847 	
0 	
0 	
0 	
0 	
0 	
1.99999937108649 	
0.999999533150113 	
2.74999823660233 	
0 	
0 	
0 	
0.999999834909781 	
0 	
3.74999742005522 	
0 	
0 	
0 	
0 	
0 	
0 	
0 	
0.999999632186113 	
0 	
2.74999866212173 	
0 	
3.99999619028261 	
0 	
0.999999674307175 	
2.99999911337028 	
0 	
0 	
0 	
0 	
0 	
0.999999358698125 	
0 	
0 	
5.4282354140498 	
0 	
0.999999632186113 	
0 	
0 	
4.499997173115 	
0 	
2.74999888109405 	
0 	
0.999999834909781 	
0.999999834909781 	
0 	
0.999999955750158 	
0.999999834909781 	
0 	
4.49999660467195 	
0 	
0.999999632186113 	
3.99999859703249 	
6.42823179225778 	
0 	
0 	
1.99999934861435 	
0.999999834909781 	
0 	
0 	
0.999999481250932 	
4.7499953362815 	
0 	
0 	
0 	
0 	
0 	
0.999999834909781 	
5.42823312222357 	
0 	
0.999999632186113 	
1.49999945202234 	
2.99999924094665 	
0.999999674307175 	
0 	
2.99999844228434 	
0 	
0 	
1.99999840465054 	
0 	
0 	
