0 	
0 	
0 	
0 	
2.99051652029806 	
0.999999632186113 	
0.999999834909781 	
0 	
1.66666613094462 	
0 	
0.999999834909781 	
0 	
0 	
0 	
0.999999632186113 	
0 	
0.999999834909781 	
0.999999874489039 	
0 	
0 	
2.74999866212173 	
0 	
0 	
0 	
0.999999955750158 	
0 	
0 	
0 	
0 	
0 	
0 	
0 	
0 	
0 	
0 	
0.999999481250932 	
0.999999955750158 	
2.99999844228434 	
0 	
0 	
0 	
0 	
0.999999674307175 	
1.99999934861435 	
0 	
0 	
0 	
0 	
0 	
0.999999955750158 	
0 	
0 	
0 	
0 	
1.49999945202234 	
0 	
0 	
0 	
3.49999765212327 	
0 	
0 	
0.999999481250932 	
0 	
2.99999924094665 	
0 	
2.74999866212173 	
0 	
0 	
0 	
0 	
0 	
0 	
0.999999834909781 	
0 	
0 	
0 	
0 	
2.74999866212173 	
0.999999674307175 	
0 	
0 	
0 	
0 	
0 	
0 	
2.99999887635127 	
0 	
0 	
0.999999955750158 	
0 	
0 	
0 	
0.999999358698125 	
0 	
0 	
0 	
0 	
0 	
1.99999970759252 	
0 	
0 	
2.99999895380229 	
0 	
0 	
2.74999888109405 	
0 	
0 	
0 	
0 	
0 	
0 	
0 	
0 	
0 	
