1.66666563267654 	
2.49999931067901 	
3.74998617280749 	
1.49999945202234 	
5.0719551423353 	
0.999999674307175 	
2.49999875736744 	
4.07539484530369 	
3.49998930767527 	
0.999999674307175 	
0.999999632186113 	
2.49999892545067 	
2.7499978714374 	
0 	
4.24999511975073 	
5.42823458441593 	
4.49999362772784 	
2.99999890404468 	
3.74999742005522 	
0 	
6.24999198890893 	
1.99999918908834 	
0 	
0.999999674307175 	
0 	
7.9999891989529 	
4.41666040135058 	
3.91666199227697 	
2.99999887635127 	
3.99999556707539 	
3.49999675156946 	
6.42823179225778 	
0 	
0 	
1.49999955366899 	
6.92822889187316 	
0 	
5.24999514866544 	
4.99999285468527 	
5.74999209332401 	
0 	
0.999998861590164 	
7.99998553965361 	
2.49999823700336 	
0 	
1.99999896250186 	
2.99999844228434 	
0.999999674307175 	
0 	
3.49999716603056 	
4.49999513005565 	
5.4999931997341 	
0 	
4.74999629362294 	
7.10647126675293 	
5.24999334849773 	
2.49999811683676 	
0.999999481250932 	
1.49999955366899 	
0 	
4.24999431078706 	
5.99998903750153 	
0 	
0 	
0.999999703628503 	
0.999999674307175 	
1.49999945202234 	
2.9999984437528 	
0.999999834909781 	
2.9999980945367 	
0 	
0 	
2.99999844228434 	
0 	
0 	
0.999999632186113 	
4.49999523909564 	
2.49999892545067 	
0.999999674307175 	
0 	
4.9999946048962 	
1.49999945202234 	
1.49999945202234 	
0 	
3.99999720678024 	
0 	
0.999999834909781 	
0 	
5.49999507468116 	
7.49998824622817 	
2.74999788667356 	
3.49999855763678 	
0 	
0 	
1.49999945202234 	
5.42823312222357 	
3.49999716603056 	
3.49999675156946 	
0.999999632186113 	
8.28470692389745 	
4.74999691871653 	
2.99999745436395 	
3.7499963170816 	
3.99999776829517 	
1.99999926437223 	
8.74998417281271 	
0 	
8.7499891148487 	
0.999999358698125 	
6.78471117538089 	
