1.99999558608417 	
0 	
4.74998347845426 	
2.49999917739919 	
1.49999955366899 	
8.16662813613331 	
0 	
4.15338376768931 	
0.999999632186113 	
1.99999934861435 	
0 	
1.49999945202234 	
1.49999980424771 	
6.10647339468597 	
0 	
2.99999887635127 	
0.999999358698125 	
0.999999674307175 	
0 	
1.99999896250186 	
2.99999781533434 	
3.4166633880893 	
0 	
1.99999966981956 	
0 	
0 	
1.49999980424771 	
0 	
4.99999233728847 	
0.999999481250932 	
0 	
5.2499925237784 	
3.99999619028261 	
0.999999632186113 	
0.999999674307175 	
2.99999781533434 	
7.42822919874419 	
0 	
0.999999834909781 	
0 	
6.10647182860689 	
0 	
0 	
0 	
3.99999619028261 	
0 	
0.999999481250932 	
0.999999674307175 	
1.99999926437223 	
2.99999806020817 	
0.999999151454652 	
0 	
0 	
2.74999866212173 	
2.99999676903692 	
0 	
3.41666232318012 	
0 	
7.78470986589503 	
4.24999702576919 	
0 	
0 	
1.49999955366899 	
1.99999925212376 	
5.42823312222357 	
2.20833085746536 	
1.99999934861435 	
6.10647428651175 	
0 	
5.42823458441593 	
0 	
1.49999955366899 	
0 	
3.99999619028261 	
0 	
4.49999588083887 	
1.49999945202234 	
4.99999236774773 	
0 	
0 	
0.999999632186113 	
3.49999862848395 	
4.29629127245529 	
4.24999550052961 	
0.999999674307175 	
1.4999991831514 	
0.999999674307175 	
2.99999844228434 	
0.999999674307175 	
0 	
0 	
0.999999674307175 	
0 	
2.99999781533434 	
3.49999639717766 	
1.99999926437223 	
0 	
0.999999151454652 	
1.9999983029093 	
0 	
1.99999926437223 	
0.999999834909781 	
1.99999896250186 	
1.4999989542961 	
0.999999674307175 	
0 	
0 	
2.20833156959219 	
4.24999642469543 	
0 	
