0 	
0 	
0 	
0 	
0 	
0 	
0 	
0 	
1.66666595839262 	
1.66666326339305 	
0 	
2.74999373592307 	
0 	
0 	
0.999999632186113 	
0.999999632186113 	
0.999999834909781 	
0 	
2.74999373592307 	
0.999999834909781 	
0.999999955750158 	
0 	
0.999999834909781 	
0 	
0 	
0 	
0 	
0 	
0 	
0.999999955750158 	
0 	
0 	
0 	
0 	
0 	
0 	
0 	
0 	
0.999999834909781 	
0 	
0 	
0 	
0 	
0 	
0 	
5.42823382149791 	
0 	
0 	
0 	
0 	
0 	
0 	
2.99999924094665 	
0.999999955750158 	
2.41666505837747 	
0 	
2.99999844228434 	
0 	
0 	
0 	
0 	
1.49999955366899 	
0 	
0 	
0 	
0.999999834909781 	
0 	
0.999999955750158 	
0.999999834909781 	
0 	
0 	
0.999999955750158 	
0 	
0 	
0 	
0 	
0 	
0 	
0.999999955750158 	
0 	
0 	
0 	
0.999999834909781 	
0 	
0 	
2.99999887635127 	
0 	
0 	
2.99999887635127 	
0 	
0 	
0 	
0 	
0 	
0 	
0 	
0 	
0 	
0 	
0 	
0 	
2.99999844228434 	
0 	
0 	
0.999999955750158 	
0 	
0 	
0 	
1.99999970759252 	
0 	
0 	
0 	
0 	
0 	
0 	
1.49999945202234 	
0 	
0 	
0 	
2.99999911337028 	
