1.99999672985805 	
2.49999875736744 	
4.24998456692178 	
1.99999926437223 	
2.99999660161867 	
0 	
2.4999969801509 	
3.11110695268528 	
2.78596971490752 	
2.49999892545067 	
0.999999834909781 	
0.999999834909781 	
0.999999632186113 	
2.99999836630281 	
0 	
0 	
4.99999546328436 	
2.7499972938257 	
5.41666066947113 	
0 	
0 	
0 	
1.4999992493788 	
5.2499948907083 	
2.74999888109405 	
0.999999632186113 	
1.99999934861435 	
0 	
0 	
1.4999991831514 	
0.999999632186113 	
0 	
3.49999716603056 	
0 	
2.7499978714374 	
0 	
1.99999926437223 	
0 	
5.99999442603263 	
4.49999563508388 	
6.42823125761618 	
6.10647257723697 	
6.10647525629678 	
0.999999834909781 	
1.49999945202234 	
2.9999980945367 	
0 	
1.4999989542961 	
1.49999955366899 	
0.999999955750158 	
1.99999896250186 	
4.49999669470847 	
0.999999955750158 	
1.49999980424771 	
2.74999823660233 	
0 	
3.49999639717766 	
3.99999805797361 	
0.999999481250932 	
0 	
0.999999834909781 	
0 	
5.42823248183289 	
4.49999588083887 	
0.999999874489039 	
0.999999358698125 	
0.999999632186113 	
7.10646995510778 	
0 	
0 	
0 	
3.99999619028261 	
0.999999151454652 	
1.99999966981956 	
4.49999588083887 	
6.49999327178752 	
2.49999880487935 	
0 	
3.99999720678024 	
0.999999320815288 	
5.49999164336432 	
7.24998993375959 	
2.9999980945367 	
2.99999895380229 	
0 	
1.49999955366899 	
1.4999991831514 	
1.99999926437223 	
0 	
0 	
0 	
1.49999955366899 	
6.74998940586727 	
0.999999674307175 	
2.99999844228434 	
5.74999241449338 	
3.4166633880893 	
0 	
0.999999632186113 	
3.49999609223892 	
0 	
0 	
0 	
3.99999805797361 	
0 	
4.24999333268502 	
0.999999151454652 	
8.24998272461123 	
3.49999716603056 	
7.24998896617393 	
3.49999609223892 	
