4.49997978321177 	
0 	
5.24998390796681 	
0 	
0.999999834909781 	
0.999999358698125 	
0.999999703628503 	
1.99999665217719 	
2.49999875736744 	
0.999999674307175 	
6.249988763079 	
0 	
1.49999980424771 	
0 	
0 	
1.99999937108649 	
2.88425649178256 	
0.999999632186113 	
0.999999674307175 	
1.99999932513795 	
0 	
0.999999674307175 	
2.99999806020817 	
0.999999358698125 	
3.99999720678024 	
3.49999639717766 	
1.99999925212376 	
2.99999807609438 	
0 	
4.49999783956743 	
0 	
0 	
0 	
0 	
2.74999823660233 	
0 	
0.999999674307175 	
0 	
6.10647182860689 	
0.999999955750158 	
0 	
0 	
5.42823458441593 	
0.999999674307175 	
0.999999674307175 	
0.999999481250932 	
5.42823382149791 	
0 	
0.999999632186113 	
0 	
2.41666390449904 	
4.49999669470847 	
6.42823315371623 	
3.49999855763678 	
1.4999991831514 	
0 	
0 	
0 	
3.99999619028261 	
0 	
3.99999687853648 	
0.999999834909781 	
0 	
0.999999955750158 	
0.999999481250932 	
3.49999716603056 	
3.49999732503903 	
0.999999834909781 	
0 	
0 	
0 	
2.74999866212173 	
0 	
2.9999980945367 	
0 	
0 	
2.9999980945367 	
1.49999955366899 	
0.999999632186113 	
2.99999662452424 	
0.999999955750158 	
2.49999840848296 	
3.99999805797361 	
2.99999781533434 	
0 	
0.999999674307175 	
4.99999450491331 	
0.999999632186113 	
0 	
0.999999674307175 	
0.999999834909781 	
0.999999632186113 	
0.999999955750158 	
0 	
0 	
2.49999760690388 	
0 	
2.99999844228434 	
0 	
0 	
6.49998986920784 	
1.49999830080934 	
2.74999823660233 	
0 	
1.99999966981956 	
0.999999632186113 	
7.10647126675293 	
4.24999511975073 	
0.999999834909781 	
2.99999836630281 	
