0 	
0 	
0 	
0.999999932880625 	
4.49998169227395 	
0.999999674307175 	
0 	
0 	
0 	
0 	
0 	
0.999999358698125 	
0 	
0 	
0 	
2.49999892545067 	
0 	
0 	
0 	
0 	
0 	
0 	
0 	
0.999999481250932 	
0 	
0 	
3.99999859703249 	
0 	
2.99999924094665 	
0 	
5.42823458441593 	
0 	
0 	
0 	
0.999999834909781 	
0 	
0 	
0 	
0 	
0.999999834909781 	
0 	
1.49999980424771 	
0 	
0 	
0 	
0 	
0 	
0 	
0 	
0 	
0 	
0 	
2.49999931067901 	
0 	
0.999999481250932 	
0 	
2.74999866212173 	
0 	
0 	
0 	
0.999999674307175 	
0 	
0 	
2.99999844228434 	
0.999999955750158 	
0 	
1.49999980424771 	
0.999999834909781 	
0 	
0.999999674307175 	
0.999999874489039 	
4.499997173115 	
3.99999805797361 	
0.999999834909781 	
0 	
0 	
0 	
5.42823458441593 	
0 	
0 	
2.9999980945367 	
0.999999481250932 	
0 	
2.7499978714374 	
0 	
0 	
0.999999481250932 	
0 	
0.999999358698125 	
0 	
0 	
0 	
0 	
0 	
0 	
0 	
0 	
0.999999955750158 	
0 	
0 	
3.99999859703249 	
0.999999674307175 	
0 	
0 	
2.99999924094665 	
0 	
0 	
0.999999955750158 	
0 	
2.99999844228434 	
0 	
0.999999632186113 	
