0.999999632186113 	
4.49998987727748 	
0.999999481250932 	
0 	
2.49999931067901 	
2.99999316798872 	
3.69999160297411 	
0.999999632186113 	
1.49999955366899 	
5.74997132880978 	
0 	
7.13424816219081 	
1.99999781106661 	
6.41665701460622 	
2.99999746275688 	
2.99999887635127 	
1.99999896250186 	
4.33332865838793 	
3.99999687853648 	
1.99999934861435 	
7.24999088177007 	
0.999999674307175 	
0.999999632186113 	
1.4999991831514 	
0.999999674307175 	
0.999999834909781 	
0.999999674307175 	
2.99999844228434 	
7.78470852425895 	
2.99999676903692 	
0 	
2.41666320078923 	
0 	
0.999999632186113 	
1.99999926437223 	
0 	
7.70639703506412 	
2.99999660161867 	
3.99999720678024 	
0 	
5.99999028948795 	
2.99999895380229 	
2.99999890404468 	
0 	
6.49999169695806 	
3.99999687853648 	
1.4999991831514 	
6.78471039020305 	
2.99999727156815 	
3.49999765212327 	
0 	
4.49999660467195 	
7.78470986589503 	
2.74999676499049 	
2.49999931067901 	
0 	
2.74999823660233 	
0 	
7.00944662811849 	
0.999999190685501 	
0 	
0 	
2.99999887635127 	
0 	
7.00944424882369 	
2.99999887635127 	
0 	
0 	
4.499996177507 	
4.99999595644391 	
5.49999387269789 	
2.99999758118425 	
0 	
0 	
1.99999896250186 	
0.999999674307175 	
5.49999576285836 	
4.99999253410375 	
3.49999639717766 	
0.999999674307175 	
0.999999151454652 	
0 	
2.49999892545067 	
0.999999834909781 	
4.49999660467195 	
3.74999704062235 	
5.99999366722816 	
3.99999720678024 	
7.10647184541454 	
1.99999937108649 	
0.999999834909781 	
4.99999546328436 	
1.49999955366899 	
0 	
0 	
6.4999903352638 	
0.999999632186113 	
0.999999674307175 	
0.999999674307175 	
0 	
0.999999674307175 	
6.42822965239888 	
1.99999781106661 	
6.10647257723697 	
1.4999991831514 	
1.49999830080934 	
5.24999193673176 	
5.99999112099199 	
1.4999992493788 	
0 	
