0 	
2.99999544063304 	
0 	
0 	
0.999998364929024 	
0.999998259031573 	
2.74999320924195 	
0 	
0 	
0 	
0 	
0.999998259031573 	
0 	
5.42823458441593 	
0.999999834909781 	
0 	
2.99999752614984 	
0 	
0 	
3.49999675156946 	
3.49999675156946 	
4.49999588083887 	
1.49999980424771 	
0 	
0 	
1.49999955366899 	
3.4166638146045 	
0.999999834909781 	
0 	
3.49999716603056 	
4.74999506232406 	
6.10647339468597 	
0 	
3.49999675156946 	
0.999999674307175 	
0 	
0 	
0 	
0 	
1.99999934861435 	
2.49999840848296 	
2.9999980945367 	
0 	
0 	
0 	
0 	
4.49999644740097 	
5.41666066947113 	
0 	
0 	
0 	
6.49999129551726 	
1.4999991831514 	
0 	
0 	
2.74999866212173 	
0.999999674307175 	
0 	
1.99999896250186 	
0 	
0 	
2.99999924094665 	
0 	
0.999999151454652 	
0 	
0 	
0 	
0.999999481250932 	
0.999999632186113 	
0 	
1.99999887928238 	
1.49999955366899 	
0 	
0 	
0 	
0 	
0.999999358698125 	
0 	
0 	
0.999999834909781 	
0 	
0 	
2.99999924094665 	
1.99999966981956 	
2.99999844228434 	
0.999999834909781 	
0 	
0 	
3.49999675156946 	
5.99998924005493 	
1.4999989542961 	
0 	
3.49999765212327 	
0.999999674307175 	
0.999999834909781 	
0 	
0 	
2.99999781533434 	
0 	
0.999999955750158 	
0 	
4.74999435888211 	
2.74999823660233 	
0 	
0 	
0 	
2.99999887635127 	
0 	
0.999999955750158 	
0 	
0 	
2.49999892545067 	
2.74999866212173 	
