0 	
0.999998364929024 	
0 	
0 	
0 	
0 	
0.999999955750158 	
3.49998977105497 	
0.999998364929024 	
0 	
0.999999834909781 	
0.999999834909781 	
0 	
0.999999674307175 	
4.74999371881111 	
0 	
0 	
0 	
0 	
0 	
0 	
6.78471374852511 	
0 	
1.99999970759252 	
0 	
0 	
0 	
0 	
0 	
3.49999765212327 	
0 	
2.99999924094665 	
0.999999674307175 	
0 	
0 	
0 	
0 	
0.999999834909781 	
1.49999955366899 	
0 	
2.99999924094665 	
0 	
0 	
5.74999241449338 	
0 	
4.74999506232406 	
0 	
0 	
0 	
0 	
0 	
0 	
0 	
0 	
0 	
0 	
0.999999834909781 	
0 	
0 	
0 	
2.99999924094665 	
0 	
0 	
0 	
0 	
0.999999632186113 	
0.999999632186113 	
0.999999834909781 	
5.42823458441593 	
0 	
0 	
0 	
0 	
5.4282354140498 	
0.999999834909781 	
0.999999955750158 	
0 	
0 	
0 	
0 	
0.999999834909781 	
0 	
0.999999955750158 	
0 	
0 	
0 	
0 	
0 	
0 	
0 	
0 	
0 	
0 	
0 	
0 	
2.99999844228434 	
0 	
0 	
0 	
0.999999955750158 	
0 	
0 	
0 	
0 	
0 	
0 	
0.999999632186113 	
0 	
0 	
0.999999674307175 	
0 	
0 	
