0.999999955750158 	
0 	
0 	
0 	
0.999999850339695 	
0 	
3.74998991933648 	
0.999999632186113 	
0.999998259031573 	
0 	
0 	
0 	
0.999999674307175 	
0 	
0 	
4.499997173115 	
0 	
5.42823458441593 	
0 	
0 	
0.999999674307175 	
0 	
1.99999900820924 	
0 	
0 	
2.74999866212173 	
3.99999805797361 	
4.24999702576919 	
1.4999991831514 	
0 	
0 	
2.99999911337028 	
1.99999926437223 	
3.99999859703249 	
1.99999966981956 	
0 	
2.9999980945367 	
0.999999481250932 	
2.99999854782064 	
3.99999859703249 	
4.24999642469543 	
0 	
0.999999834909781 	
0.999999674307175 	
0 	
0.999999632186113 	
0 	
1.99999966981956 	
0.999999834909781 	
0 	
4.74999371881111 	
3.74999742005522 	
0 	
0 	
3.99999687853648 	
0.999999358698125 	
0 	
2.74999823660233 	
0.999999632186113 	
0 	
0 	
2.99999844228434 	
0 	
1.99999857684425 	
0 	
2.9999980945367 	
0.999999481250932 	
0 	
1.99999925212376 	
1.99999926437223 	
3.49999675156946 	
0 	
2.99999844228434 	
2.74999676499049 	
0 	
0 	
0 	
3.99999859703249 	
2.99999924094665 	
1.99999934861435 	
1.49999955366899 	
0 	
6.42823315371623 	
0 	
0.999999674307175 	
0 	
0 	
0 	
2.7499972938257 	
7.10647184541454 	
0.999999834909781 	
2.74999866212173 	
0 	
0 	
1.49999980424771 	
0 	
1.99999934861435 	
0 	
0 	
0.999999674307175 	
1.4999989542961 	
5.74999081514734 	
0 	
0 	
0 	
0 	
0.999999955750158 	
0 	
4.49999669470847 	
2.88425574980633 	
0.999999632186113 	
