1.99999890401956 	
0 	
2.99999865848402 	
1.99999919989308 	
3.49999862848395 	
0 	
2.99999887818564 	
0.999999685543246 	
0 	
0 	
2.99999911337028 	
0 	
0 	
0 	
2.49999906079209 	
0 	
0 	
1.49999945202234 	
0 	
0.999999481250932 	
0.999999685543246 	
0 	
0.999999674307175 	
1.99999970759252 	
0 	
0 	
0 	
2.74999888109405 	
0 	
0 	
0.999999955750158 	
0 	
1.49999945202234 	
1.499999440046 	
1.99999925212376 	
1.49999956887986 	
1.99999857983407 	
4.49999554220594 	
0 	
0 	
3.99999850424752 	
0.99999985379626 	
0 	
0 	
2.49999936383076 	
1.49999929000486 	
0 	
1.99999925212376 	
0 	
0 	
0 	
1.99999970759252 	
1.99999937006216 	
0 	
0.99999962606188 	
1.499999440046 	
0 	
2.74999823660233 	
0 	
0 	
0 	
0 	
1.499999440046 	
0 	
2.49999853092383 	
2.74999817560524 	
0 	
0.99999985379626 	
1.99999970759252 	
2.99999846823145 	
0 	
1.499999440046 	
1.99999910565601 	
1.99999937108649 	
1.99999944585635 	
2.74999888109405 	
0 	
2.74999888109405 	
1.99999925212376 	
1.99999970759252 	
0 	
1.99999925212376 	
1.99999925212376 	
3.87499760108563 	
0 	
0 	
2.99999911337028 	
3.49999886691862 	
1.499999440046 	
0 	
1.74999955269008 	
0 	
1.99999970759252 	
1.99999937108649 	
0 	
1.99999919989308 	
0 	
1.49999973592541 	
0 	
0 	
