0 	
0 	
0.999999077246953 	
5.4999933250776 	
0.999999632186113 	
0 	
1.4999991831514 	
3.49999653008879 	
0.999999632186113 	
4.49999459334734 	
1.4999989542961 	
0 	
0.999999625291197 	
0 	
0 	
0 	
0.999999410540692 	
1.99999926437223 	
1.99999925212376 	
1.99999792717304 	
0.999999077246953 	
0 	
2.49999840848296 	
0.999998905533304 	
0.999999632186113 	
0 	
0.999999459819545 	
0.999999674307175 	
1.99999717312936 	
2.49999840848296 	
1.49999830080934 	
4.49999368349304 	
4.99999410456394 	
2.99999720452189 	
1.9999991993596 	
1.99999871739625 	
0 	
0 	
2.49999868701623 	
0 	
0 	
0 	
1.49999945202234 	
4.24999409361756 	
4.49999379627047 	
0 	
4.49999332307125 	
1.99999877993995 	
1.49999980424771 	
0 	
0 	
0.999999410540692 	
0.999999077353539 	
1.99999840465054 	
0 	
1.9999981260745 	
1.99999753940073 	
3.7499937974353 	
2.99999603833781 	
1.99999792808506 	
3.99999666462182 	
0.999999481250932 	
2.99999766182614 	
2.49999632481344 	
0.999999674307175 	
2.99999757564628 	
3.49999779391191 	
1.4999991831514 	
1.99999830017373 	
0 	
2.99999687401243 	
1.99999827006408 	
1.99999815470708 	
2.99999836630281 	
0 	
2.49999651947548 	
2.99999720452189 	
3.49999822577306 	
2.49999774272518 	
0.999999481250932 	
4.99999456905773 	
0.999998997998719 	
0 	
1.99999910565601 	
2.49999875736744 	
1.99999731722859 	
0 	
1.4999991831514 	
3.99999586681906 	
1.99999877993995 	
0.999999674307175 	
1.99999902004215 	
4.49999315941104 	
3.99999630172891 	
3.49999732503903 	
0.999999075432228 	
4.99999198557142 	
5.99999270624359 	
3.49999712154856 	
1.99999926437223 	
