0 	
0 	
0.999999625450423 	
2.99999617382484 	
0 	
0 	
1.9999973015179 	
0 	
0 	
0 	
1.99999840465055 	
0.999999358698126 	
0 	
0 	
0 	
0 	
2.99999798246507 	
0.999998923078963 	
0 	
0 	
0 	
2.49999818823927 	
0 	
0 	
0.999999625450423 	
2.49999846908513 	
2.99999320653941 	
0 	
0.999999955750158 	
0.999999955750158 	
1.99999612734109 	
0 	
0 	
2.99999595227685 	
0.999999358698126 	
1.99999906940444 	
0 	
0 	
0 	
0.999999358698126 	
1.9999973015179 	
0 	
0.999998923012306 	
0 	
0 	
0.999999664498579 	
0 	
0 	
0 	
0 	
0 	
0 	
0 	
0 	
0.999998923078963 	
0 	
0.999998658614293 	
0 	
0 	
0 	
0.999998650758948 	
0 	
1.49999830080934 	
0 	
2.99999660848322 	
0 	
0 	
0.999999326122992 	
0 	
4.99999434747203 	
0.999998869494405 	
0 	
0.999999247119337 	
0 	
0.999999955750158 	
1.99999815470708 	
0 	
0 	
1.99999966981956 	
0 	
0 	
0 	
0.999999481250932 	
1.99999753940073 	
0 	
0 	
0 	
0.999998650758948 	
0.999999481250932 	
0 	
0.999999358698126 	
0 	
0.999999664498579 	
1.49999830080934 	
0.999999955750158 	
1.99999835846966 	
0 	
0.999998650758948 	
0 	
3.99999514587643 	
0 	
0.999999955750158 	
0 	
0 	
0.99999829249595 	
0.999999955750158 	
2.99999492091958 	
3.99999626969792 	
0 	
2.99999530573188 	
