7.99998412418384 	
4.99999310765655 	
4.7499915515251 	
6.99998527469683 	
6.49999313914243 	
4.99999372977408 	
6.49999127062662 	
4.49999515571966 	
4.49999737299106 	
6.49998711756785 	
2.99999603833781 	
5.4999927842337 	
4.49999261032561 	
4.49999214086286 	
0.999998905533304 	
5.49999068443895 	
3.99999749869135 	
1.99999784615793 	
5.9999923880937 	
2.49999760690388 	
4.49999343965731 	
0.999999481250932 	
4.49999700612852 	
5.99998908333476 	
6.24998953421401 	
0.999999151454652 	
2.74999540091891 	
5.7499878912263 	
4.4999959955693 	
2.99999713071437 	
0.999999481250932 	
6.49999007174368 	
7.99998884475053 	
1.99999871739625 	
2.99999496858577 	
2.9999952989434 	
3.49999649765422 	
5.3749921356511 	
2.99999553875682 	
4.9999932729445 	
1.99999877993995 	
3.49999522377136 	
5.9999928771539 	
0.999999151431815 	
0.999999410540692 	
1.9999981544939 	
2.49999811683676 	
2.99999563841474 	
4.99999438923274 	
4.49999650122684 	
5.49999434338135 	
7.99998698479413 	
6.49999007324764 	
2.99999597872976 	
3.49999678514168 	
3.49999678514168 	
4.49999293517288 	
0 	
5.99998904750438 	
2.9999960012977 	
2.99999553875682 	
3.99999372407426 	
2.49999875736744 	
2.49999741172188 	
0.999999243488919 	
0.999999151454652 	
3.99999603556995 	
5.24999374330648 	
0 	
6.99999291281705 	
1.49999747512025 	
6.49999171857673 	
5.49999097653966 	
3.49999633752148 	
3.99999468638856 	
4.49999306574097 	
5.49999381409471 	
1.99999717312936 	
2.49999892545067 	
3.49999622908567 	
2.99999797201033 	
2.99999535750638 	
6.99998720980797 	
0.999999358698125 	
5.49999532455146 	
3.74999598187378 	
2.87499590857698 	
5.74999016634174 	
2.49999760690388 	
8.99998298974454 	
2.49999683103222 	
2.49999760690388 	
6.9999903441713 	
6.99999101758064 	
3.43749565752647 	
5.49999499978577 	
2.49999685300908 	
2.49999797029267 	
7.99998185100861 	
4.49999566287031 	
