5.49999114131715 	
1.99999822615458 	
1.99999781106661 	
5.49999185077415 	
2.99999553875682 	
0.999999632186113 	
0.999999077353539 	
2.74999788667357 	
0 	
1.99999871739625 	
0 	
0.99999962606188 	
3.49999747897205 	
4.99999525979091 	
3.49999740851382 	
2.87499841732467 	
4.49999573853064 	
1.49999793618377 	
2.49999760690388 	
2.49999811683676 	
0 	
0.999999358698125 	
3.49999712154856 	
4.49999296006574 	
4.49999494569414 	
3.99999687448919 	
0 	
0 	
0.999999632186113 	
1.99999792808506 	
1.4999989542961 	
0.99999888957557 	
1.9999979674582 	
1.99999713161616 	
0.999999674307175 	
0 	
2.49999840848296 	
1.99999925212376 	
0.999999552828006 	
5.49999228281362 	
0 	
6.99998943471813 	
1.9999983029093 	
1.99999706496941 	
4.49999479646249 	
2.99999877752949 	
1.99999797892427 	
3.74999551343658 	
6.49999255188157 	
0.999999552828005 	
0 	
2.99999701109448 	
2.99999676923689 	
2.49999755513376 	
3.99999663867295 	
4.49999650203998 	
0.999999362001564 	
1.9999979674582 	
1.99999709151139 	
0 	
0 	
4.99999503182184 	
5.24999348838039 	
0 	
1.49999945202234 	
2.99999798246507 	
0.999999151431815 	
1.4999991831514 	
2.99999527553364 	
1.99999815086445 	
2.49999840848296 	
1.99999639663191 	
3.49999630008036 	
3.49999359379362 	
3.99999581062684 	
6.49999335354369 	
2.99999632183956 	
0.999999075432227 	
1.99999809112058 	
3.99999603556995 	
0.999999674307175 	
0 	
2.49999757292136 	
2.49999741172188 	
0 	
3.99999409645804 	
4.49999734866441 	
2.99999752614984 	
0.999998724786763 	
1.99999849423867 	
4.37499449135408 	
3.99999764130951 	
4.49999406030768 	
0.999999632186113 	
2.99999593542658 	
0 	
3.99999585617013 	
0.999999410540692 	
3.99999573790042 	
1.99999738211613 	
