0 	
1.99999706496941 	
2.49999840848296 	
0.999998658614294 	
2.99999722629668 	
1.99999934861435 	
4.49999734866441 	
0 	
0.999999632186113 	
1.99999966981956 	
0.999998797664703 	
0 	
0 	
0 	
0 	
0.999999552828005 	
0.999999481250932 	
1.99999760845524 	
0.999999022658611 	
3.4999963160318 	
3.49999615785891 	
4.49999338210831 	
1.99999784615793 	
3.49999540211757 	
0 	
0 	
2.99999728989814 	
3.49999650226222 	
0 	
2.9999979085922 	
2.49999811683676 	
0.999998997998719 	
1.9999991944008 	
2.49999781302046 	
3.49999650226222 	
1.99999926437223 	
3.49999712154856 	
0 	
2.49999840848296 	
2.49999827234222 	
1.99999868409949 	
0.999999243488919 	
0.999999358698125 	
5.49999301599258 	
3.49999527894241 	
1.4999991831514 	
0 	
2.99999677782253 	
3.49999530040143 	
2.49999760690388 	
2.99999683800909 	
0.999999674307175 	
4.49999573853064 	
0.999999410540692 	
0.999999674307175 	
0 	
2.99999807609438 	
3.49999712154856 	
0 	
1.99999664333018 	
1.99999815470708 	
1.49999955366899 	
6.49999317121773 	
0.999999151454652 	
0.999999151454652 	
0.999999481250932 	
3.49999292168513 	
4.4999959955693 	
0.999999552828005 	
0.999999247119337 	
0 	
1.99999803162609 	
2.49999762037436 	
0 	
2.49999840848296 	
4.99999451988516 	
1.4999989542961 	
2.4999978508498 	
0 	
0.999998905533304 	
1.99999659551863 	
1.87499820575276 	
0.999999077353539 	
3.49999533681742 	
1.4999989542961 	
0 	
2.99999643119931 	
4.99999647123015 	
0 	
6.2499897849676 	
0 	
0.999999632186113 	
3.9999950911702 	
0.999999112408464 	
3.4999968870752 	
1.99999803733221 	
0 	
3.49999468191512 	
0.999999358698125 	
1.4999989542961 	
0.999999151454652 	
