0 	
0 	
0 	
1.99999731722859 	
0 	
0 	
0 	
0.999998364929023 	
1.99999637292466 	
0 	
0 	
0.999999834909781 	
0.999999358698126 	
0 	
1.99999906940444 	
0 	
0.999999481250932 	
0.999999664498579 	
0 	
0 	
0 	
0 	
0.999999834909781 	
0 	
0 	
0 	
0 	
2.99999718998222 	
2.49999892545067 	
0 	
0.999998650758948 	
0 	
0 	
0.999998658614293 	
0 	
0 	
0 	
0.999999247119337 	
0 	
0 	
0 	
1.99999906940444 	
0.999999534702219 	
1.99999835846966 	
2.99999434404321 	
0.999999674307175 	
0 	
0 	
1.99999827498297 	
0 	
0.999998259031572 	
0.999998923078963 	
0 	
0.999998869494405 	
0 	
0.999999674307175 	
1.99999711873883 	
0 	
0 	
0 	
3.9999946030358 	
1.99999795710848 	
0.999999955750158 	
0 	
0 	
0.999999326122993 	
1.99999896152289 	
1.99999906940444 	
0.999999834909781 	
0 	
0 	
2.49999330814038 	
1.99999792808506 	
1.9999965849919 	
0.999999326122992 	
1.99999835846966 	
0 	
0.999999534702219 	
0 	
0.999999326122993 	
0.999999834909781 	
0 	
1.99999865224598 	
0.999999481250932 	
0 	
1.99999637292466 	
0.999999834909781 	
0.999999674307175 	
2.49999527987882 	
0 	
0.999999834909781 	
2.99999274738663 	
0 	
0 	
0.999999834909781 	
0 	
0.999999090522717 	
0.999999326122992 	
0.999999955750158 	
0 	
0 	
1.9999957657953 	
1.99999925090085 	
0 	
0.999999358698125 	
0.999999834909781 	
0 	
1.99999966981956 	
0 	
0 	
