3.99999698395017 	
1.9999964703041 	
5.49999285432295 	
1.49999830080934 	
6.49998890938782 	
2.99999582800066 	
1.99999876237399 	
5.49999556203541 	
5.99999119331217 	
7.49998441700103 	
0.999999243488919 	
5.49999493212782 	
3.49999530659905 	
3.49999650297799 	
5.99999193216698 	
4.37499459341931 	
6.49999143448087 	
4.49999205564255 	
1.99999756780734 	
3.9999935165953 	
4.24999543853003 	
6.49999004949893 	
3.49999633752148 	
2.99999590743368 	
2.99999593542658 	
4.4999935771482 	
2.49999827234222 	
1.99999792052073 	
3.49999779391191 	
0 	
6.49999130282762 	
2.99999714549964 	
4.49999646580187 	
6.49999365617603 	
5.49999234601914 	
3.49999330777696 	
3.49999648978733 	
6.49998897145727 	
5.49999238447621 	
3.49999255210806 	
0 	
2.4999969801509 	
3.49999467987571 	
2.49999655323048 	
3.9999938369137 	
2.99999728989814 	
4.99999599236101 	
6.24999041259668 	
6.99999105206851 	
1.99999896250186 	
4.499992065414 	
2.49999811683675 	
3.74999532188783 	
4.49999521424557 	
4.49999458039044 	
2.99999599434975 	
2.99999582800066 	
3.99999464468426 	
4.99999322323004 	
5.99998986862663 	
4.99999049743692 	
1.99999706496941 	
6.4999903123665 	
5.49999424477179 	
2.49999840848296 	
2.49999875736744 	
3.49999624776776 	
6.49998914164237 	
1.99999719623707 	
5.99999419373969 	
5.49999104600539 	
0 	
1.99999871739625 	
0.999998443885286 	
1.99999750324483 	
1.99999783301368 	
3.49999615785891 	
4.99999106431472 	
4.49999596337948 	
6.99999060080287 	
6.87498852434876 	
3.74999589158057 	
0.999998658614294 	
2.99999752614984 	
4.99999266775936 	
1.9999990808059 	
3.99999353279232 	
4.49999469555438 	
8.24998685437866 	
5.49999300399001 	
1.99999926437223 	
4.49999458039044 	
5.49999195977526 	
3.74999653662207 	
3.99999691938908 	
4.49999457161242 	
0.999999410540692 	
0 	
1.99999896250186 	
2.99999665296252 	
