0 	
0 	
0.999999632186113 	
0 	
0 	
3.99999750553161 	
0.999999632186113 	
1.99999904112638 	
0.999999077353539 	
0 	
1.99999831084805 	
2.49999827234222 	
3.49999748743486 	
1.99999890401956 	
0 	
0.999998750375256 	
0.999999481250932 	
3.49999632232182 	
0.999999632186113 	
2.49999725994258 	
1.99999926437223 	
0 	
0.999999481250932 	
1.99999816560928 	
3.4999963804892 	
0.999999410540692 	
1.99999738882528 	
1.99999896250186 	
1.99999904112638 	
4.49999435269534 	
0 	
0 	
0.99999962606188 	
1.49999819346348 	
0 	
0 	
0.999999632186113 	
2.99999726247321 	
1.99999934861435 	
0.999999481250932 	
0.999999632186113 	
0 	
4.49999709512557 	
3.49999678514168 	
0.999999189356637 	
0 	
0 	
0 	
0 	
0.999999632186113 	
0 	
0 	
0 	
0.999999632186113 	
0.999999326122993 	
2.49999850570998 	
1.49999945202234 	
3.49999579638309 	
2.49999892545067 	
1.4999991831514 	
1.99999792808506 	
0.999999632186113 	
4.49999629356315 	
1.99999882108138 	
2.99999889655834 	
0 	
3.9999968567809 	
1.49999876307492 	
0.999999674307175 	
2.99999807609438 	
0.999999358698125 	
2.99999702665085 	
2.99999774135801 	
1.99999760845524 	
0 	
0 	
0.999999358698125 	
0.999999358698125 	
0 	
0 	
2.99999846823145 	
0 	
0.999999189356637 	
1.99999708269133 	
0.999999632186113 	
2.99999784240278 	
0 	
0.999998923078963 	
0 	
2.49999665287108 	
0.999999632186113 	
3.49999760620347 	
0.999999674307175 	
0 	
0.999999834909781 	
2.99999638692696 	
0.999999632186113 	
0 	
5.4999935970446 	
0.999999703628503 	
0.999999247119337 	
1.99999896250186 	
0 	
5.49999606943299 	
1.99999904112638 	
0.999999358698125 	
0 	
1.49999860311264 	
0.99999962606188 	
1.9999990808059 	
1.99999887928238 	
0.999999431873325 	
0.999999358698125 	
1.49999876307492 	
0.999999077353539 	
0.999999151454652 	
0 	
2.99999717223393 	
4.4999960770556 	
0 	
0 	
3.49999732503903 	
0.999999674307175 	
0 	
3.49999712154856 	
0.999999632186113 	
0 	
0 	
0 	
0.999999481250932 	
0 	
0.999998783903671 	
0.999999358698125 	
3.49999786266982 	
0 	
0.999999247119337 	
2.99999637435409 	
0 	
1.99999809707609 	
0 	
0.999999625291197 	
1.49999876307492 	
1.99999809707609 	
0 	
0.999999625291197 	
0 	
3.4999960258705 	
3.49999715460301 	
0 	
0 	
0 	
0 	
0.99999985379626 	
0 	
0.999999326122993 	
0 	
2.99999752614984 	
1.99999934861435 	
0 	
0 	
0.999999151454652 	
0 	
1.4999991831514 	
1.49999945202234 	
0.99999962606188 	
0 	
4.49999385013667 	
0.999998923078963 	
0 	
0 	
0 	
1.99999934861435 	
0 	
0.999998642265902 	
0.999999674307175 	
3.99999736277906 	
2.49999840848296 	
0 	
2.49999850570998 	
2.49999892615434 	
0 	
0 	
0 	
2.9999984437528 	
0.999999834909781 	
1.99999934861435 	
0.999999410540692 	
0 	
1.99999717312936 	
0.999999834909781 	
0 	
0 	
5.49999069995761 	
1.99999831084805 	
0.99999962606188 	
0.999999552828006 	
0.99999899381318 	
0 	
2.99999774135801 	
0.999999481250932 	
0.999999262586506 	
0.999998923078963 	
