1.99999665237685 	
0.999999410540692 	
2.99999553125008 	
0.999998443885286 	
0.999999481250932 	
5.49998994525376 	
2.99999590428445 	
0.999998923078963 	
2.9999952989434 	
0.999999243488919 	
1.49999819346348 	
4.4999965818964 	
4.49999523572942 	
5.49999362870008 	
0.999998642265902 	
0.999998905533304 	
4.49999466325405 	
5.12499233137803 	
0 	
1.99999758958155 	
2.99999637378854 	
4.99999624542753 	
3.49999732503903 	
3.49999649765422 	
6.49999051243375 	
5.49999537460213 	
3.49999745197136 	
2.49999665287108 	
2.49999621090924 	
4.99999375150372 	
2.49999716015659 	
0.999999632186113 	
1.99999831305582 	
1.99999744630006 	
2.99999760360247 	
1.99999871471559 	
7.49998885741527 	
5.49999349104399 	
3.49999576333759 	
4.99999402598594 	
0.999999358698125 	
4.49999626261206 	
0.999999358698125 	
0 	
3.37499585680212 	
1.99999787100541 	
0.999999481250932 	
3.49999614219821 	
4.49999566287031 	
1.9999983029093 	
2.99999711739149 	
1.99999896250186 	
2.49999850570998 	
1.99999792808506 	
2.49999651448366 	
4.74999305916409 	
4.49999197869068 	
0 	
2.49999774272518 	
0.999998783903671 	
3.49999498659888 	
4.49999526286505 	
1.99999821331859 	
5.49999405579394 	
2.74999674565512 	
6.49999026921534 	
4.49999131136446 	
2.9999952989434 	
5.49999606943299 	
4.74999279078151 	
4.49999447356694 	
3.49999481644957 	
1.9999983029093 	
6.49999292773654 	
4.99999316010286 	
6.99998811995428 	
3.49999559527165 	
1.99999838369295 	
2.99999723411047 	
5.49999324468733 	
3.99999657727907 	
1.99999756824792 	
4.49999521424557 	
0.999999358698125 	
4.99999561355046 	
1.99999803162609 	
1.9999981260745 	
2.99999676923689 	
6.49999358923748 	
1.99999803162609 	
1.49999876307492 	
0 	
0.999999151454652 	
0.999999151454652 	
2.99999590743368 	
0.999999481250932 	
0.999999410540692 	
0 	
0.999999632186113 	
4.99999519098306 	
