0.999998658614294 	
3.4999963804892 	
4.49999447315741 	
3.99999687991168 	
1.99999970759252 	
1.49999860311264 	
4.49999526286505 	
0.999999358698125 	
1.99999809707609 	
1.9999991944008 	
1.99999827006408 	
1.99999753940073 	
3.74999451609286 	
2.99999755908572 	
0 	
4.99999049743692 	
2.99999682386246 	
3.99999433370518 	
0.999999358698125 	
0.999999552828006 	
3.99999780803911 	
1.99999774254888 	
0 	
0 	
0.999999674307175 	
1.99999909483913 	
1.99999843511191 	
0.999999459819545 	
0 	
2.99999599434975 	
4.49999526286505 	
2.2499969376144 	
3.49999585999021 	
2.49999892545067 	
3.49999657930102 	
0.999998783903671 	
0 	
2.49999875736744 	
0.999999151454652 	
0 	
0.999999189356637 	
5.49999606943299 	
0.999999077246953 	
2.9999973031331 	
3.4999960258705 	
5.4999930780496 	
0 	
1.99999871739625 	
1.99999738882528 	
0 	
1.99999758287715 	
2.74999868578572 	
1.99999896250186 	
2.87499675823559 	
5.99999126070454 	
0 	
3.49999710188591 	
2.99999676923689 	
2.9999984570559 	
2.49999600767512 	
4.49999422103707 	
3.49999579638309 	
4.49999248095129 	
1.99999877993995 	
0.999999481250932 	
0.999999674307175 	
2.99999819208221 	
5.49999139251193 	
0 	
0.999999075432228 	
3.99999512645051 	
0.999999481250932 	
1.99999720051874 	
1.9999981260745 	
0.999999632186113 	
4.49999781608418 	
4.99999681696592 	
3.49999801099183 	
0 	
1.99999896250186 	
3.49999632232182 	
2.49999811683676 	
2.99999679742877 	
0.999999075432228 	
1.49999955366899 	
1.49999860311264 	
2.99999636975992 	
2.99999765432429 	
1.49999876307492 	
5.24999070471936 	
3.4999956119689 	
0.999998797664703 	
0.999999243488919 	
3.49999767540646 	
0 	
0.999999151431815 	
0 	
0.999998923078963 	
3.49999406262593 	
2.49999741172188 	
