0 	
0 	
1.4999991831514 	
3.49999740851382 	
1.99999746675565 	
0 	
1.99999758287715 	
0 	
2.49999827234222 	
1.99999792717304 	
0 	
0 	
2.99999720452189 	
4.49999264744542 	
0 	
0 	
0.999999075432228 	
0 	
0.999998750375256 	
2.99999683800909 	
2.49999892545067 	
1.99999866720991 	
3.49999620609844 	
1.99999835846966 	
5.49999071920798 	
1.99999865937666 	
1.9999987279337 	
2.9999984437528 	
0.999999632186113 	
0 	
0 	
0 	
0.999999481250932 	
2.99999720452189 	
3.49999522377136 	
1.99999890401956 	
0 	
0.999999189356637 	
0 	
0 	
3.49999725680793 	
0 	
1.99999934861435 	
0 	
0.999999075432228 	
1.99999787100541 	
1.99999847987489 	
0.999998609333551 	
0 	
0.999999112408463 	
3.49999417330266 	
0.99999962606188 	
0.999999632186113 	
2.9999984437528 	
0.999999632186113 	
1.49999945202234 	
0 	
0 	
1.99999871739625 	
0.999999459819545 	
0 	
0 	
0.999999632186113 	
0 	
0 	
1.99999896250186 	
0.999999410540692 	
0.999999488332764 	
3.4999968870752 	
0 	
0.999999674307175 	
0.999999674307175 	
1.4999989542961 	
0 	
0.999999247119337 	
0 	
0 	
1.9999987279337 	
0 	
0 	
2.49999868701623 	
0.999999632186113 	
3.99999621723343 	
2.49999718383047 	
0 	
0.999999262586506 	
0 	
0 	
0 	
2.99999733986138 	
0.999999358698125 	
2.49999825838657 	
0 	
1.9999981260745 	
5.49999401556099 	
0.999999632186113 	
0 	
1.9999991944008 	
0.999999151454652 	
0 	
0 	
2.49999598582582 	
0 	
0 	
0 	
0.999999077353539 	
0 	
0 	
0 	
1.49999945202234 	
0 	
0 	
0 	
0.999999834909781 	
0.999999533150113 	
1.99999877993995 	
1.99999891008589 	
0 	
0.999999267400229 	
0 	
0.999999481250932 	
0.999999481250932 	
0.999999481250932 	
0.999999481250932 	
0 	
0.999999358698125 	
0 	
0.999999326122993 	
1.99999871739625 	
0 	
0.999999358698125 	
4.49999580933792 	
0 	
3.4999968870752 	
0.999999632186113 	
1.99999849423867 	
0 	
0 	
1.99999835846966 	
0 	
0.999999481250932 	
0.999998545755693 	
0.999999358698125 	
1.99999934861435 	
0 	
0 	
0 	
1.99999928958687 	
0.999999632186113 	
1.99999926437223 	
0.99999962606188 	
0 	
0 	
0.999999632186113 	
0 	
1.99999926437223 	
2.49999792471679 	
2.49999792471679 	
3.49999632232182 	
0.999999481250932 	
0.999999674307175 	
0.999999387104186 	
3.49999779237127 	
0.999999151454652 	
3.49999650226221 	
0 	
0.999999674307175 	
0 	
3.49999540211757 	
0.999999481250932 	
1.9999991944008 	
2.99999833166541 	
0 	
3.49999678850408 	
0.999999459819545 	
0 	
0 	
0.999999552828006 	
0 	
1.99999875789179 	
1.99999821460048 	
2.49999730213149 	
2.99999749326952 	
0.999999075432228 	
1.9999990808059 	
3.49999619710344 	
0.999999481250932 	
3.49999712154856 	
1.99999810790671 	
1.99999781106661 	
1.4999989542961 	
0.999999674307175 	
3.49999833761148 	
0.999998905533304 	
0 	
0.999999674307175 	
0.99999962606188 	
2.99999760360247 	
0.999999077353539 	
0 	
0.999999834909781 	
0.999999632186113 	
