5.49999323744016 	
1.99999854805305 	
0 	
2.99999673900363 	
5.2291607304376 	
1.99999878934161 	
1.99999736217323 	
0.999999090522717 	
1.99999766814008 	
7.99998846761489 	
4.99999152317839 	
2.99999745436396 	
2.7499953912089 	
4.49999175897858 	
2.49999841697894 	
1.99999764319358 	
3.2499957065985 	
4.49999582514264 	
4.99999290966248 	
5.93748981155851 	
3.99999559101289 	
5.49999067623901 	
0.99999962606188 	
7.74998150363373 	
3.99999530111958 	
2.99999810141313 	
0 	
6.49998842172008 	
3.49999438986931 	
6.49998869603501 	
2.49999811683676 	
5.49999087650312 	
3.99999607543387 	
3.49999581275012 	
1.99999707431932 	
2.99999650019688 	
6.5833217720467 	
2.49999744686803 	
4.99999296025774 	
3.99999527427503 	
1.99999810182898 	
4.49999513953079 	
6.2499881937789 	
2.49999785901647 	
1.99999890401956 	
5.99999195881357 	
1.99999810182898 	
6.49999176908322 	
4.49999464395105 	
4.24999307183497 	
7.49998402898452 	
1.99999818104543 	
5.24999429385686 	
1.99999791673194 	
2.99999634990046 	
3.99999583431052 	
1.99999813413553 	
1.99999640665107 	
4.49999422920907 	
3.99999386587266 	
8.49998505994796 	
