3.49999770804682 	
0 	
1.4999989542961 	
2.99999723206061 	
0.999999247119337 	
1.99999863237226 	
0 	
1.99999865224598 	
0.999999834909781 	
2.99999763706713 	
0 	
2.49999849379397 	
3.49999719496573 	
0.999999834909781 	
0 	
3.49999519409905 	
0 	
2.49999875736744 	
1.99999849423867 	
5.24999567705994 	
1.99999849423867 	
0 	
1.99999807596109 	
1.49999955366899 	
1.49999910692811 	
0.999999674307175 	
1.49999980424771 	
4.74999478599017 	
0.999999834909781 	
0.999999481250932 	
1.99999934861435 	
2.99999810135173 	
2.99999760360247 	
1.49999889648845 	
2.99999860410666 	
2.49999892545067 	
0.999999247119337 	
0.999999703628503 	
1.4999994342632 	
0 	
0.999999674307175 	
1.74999938758003 	
3.49999673832265 	
1.99999857125252 	
3.49999680402475 	
0 	
1.99999835846966 	
1.49999945202234 	
0 	
1.99999835846966 	
1.49999955366899 	
2.99999746859185 	
1.99999926437223 	
0 	
0.999999674307175 	
2.99999813824931 	
1.49999906191345 	
1.99999815470708 	
2.49999892545067 	
1.99999934861435 	
0 	
0.999999632186113 	
2.99999702665085 	
4.49999722450695 	
1.49999889648845 	
0.999999632186113 	
2.99999812520056 	
2.49999787497659 	
2.99999763706713 	
0 	
0 	
0.999999834909781 	
1.49999955366899 	
0.999999075432228 	
0 	
1.4999991831514 	
1.99999934861435 	
5.74999444343156 	
2.49999810572242 	
0.999999358698126 	
0 	
0 	
0.999999674307175 	
0.999999625291197 	
0 	
2.49999803071516 	
0 	
2.74999822832054 	
2.99999682386246 	
1.49999955366899 	
0.999999834909781 	
0 	
0 	
0.999999834909781 	
0.999999674307175 	
0.999999955750158 	
5.74999459551331 	
2.99999790492049 	
1.99999934861435 	
3.49999680402475 	
