0.999999834909781 	
0 	
0 	
0 	
0 	
0.999999480761447 	
0.999999552828005 	
0 	
0 	
0 	
1.4999991831514 	
0 	
0 	
0 	
1.99999854805305 	
0 	
0 	
0.999999625450423 	
1.99999890401956 	
0.99999985379626 	
0.999999674307175 	
0 	
0 	
0 	
1.99999928958687 	
0 	
0 	
0 	
0 	
0 	
1.49999955366899 	
0 	
0.999999481250932 	
0 	
0.999999685543246 	
0.999999480761447 	
0 	
0 	
0 	
1.99999944585635 	
3.37499691564656 	
0.999999955750158 	
0.999999481250932 	
0 	
0.999999151454652 	
0 	
0.999999625450423 	
1.49999943909282 	
0 	
0 	
0.999999481250932 	
0.999999632186113 	
0.999999685543246 	
0.999999685543246 	
0.99999985379626 	
0.99999962606188 	
0 	
0.999999955750158 	
0 	
0 	
1.9999991993596 	
0 	
0.999999625450423 	
