1.99999872969113 	
5.4999925445602 	
1.99999781106661 	
2.49999868368493 	
2.99999811297737 	
6.4999884891558 	
0.999999358698125 	
3.99999609349684 	
1.9999981544939 	
3.49999750633489 	
3.99999679430588 	
4.99999399073054 	
3.99999661771924 	
7.49998734976617 	
0 	
0.999999090522717 	
4.99999413989851 	
0.999999632186113 	
4.49999440564186 	
1.99999791673194 	
2.49999869037646 	
2.99999523862475 	
3.49999576124215 	
0 	
4.74999406212021 	
3.99999357208845 	
5.24999496267174 	
0.999999834909781 	
2.99999754788487 	
3.58333012135539 	
2.99999746721055 	
0 	
2.99999625112577 	
3.99999703772028 	
4.74999528252921 	
1.99999878934161 	
2.99999729695313 	
4.99999538388152 	
3.99999630898781 	
1.99999811073369 	
4.7499949397283 	
3.49999684872948 	
1.49999819346348 	
3.74999410292595 	
6.99998821513828 	
2.74999726695012 	
4.99999167717986 	
3.74999546931768 	
4.99999201550372 	
0.999998364929023 	
0.999999090522717 	
2.99999879975136 	
3.49999663703507 	
1.9999991993596 	
3.99999607543387 	
1.99999925090085 	
2.99999697393058 	
1.99999890401956 	
2.99999745436395 	
1.99999849709127 	
