0.999999075432228 	
0.999999090522717 	
0.999999271778113 	
0.99999962606188 	
0.999999481250932 	
3.24999695375973 	
0 	
2.99999690233833 	
0.999999481250932 	
0 	
1.99999931263766 	
2.49999608207605 	
2.49999662605324 	
3.99999723048322 	
4.49999041520118 	
0.999999364845566 	
0.999999271778114 	
1.99999928958687 	
0.999999481250932 	
2.49999813782426 	
1.99999847025574 	
1.99999871739625 	
1.49999830080934 	
1.99999854805305 	
1.87499898690288 	
0.999999552828006 	
0.99999962606188 	
2.74999868578572 	
1.99999829502652 	
0.999999625450423 	
2.99999621680581 	
1.99999928958687 	
3.49999629946812 	
4.99999366849644 	
2.49999658005143 	
0.999999480761447 	
0.999999674307175 	
1.74999864733229 	
2.99999720714993 	
1.74999842034401 	
0 	
0 	
3.9999966750369 	
2.49999751914465 	
5.24999234147237 	
0.999999481250932 	
0 	
2.99999774519914 	
0.999999552828006 	
2.99999743019423 	
2.99999603775274 	
3.49999627871698 	
1.99999854805305 	
0.999999552828006 	
0.999999674307175 	
0.999999625450423 	
1.99999876258743 	
0.999999834909781 	
2.99999681661545 	
0 	
