2.49999846908513 	
0 	
0.999999674307175 	
0.999999834909781 	
1.49999955366899 	
0.999999358698126 	
1.99999835846966 	
0 	
1.99999883743001 	
0 	
2.99999790492049 	
0.999999955750158 	
0 	
0 	
0.999999326122993 	
2.99999890404468 	
0 	
0 	
0.999999151454652 	
0.999999674307175 	
0 	
0.999999834909781 	
0 	
1.99999966981956 	
0 	
0.999999703628503 	
1.49999906191345 	
0 	
0 	
0 	
0 	
0 	
2.99999880760855 	
1.49999889648845 	
0 	
1.49999945202234 	
2.49999910463391 	
0 	
0 	
0 	
0 	
0 	
1.99999932899716 	
1.99999932513795 	
0 	
2.7499985585943 	
0.999999632186113 	
0.999999955750158 	
2.49999822650748 	
0 	
0 	
1.99999835846966 	
0.999999534702219 	
0.999999834909781 	
1.74999903519047 	
0 	
1.99999863237226 	
0.999999874489039 	
1.49999955366899 	
2.49999888266728 	
2.99999902292153 	
0 	
1.99999934861435 	
0.999999955750158 	
0 	
1.49999980424771 	
2.49999802355571 	
1.4999994342632 	
0.999999834909781 	
0 	
0 	
1.74999938758003 	
0.999999674307175 	
0 	
0 	
3.49999770804682 	
1.74999953715819 	
0.999999743847612 	
0.999999151454652 	
0.999999326122993 	
0 	
0 	
0.999999326122992 	
0 	
2.49999822650748 	
1.49999955366899 	
1.49999926114479 	
0 	
2.49999878082317 	
0 	
0 	
0 	
0 	
0.999999674307175 	
0.999999834909781 	
0 	
0.999999955750158 	
0 	
0 	
1.49999945202234 	
0 	
