0 	
0 	
0 	
0 	
0 	
0 	
0.999999674307175 	
0 	
0 	
0.999999480761448 	
0.999999625450423 	
0 	
0 	
0 	
0 	
0 	
0 	
0.999999685543246 	
0 	
0 	
0 	
0 	
0 	
0 	
0 	
0 	
0 	
0.999999834909781 	
0 	
0 	
0.99999985379626 	
0.999999746982215 	
0 	
0 	
0 	
1.49999955366899 	
0.999999834909781 	
0 	
0.999999364845566 	
0 	
0 	
0.999999625450423 	
0 	
0.999999955750158 	
0 	
0 	
1.49999945202234 	
0 	
0.999999955750158 	
0 	
0 	
1.99999934861435 	
0 	
0 	
0 	
0 	
0 	
0 	
0 	
0 	
0 	
0 	
0 	
0 	
0 	
0 	
0 	
0 	
0 	
0 	
0 	
0 	
0 	
0 	
0 	
0 	
0 	
0 	
0 	
0 	
0 	
0.999999480761448 	
0 	
0 	
0 	
0 	
0.999999271778114 	
0 	
0 	
0 	
0 	
0 	
0 	
0 	
0 	
0 	
0.999999625450423 	
0 	
0 	
0 	
0 	
0 	
0 	
0 	
0 	
0 	
0 	
0 	
0.99999985379626 	
0 	
0 	
0 	
0 	
0 	
0 	
0.99999985379626 	
0 	
0 	
0.999999480761448 	
0.999999364845566 	
0 	
0 	
0 	
0 	
0 	
0 	
0 	
0 	
2.74999887924079 	
0 	
0 	
0 	
0 	
0 	
0 	
0 	
0 	
0 	
0 	
0 	
0.999999364845566 	
0 	
0.99999985379626 	
0 	
0 	
0 	
0 	
0 	
0 	
0.999999834909781 	
0 	
0.999999288422124 	
0 	
0 	
0.999999955750158 	
0 	
0 	
0 	
0 	
0 	
0 	
0 	
0 	
0 	
0 	
0 	
0 	
