0.999999552828006 	
0 	
0 	
0.999999364845566 	
0 	
0 	
1.99999970759252 	
0 	
0 	
0 	
1.99999902799006 	
0.999999288422124 	
0.999999674307175 	
0 	
0.999999358698125 	
0 	
0 	
0 	
0 	
0.999999271778113 	
0 	
0 	
0 	
1.99999767369604 	
0 	
2.99999774556513 	
0 	
0 	
0 	
0.999999552828006 	
0.999999955750158 	
0 	
0 	
0.999999632186113 	
2.99999855923089 	
0.999999271778114 	
0 	
0 	
0.999999625450423 	
0 	
1.99999833751845 	
0 	
1.99999944585635 	
0 	
0.999999552828005 	
0 	
0.999999685543246 	
0 	
1.99999931263766 	
0 	
0 	
0.999999090522717 	
0 	
0.99999985379626 	
0 	
0 	
1.99999882108138 	
0 	
0 	
1.99999876578492 	
0 	
0 	
0 	
2.49999664820759 	
