0 	
0.999999685543246 	
0.999999834909781 	
0.999999288422124 	
0 	
0 	
0 	
1.99999890401956 	
1.99999970759252 	
0.999999075432228 	
1.99999809112058 	
0.999999834909781 	
0.999999674307175 	
0 	
0.999999394670805 	
0.999999552828006 	
4.49999500469002 	
1.99999928958687 	
2.49999845876156 	
1.99999815231109 	
0 	
0 	
1.99999936017171 	
1.49999955366899 	
2.99999675133772 	
0 	
0.99999985379626 	
0 	
0 	
0 	
0.99999985379626 	
1.99999849709127 	
0 	
0.999998807942727 	
0 	
0 	
0.999999674307175 	
0.999999488332765 	
0 	
0 	
0 	
0 	
0 	
0 	
2.99999895380229 	
0.999999271778113 	
1.99999931263766 	
0.999999685543246 	
0 	
0.999999685543246 	
0 	
1.49999945202234 	
1.99999854355623 	
0.999999746982215 	
1.99999833751845 	
0 	
0.999999481250932 	
1.99999970759252 	
1.9999990475393 	
0.999999410540692 	
0.999999151454652 	
