1.49999980424771 	
3.66666419268084 	
0 	
1.99999906940444 	
0 	
0.999999834909781 	
0.999999674307175 	
0 	
0.999999320815288 	
1.49999860311264 	
0.999999481250932 	
0.999999674307175 	
0 	
0.999999955750158 	
1.99999966981956 	
1.99999849423867 	
0.999999077353539 	
0 	
1.99999934861435 	
0 	
0 	
1.49999980424771 	
2.99999774135801 	
0 	
0.999999834909781 	
0 	
1.99999863237226 	
2.49999878082317 	
0.999999955750158 	
0 	
1.74999903519047 	
0.999999326122992 	
0 	
2.49999888266728 	
3.49999724944545 	
0.999999075432228 	
2.49999888266728 	
0.999999955750158 	
1.49999955366899 	
2.99999774135801 	
1.99999792808506 	
0.999999247119337 	
0.999999834909781 	
0 	
0 	
0 	
0.999999955750158 	
0.999999247119337 	
1.99999865224599 	
0.999999674307175 	
0 	
1.74999750156197 	
1.49999980424771 	
0 	
0.999999247119337 	
0 	
1.49999926114479 	
0.999999955750158 	
2.49999846908513 	
0 	
1.49999949753796 	
1.99999966981956 	
0 	
1.49999980424771 	
1.99999934861435 	
0.999999247119337 	
0 	
0.999999625291197 	
1.99999849423867 	
0.999999632186113 	
0.999999632186113 	
2.49999888266728 	
0.999999674307175 	
1.49999980424771 	
1.49999955366899 	
3.49999812332951 	
2.49999888266728 	
2.99999750054947 	
1.99999895379353 	
0 	
0.999999674307175 	
0.999999674307175 	
0 	
2.49999693891861 	
3.99999620492479 	
0 	
0.999999674307175 	
1.49999955366899 	
2.49999762037436 	
1.99999835846966 	
0 	
2.49999741172187 	
0 	
0.999999834909781 	
0 	
1.99999865224598 	
0.999999834909781 	
0 	
0 	
0.999999834909781 	
0 	
0 	
