1.4999989542961 	
2.99999807609438 	
1.99999948254491 	
1.49999955366899 	
3.49999737492793 	
4.49999636942584 	
1.49999945202234 	
4.74999474132661 	
1.49999906191345 	
0 	
1.49999924937879 	
3.99999729198589 	
3.99999630941416 	
1.49999910692811 	
1.9999991944008 	
0.999999632186113 	
4.74999504407807 	
2.49999931067901 	
0 	
3.4999966963552 	
0.999999358698125 	
0 	
1.4999992493788 	
1.99999896250186 	
5.99999520720494 	
0 	
0 	
5.74999279512878 	
2.99999723206061 	
0 	
2.49999874417881 	
0.999999834909781 	
2.99999677666245 	
1.49999906191345 	
1.49999959300891 	
0.999999674307175 	
1.99999920183901 	
3.49999566894781 	
1.74999891107388 	
2.49999880487935 	
0.999999326122992 	
1.99999815470708 	
4.99999602892461 	
5.49999434795856 	
2.99999760360247 	
1.74999903519047 	
1.49999959300891 	
1.4999989542961 	
5.99999580984098 	
1.99999865224598 	
0.999999632186113 	
2.4999978275641 	
5.49999158547906 	
3.24999836234866 	
0.999999481250932 	
0.999999874489039 	
2.99999682386246 	
4.49999652462551 	
0.999999674307175 	
1.74999750156197 	
1.49999955366899 	
3.9999962682636 	
0 	
2.49999762037436 	
0.999999674307175 	
4.4999959831959 	
1.99999926437223 	
2.49999931067901 	
2.99999797836898 	
2.49999792031699 	
2.99999660161867 	
4.4999958436866 	
1.9999981260745 	
3.49999742189306 	
0.999999625291197 	
1.99999966981956 	
4.74999545821642 	
0.999999834909781 	
2.74999787945876 	
0.999999674307175 	
1.49999945202234 	
4.24999699684138 	
5.99999580984099 	
3.99999729198589 	
4.49999547643938 	
0.999999703628503 	
1.4999994342632 	
2.99999720452189 	
2.49999852593978 	
4.99999583894667 	
1.49999945202234 	
0.999999247119337 	
1.49999959300891 	
1.99999828192451 	
0.999999632186113 	
1.4999991831514 	
2.49999751171295 	
2.99999726247321 	
2.4999969801509 	
1.4999989542961 	
