0.999999632186113 	
3.49999714321081 	
1.99999934861435 	
1.99999812000998 	
0 	
2.49999828877289 	
2.99999841113596 	
1.4999994342632 	
0.999999703628503 	
2.49999907915258 	
2.49999907915258 	
1.49999955366899 	
1.99999926437223 	
1.99999896250186 	
0.999999632186113 	
3.99999562500051 	
1.99999849423867 	
1.49999955366899 	
0.999999703628503 	
2.99999702665085 	
1.99999932513795 	
1.99999871739625 	
1.49999955366899 	
2.49999725994258 	
2.74999788667356 	
0 	
2.49999762037436 	
1.99999849423867 	
2.99999899349574 	
1.9999991944008 	
2.74999868578572 	
0 	
1.49999955366899 	
1.74999953715819 	
1.49999945202234 	
1.99999792808506 	
2.74999829676732 	
2.49999907915258 	
2.99999760360247 	
0.999999632186113 	
2.49999850677702 	
0 	
0.999999674307175 	
0 	
1.99999919740494 	
2.49999892545067 	
0 	
2.49999763230472 	
0 	
3.74999772744184 	
0.999999834909781 	
0 	
4.4999955571248 	
1.49999876307492 	
3.99999635269519 	
1.99999815086445 	
2.74999756049624 	
2.99999812520056 	
3.7499981170294 	
1.99999835846966 	
2.74999848155731 	
0.999999632186113 	
3.74999489836357 	
4.99999539031549 	
0 	
1.99999932513795 	
0.999999075432228 	
0.999999834909781 	
1.99999906940444 	
2.99999723206061 	
0.999999834909781 	
2.99999760360247 	
0.999999481250932 	
0 	
5.49999403621577 	
1.4999994342632 	
2.49999892545067 	
4.99999554557471 	
2.49999892545067 	
3.49999714321081 	
2.49999931067901 	
0.999999326122992 	
1.99999906940444 	
3.49999741127764 	
2.49999907915258 	
0.999999674307175 	
1.99999896250186 	
0 	
0 	
1.99999904112638 	
0.999999481250932 	
2.99999763706713 	
1.99999896250186 	
0 	
2.49999892545067 	
3.99999711969141 	
0.999999834909781 	
0 	
4.4999958436866 	
0.999999955750158 	
