0 	
0 	
0 	
0 	
0 	
0 	
0.999999632186113 	
0 	
0 	
0 	
0 	
0 	
0 	
0 	
0 	
0 	
1.49999980424771 	
1.99999849423867 	
0 	
0 	
0 	
0 	
0 	
3.4999986734051 	
0 	
0 	
0.999999326122992 	
0 	
0 	
0.999999632186113 	
1.99999906940444 	
1.49999955366899 	
0 	
0 	
0 	
0 	
1.99999906940444 	
0.999999955750158 	
0 	
0.999999674307175 	
0.999999955750158 	
0 	
0.999999534702219 	
0 	
0.999999674307175 	
0 	
0 	
0.999999955750158 	
0 	
0.999999664498579 	
0 	
0.999999834909781 	
0.999999534702219 	
0 	
0 	
0 	
0 	
0.999999358698126 	
0.999999955750158 	
0.999999834909781 	
0 	
0 	
0 	
0 	
0 	
0 	
0 	
0 	
0 	
0.999999674307175 	
0.999999834909781 	
0 	
0 	
0 	
0.999999703628503 	
0 	
0 	
2.49999931067901 	
0.999999481250932 	
0 	
2.49999888266728 	
0 	
0 	
0 	
0 	
0 	
0 	
0.999999955750158 	
0.999999075432228 	
0 	
0 	
0.999999834909781 	
0 	
0 	
1.99999934861435 	
0 	
0 	
0 	
0 	
0 	
0.999999481250932 	
0 	
