5.37499330231046 	
4.99999324953886 	
0.999999674307175 	
4.99999530447869 	
0 	
4.74999520719175 	
3.99999517619589 	
1.99999775061714 	
1.99999791673194 	
1.99999947878987 	
0.999999288422124 	
6.49999082375734 	
3.999995173778 	
3.99999583164088 	
2.99999720714993 	
2.99999655231316 	
5.99998994688046 	
2.9999968626647 	
4.49999386047165 	
4.49999306091259 	
5.24999337921857 	
0.999998998323192 	
5.49999231215105 	
4.49999463318294 	
5.9999941406472 	
2.99999798688977 	
5.99999067726243 	
2.99999634990046 	
5.24998938614172 	
3.9999958568144 	
2.99999726408117 	
5.4999905045539 	
2.9999966600051 	
0.999998883927388 	
1.99999704132171 	
3.49999450289388 	
0.999999358698125 	
1.99999934861435 	
3.99999620365796 	
1.49999707979064 	
6.49999025519344 	
5.49999283122348 	
3.74999412359727 	
9.12498234790857 	
5.74999123053824 	
2.49999718383047 	
1.99999790099917 	
2.99999658180547 	
4.99999443545416 	
5.99999441429985 	
1.99999810182898 	
4.49999279073775 	
3.99999362191248 	
0.999999151454652 	
8.49998578447097 	
2.49999811683676 	
2.99999666442747 	
2.99999844228434 	
4.43749194897525 	
3.49999770537736 	
