6.99998899400583 	
0 	
2.9999957466127 	
3.74999589602048 	
0.999998998323192 	
5.2499940222106 	
7.49998614505862 	
4.49999304922094 	
1.99999928958687 	
4.49999381087222 	
1.99999750683481 	
5.87499029899994 	
7.58331897461209 	
4.74999354617146 	
2.49999842879065 	
4.99999324953886 	
3.74999495970891 	
7.49998758154417 	
1.99999818104543 	
1.99999896250186 	
6.3749866750313 	
3.99999443733421 	
4.87499415978553 	
5.24999087208586 	
5.49999089389707 	
1.99999854805305 	
5.49999101705399 	
4.49999568319189 	
2.49999868368493 	
4.24999146607723 	
0.999999310022398 	
7.24998611361303 	
5.99999133232351 	
2.99999666442747 	
5.49999363822911 	
7.49998687438753 	
6.24998974484586 	
2.99999773906073 	
4.74999282251319 	
1.99999750134629 	
3.99999588789611 	
4.24999443007311 	
3.99999386587266 	
4.24999314343997 	
2.99999635998127 	
2.99999762131516 	
3.9999966750369 	
1.49999893263319 	
3.74999318728881 	
4.87499183001824 	
2.99999855923089 	
3.99999640395178 	
7.68747958399881 	
5.16014067497033 	
3.74999625702607 	
1.99999849709127 	
1.99999926437223 	
4.49999658438317 	
0.999999410540692 	
3.99999396194768 	
