0.999999703628503 	
1.99999966981956 	
1.99999835846966 	
1.49999945202234 	
1.49999945202234 	
2.99999760360247 	
0.999999632186113 	
1.99999932899716 	
0.999999834909781 	
0.999999834909781 	
0.999999834909781 	
1.99999948254491 	
0.999999632186113 	
1.49999906191345 	
0.999999625291197 	
0 	
2.49999792031699 	
0.999999834909781 	
1.9999983029093 	
0.999999834909781 	
0.999999247119337 	
0.999999874489039 	
0 	
0.999999077353539 	
4.49999527822311 	
0 	
0 	
0 	
3.74999699494662 	
1.99999934861435 	
2.99999702665085 	
0 	
0 	
0 	
0 	
0 	
1.99999863237226 	
0 	
1.99999835846966 	
1.74999938758003 	
4.49999750676444 	
0 	
2.9999987603962 	
0 	
0 	
0.999999834909781 	
0 	
0.999999834909781 	
0.999999664498579 	
1.49999955366899 	
0.999999834909781 	
2.49999832048613 	
0.999999534702219 	
0.999999632186113 	
0 	
0 	
1.4999991831514 	
0.999999834909781 	
1.74999938758003 	
1.99999895379353 	
0 	
0.999999632186113 	
0 	
4.74999633181131 	
3.49999680402475 	
0 	
1.99999934861435 	
1.49999955366899 	
0 	
0.999999664498579 	
1.99999904501146 	
2.49999832048613 	
0.999999674307175 	
0.999999664498579 	
2.99999790029993 	
0.999999625291197 	
3.12499892047952 	
0 	
0 	
0 	
2.49999910463391 	
1.74999903519047 	
0 	
3.49999775116065 	
0.999999703628503 	
0 	
2.99999860410666 	
2.49999900890652 	
2.49999792031699 	
2.99999790492049 	
1.99999863237226 	
0.999999625291197 	
3.7499981170294 	
2.99999860410666 	
0 	
0.999999077353539 	
1.49999955366899 	
1.9999981260745 	
2.49999792031699 	
1.99999849423867 	
