4.99999459732857 	
2.99999628256059 	
0.999999481250932 	
2.99999763083587 	
1.99999779910068 	
3.99999769257868 	
4.74999484297583 	
3.99999696815078 	
4.9999951500022 	
5.49999365828333 	
1.99999815231109 	
2.99999701109448 	
4.99999376393392 	
3.99999521439216 	
4.49999574690151 	
2.49999875736744 	
6.49999207645183 	
2.9999975938596 	
2.9999984437528 	
1.99999874267382 	
0.999999674307175 	
4.49999574690151 	
4.99999376188313 	
1.99999861524161 	
2.49999747941883 	
1.99999871739625 	
4.74999345704989 	
4.74999492567512 	
0.999999364845566 	
1.99999707431932 	
4.99998960150907 	
0 	
2.99999665029532 	
1.99999830786856 	
1.99999900162489 	
2.99999626697936 	
4.99999216415211 	
4.49999498060289 	
3.99999607543387 	
1.99999854355623 	
6.4999895380753 	
2.74999627501446 	
6.99999223267159 	
6.24998908349859 	
2.49999901820232 	
0.999999552828006 	
1.99999944585635 	
2.99999673900363 	
0.99999962606188 	
2.49999741172188 	
3.99999755673211 	
1.49999860311264 	
2.74999646750849 	
2.99999660161867 	
2.99999729695313 	
0.999999674307175 	
0.999999481250932 	
3.87499520606593 	
3.99999233934889 	
4.49999428718731 	
