0 	
0 	
1.99999861524161 	
0 	
0 	
0.999998389099321 	
0.999999288422124 	
1.99999736675934 	
0.999999632186113 	
1.99999910565601 	
0.999999955750158 	
0 	
1.99999811073369 	
1.99999854355623 	
1.99999750683481 	
0.999999410540692 	
1.99999818104543 	
0.999999955750158 	
0.999999135567864 	
0 	
4.99999601979752 	
2.99999754788487 	
0 	
1.49999860311264 	
0.999999481250932 	
0.999999410540692 	
1.9999978830461 	
1.49999945202234 	
2.99999723154346 	
1.99999894104466 	
1.99999894104466 	
0.999999288422124 	
0.999998365623849 	
0 	
0.999999552828005 	
0 	
1.99999792939047 	
1.99999934861435 	
0.999999634707892 	
2.49999840848296 	
3.99999463995757 	
0.999999410540692 	
2.49999761253793 	
0.999999632186113 	
0.999999552828005 	
0.999999648406347 	
0 	
0 	
0.999999410540692 	
0.999999632186113 	
0.999998807942727 	
0 	
0.999999480761447 	
0.999999674307175 	
0 	
0 	
0.99999962606188 	
1.99999902799006 	
1.99999782261552 	
1.99999896250186 	
0 	
