4.49999547643938 	
5.74999472022547 	
2.99999760360247 	
2.49999882881048 	
4.4999958436866 	
0.999999664498579 	
2.99999836630281 	
0 	
0.999999632186113 	
1.49999955366899 	
1.99999934861435 	
1.9999981260745 	
1.99999918908834 	
3.4999960496801 	
0 	
1.49999924937879 	
3.49999680402475 	
0 	
0.999999625291197 	
2.24999854858827 	
2.49999892545067 	
0.999999834909781 	
1.74999891107388 	
1.9999991944008 	
2.99999702665085 	
3.49999592119429 	
0.999999326122992 	
0 	
1.99999926437223 	
0.999999533150113 	
2.49999775064686 	
5.49999306521163 	
5.99999437822349 	
2.99999797836898 	
2.99999702665085 	
3.4999959267518 	
6.74999373551492 	
2.4999976659544 	
1.49999924937879 	
3.99999730449197 	
3.74999631225506 	
1.99999849423867 	
0.999999632186113 	
0.999999955750158 	
3.74999680682358 	
0.999999743847612 	
3.49999770804682 	
0.999999075432228 	
2.74999687127097 	
4.49999618012505 	
2.74999868578572 	
0 	
0 	
0 	
7.24999079230553 	
3.49999724944545 	
2.99999763706713 	
0.999999632186113 	
5.74999369102004 	
3.24999548035192 	
2.74999687127097 	
3.99999579070695 	
2.99999676923689 	
1.99999896250186 	
0.999999703628503 	
2.49999832048613 	
2.49999892545067 	
3.99999620492479 	
1.49999853159738 	
0.999999674307175 	
1.9999981260745 	
2.74999783461912 	
2.99999797836898 	
6.9999911611859 	
6.49999303038769 	
3.99999539235734 	
2.74999726695012 	
2.99999760360247 	
4.2499973664427 	
1.99999849423867 	
0 	
1.74999903519047 	
3.49999775116065 	
3.49999787004346 	
3.24999737093562 	
3.24999737093562 	
2.49999892545067 	
1.99999896250186 	
1.4999991831514 	
2.49999803071516 	
1.9999981260745 	
4.99999593695616 	
0 	
2.99999663951758 	
1.49999853159738 	
3.24999747393584 	
2.7499989252341 	
4.49999750676444 	
0.999999955750158 	
4.74999478599017 	
1.4999989542961 	
2.99999807609438 	
1.99999948254491 	
1.49999955366899 	
3.49999737492793 	
4.49999636942584 	
1.49999945202234 	
4.74999474132661 	
1.49999906191345 	
0 	
1.49999924937879 	
3.99999729198589 	
3.99999630941416 	
1.49999910692811 	
1.9999991944008 	
0.999999632186113 	
4.74999504407807 	
2.49999931067901 	
0 	
3.4999966963552 	
0.999999358698125 	
0 	
1.4999992493788 	
1.99999896250186 	
5.99999520720494 	
0 	
0 	
5.74999279512878 	
2.99999723206061 	
0 	
2.49999874417881 	
0.999999834909781 	
2.99999677666245 	
1.49999906191345 	
1.49999959300891 	
0.999999674307175 	
1.99999920183901 	
3.49999566894781 	
1.74999891107388 	
2.49999880487935 	
0.999999326122992 	
1.99999815470708 	
4.99999602892461 	
5.49999434795856 	
2.99999760360247 	
1.74999903519047 	
1.49999959300891 	
1.4999989542961 	
5.99999580984098 	
1.99999865224598 	
0.999999632186113 	
2.4999978275641 	
5.49999158547906 	
3.24999836234866 	
0.999999481250932 	
0.999999874489039 	
2.99999682386246 	
4.49999652462551 	
0.999999674307175 	
1.74999750156197 	
1.49999955366899 	
3.9999962682636 	
0 	
2.49999762037436 	
0.999999674307175 	
4.4999959831959 	
1.99999926437223 	
2.49999931067901 	
2.99999797836898 	
2.49999792031699 	
2.99999660161867 	
4.4999958436866 	
1.9999981260745 	
3.49999742189306 	
0.999999625291197 	
1.99999966981956 	
4.74999545821642 	
0.999999834909781 	
2.74999787945876 	
0.999999674307175 	
1.49999945202234 	
4.24999699684138 	
5.99999580984099 	
3.99999729198589 	
4.49999547643938 	
0.999999703628503 	
1.4999994342632 	
2.99999720452189 	
2.49999852593978 	
4.99999583894667 	
1.49999945202234 	
0.999999247119337 	
1.49999959300891 	
1.99999828192451 	
0.999999632186113 	
1.4999991831514 	
2.49999751171295 	
2.99999726247321 	
2.4999969801509 	
1.4999989542961 	
