2.9999966600051 	
1.99999949396443 	
0 	
3.99999720678024 	
1.4999989542961 	
1.99999876578492 	
1.99999926437223 	
0.999999632186113 	
0 	
0.999999488332765 	
0 	
0 	
4.49999718720329 	
0 	
0 	
0.99999985379626 	
2.49999820837135 	
0.999999364845566 	
0.999999449794773 	
0.999998905533303 	
1.99999813413553 	
0 	
0.999999632186113 	
0.999999674307175 	
0.999999288422124 	
2.49999739385436 	
0.999999410540692 	
0 	
1.74999903519047 	
1.99999966981956 	
0.999999955750158 	
4.24999671502298 	
0.999999834909781 	
1.99999810801259 	
1.99999928958687 	
1.99999890401956 	
0 	
0 	
3.99999488196151 	
1.99999966981956 	
1.49999821191409 	
0 	
3.49999629851282 	
0 	
0.999999955750158 	
0.999999500812446 	
1.99999890401956 	
2.99999827486872 	
1.99999790099917 	
0.999999085528302 	
0 	
2.49999852635173 	
0.999999481250932 	
1.99999890401956 	
1.99999876703138 	
1.99999842370633 	
0.999999271778113 	
0 	
1.99999928958687 	
1.49999945202234 	
