1.99999934861435 	
0.999999358698125 	
0.999999358698125 	
0.999998750375256 	
0 	
0 	
0 	
1.99999833751845 	
2.49999870819152 	
0 	
0.999999480761447 	
0.999999288422124 	
3.9999929875655 	
0.99999962606188 	
0.999999625450423 	
2.99999811899866 	
4.99999333831879 	
1.99999811073369 	
1.49999932924201 	
3.99999659955173 	
1.99999854355623 	
1.99999784602461 	
0 	
0 	
0.999999481250932 	
2.49999800989876 	
2.99999758734578 	
1.99999877993995 	
1.99999790099917 	
2.49999875736744 	
0.999999481250932 	
1.99999944585635 	
1.99999890401956 	
3.49999632236321 	
1.99999905089845 	
0 	
0.999999500812446 	
0 	
0.999998649587688 	
0 	
0 	
0.999999632186113 	
1.99999833751845 	
0 	
2.49999892545067 	
0.999999632186113 	
0 	
3.99999661432937 	
1.99999877993995 	
1.99999868589081 	
0.999999834909781 	
0 	
1.99999810182898 	
1.99999894104466 	
0.999999834909781 	
1.4999991831514 	
2.99999769835075 	
0 	
1.49999955366899 	
0.999999077246953 	
0.999999481250932 	
0.999999481250932 	
