0 	
2.66666575023322 	
0 	
0 	
0 	
0.999999674307175 	
0.999999955750158 	
0 	
0 	
0 	
0 	
0.999999151454652 	
0 	
0.999999674307175 	
1.99999895379353 	
0 	
0 	
0 	
2.49999931067901 	
0 	
0 	
0 	
0 	
0 	
1.99999865224598 	
0 	
1.99999895379353 	
0.999999955750158 	
0.9999994945726 	
0 	
0.999999534702219 	
2.49999762037436 	
3.49999776318851 	
2.49999822650748 	
0 	
1.99999906940444 	
0 	
0 	
0.999999955750158 	
0 	
1.99999932899716 	
0 	
2.99999760360247 	
1.49999876307492 	
1.99999895379353 	
0 	
0.999999703628503 	
1.49999955366899 	
0.999999834909781 	
2.99999790492049 	
0.999999632186113 	
0.999999955750158 	
1.99999849423867 	
0 	
0.999999151454652 	
0 	
2.49999846908513 	
0 	
0.999999834909781 	
0 	
0.999999674307175 	
1.74999953715819 	
0 	
0 	
0 	
0.999999955750158 	
1.4999991831514 	
1.74999903519047 	
0 	
0.999999151454652 	
0 	
0.999999834909781 	
0.999999664498579 	
0 	
0.999999955750158 	
0 	
0.999999534702219 	
0 	
0 	
0.999999534702219 	
0 	
0.999999326122992 	
0 	
0 	
0 	
0 	
1.99999865224599 	
0 	
0 	
0 	
1.99999934861435 	
0.999999534702219 	
1.49999945202234 	
0 	
1.99999932513795 	
0 	
0 	
1.99999906940444 	
0 	
0 	
2.49999802355571 	
0.999999247119337 	
