2.99999759762819 	
1.99999877993995 	
2.99999642382818 	
2.99999752614984 	
3.99999501464979 	
1.99999849284878 	
4.24999510536975 	
1.99999803162609 	
2.9999984437528 	
0.999999552828005 	
0.999999410540692 	
0 	
0 	
0.999999410540692 	
2.74999712436084 	
1.99999830188947 	
1.49999876307492 	
0 	
1.99999878934161 	
3.99999360946878 	
0.999999358698125 	
3.99999695704595 	
3.74999342591134 	
3.99999699418254 	
1.99999792052073 	
2.99999655231316 	
5.99999461308469 	
3.99999287108157 	
0.999999410540692 	
1.99999871739625 	
4.99999248168745 	
1.99999926437223 	
0 	
1.99999770739654 	
4.74998970013099 	
5.24999223752155 	
0.999999364845566 	
0 	
2.99999711734673 	
2.99999757564628 	
0.999999685543246 	
1.99999890401956 	
4.99999411280645 	
0.999999674307175 	
1.74999890756746 	
3.49999729280257 	
1.99999928958687 	
2.49999744686803 	
1.99999890401956 	
3.49999584192842 	
0.999999410540692 	
2.99999516729797 	
0.999999552828006 	
4.49999490445082 	
5.74999235945464 	
5.24999274995691 	
0.999999480761448 	
0.999999480761447 	
0.999999632186113 	
1.99999931263766 	
