3.49999673129061 	
5.49999326197883 	
1.99999868492212 	
6.74998664429828 	
7.99998712666965 	
4.99999428979801 	
0.999999271778113 	
5.99998924040501 	
6.49998567698829 	
3.49999663703507 	
9.24998235214601 	
1.99999809906127 	
6.49998824143512 	
2.99999726408117 	
3.99999533436149 	
5.99999037019684 	
1.99999882108138 	
8.47914397221099 	
4.49999400308796 	
4.99999546272217 	
7.49998472218767 	
4.49999257558136 	
3.99999356092432 	
3.83332961799804 	
7.16665070471347 	
1.99999696255469 	
2.99999754788487 	
1.99999723903273 	
3.99999550363833 	
0 	
2.99999720910276 	
1.99999849709127 	
1.99999767426028 	
5.49999116130179 	
4.9999951454474 	
4.99999322438985 	
4.99999588645883 	
4.49999203177166 	
2.99999724705948 	
7.49999019490019 	
2.74999700393145 	
5.24999138356503 	
4.99999486894709 	
6.24998804142014 	
7.99998442920262 	
2.99999564763748 	
0.999999151454652 	
2.99999713071437 	
3.99999630085714 	
2.9999980775029 	
4.99999177708019 	
3.99999660975804 	
5.74998920664498 	
2.99999762131516 	
6.99998993853494 	
3.74999491905694 	
2.99999790325614 	
2.99999734840337 	
4.74999272121995 	
6.49999064471881 	
