0 	
0 	
0 	
0 	
0 	
0 	
0 	
0 	
0.999999480761447 	
0 	
0 	
0 	
0 	
0.999999685543246 	
0 	
0 	
0 	
0.999999955750158 	
0 	
0 	
0.999999480761447 	
0 	
0 	
0 	
0 	
0 	
0 	
0 	
0 	
0 	
0 	
0 	
0 	
0 	
0.999999632186113 	
0 	
0 	
0 	
0 	
0 	
0 	
0 	
0 	
0.99999985379626 	
0 	
0 	
0.999999552828005 	
0 	
0 	
0 	
0 	
0 	
0 	
0 	
0 	
0 	
0.999999552828006 	
0 	
0 	
0 	
0 	
0 	
0 	
0.999999648406347 	
0 	
0 	
0 	
0 	
1.99999854805305 	
0 	
0 	
0 	
1.99999784602461 	
0 	
0 	
0 	
0.999999552828006 	
0 	
0.999999151431815 	
0.999999955750158 	
0 	
0.999999834909781 	
0 	
0 	
0 	
1.99999896152289 	
0 	
0.999999625450423 	
0 	
0 	
0 	
0 	
0.999999632186113 	
0 	
0 	
0 	
0 	
0.999999834909781 	
0 	
0 	
0 	
0.99999985379626 	
0 	
0 	
0.999999364845566 	
0 	
0 	
0 	
0 	
0.999999834909781 	
0.999999834909781 	
0 	
0 	
0 	
0 	
0.99999985379626 	
1.99999949311329 	
0 	
0 	
2.99999844228434 	
0.999999481250932 	
0 	
0 	
0 	
0 	
0 	
0 	
0 	
0 	
0 	
0 	
0.999999625450423 	
1.49999952831487 	
0 	
0 	
0 	
0 	
0 	
0 	
0 	
0 	
0 	
0 	
0 	
0 	
0.999999955750158 	
0.999999552828006 	
0 	
0 	
0.999999358698125 	
0 	
0 	
0 	
1.99999857684425 	
0 	
0 	
0 	
0 	
0 	
0 	
0 	
0.999999500812446 	
0 	
0 	
0 	
0 	
