0.999999481250932 	
2.49999760690388 	
1.99999871739625 	
0 	
2.99999796779887 	
2.99999817778914 	
0.999999552828005 	
0 	
2.2499979862105 	
1.99999726671771 	
1.99999800912044 	
1.99999926437223 	
2.49999811683676 	
2.49999730213149 	
0.999999674307175 	
3.49999541434472 	
3.99999353627713 	
0.999999481250932 	
4.49999657341532 	
2.49999702548808 	
1.99999830188947 	
2.49999852635173 	
2.99999705284703 	
0.999999500812446 	
0 	
3.49999732503903 	
0.99999985379626 	
2.99999718558233 	
0 	
0.999999552828005 	
1.49999893263319 	
1.99999894104466 	
0 	
1.99999944585635 	
0 	
1.99999871471559 	
0.999999632186113 	
0.999999090522717 	
0.999999632186113 	
1.74999802114021 	
2.49999841697894 	
3.99999461168988 	
3.08332936758629 	
3.99999678554746 	
2.99999729695313 	
0.999999364845566 	
0.999999648406347 	
2.99999745436396 	
1.99999815231109 	
4.24999586497417 	
1.99999726671771 	
0.999999288422124 	
0 	
0 	
1.99999877993995 	
3.49999662335508 	
3.49999670806989 	
1.99999966981956 	
1.99999750075051 	
3.99999678554746 	
