1.99999882108138 	
2.99999729695313 	
1.9999983029093 	
4.46874203241831 	
0.999999480761447 	
4.49999462623531 	
5.99998811032299 	
2.99999562469355 	
0.999999955750158 	
0.999999075432228 	
4.96874281964537 	
1.99999809906127 	
6.49999130048565 	
3.37499419172933 	
1.99999876258743 	
3.87499590145764 	
2.99999720910276 	
2.99999501118388 	
3.49999565885915 	
1.99999872969113 	
2.9999979085922 	
1.99999725099197 	
4.24999550187806 	
0.999999632186113 	
6.08332423865783 	
2.99999543006716 	
7.24998977690004 	
6.99998863005162 	
1.99999736217323 	
3.99999581757171 	
3.99999723048323 	
3.2499975993706 	
2.49999701683866 	
4.99998974421839 	
1.99999876258743 	
2.99999714549964 	
5.49999052118137 	
0.999998750375256 	
3.99999657251714 	
6.99998992751469 	
3.24999666191511 	
1.99999890401956 	
2.9999980945367 	
3.87499415254363 	
3.49999663488759 	
3.99999328429379 	
0.999999151454652 	
0.999998905533304 	
2.91666250945933 	
2.74999702842003 	
2.99999676907883 	
1.99999758604143 	
0.999999151454652 	
1.99999854805305 	
2.49999841697894 	
0.999999358698125 	
7.08331919824312 	
1.99999871739625 	
1.99999797162966 	
2.99999729695313 	
