0 	
0 	
0.999999674307175 	
0 	
0.999999955750158 	
0.999999834909781 	
0.999999674307175 	
0 	
0 	
0 	
0 	
0 	
0 	
0 	
0 	
0 	
0.999999685543246 	
0 	
0 	
0 	
0.999999834909781 	
0 	
0 	
0 	
0 	
0.999999955750158 	
0 	
0 	
0 	
0 	
0 	
0 	
0 	
0 	
0.999999625450423 	
0 	
0 	
0 	
0 	
0 	
0 	
0.999999955750158 	
0 	
1.49999945202234 	
0.999999746982215 	
0 	
0.999999632186113 	
1.99999900162489 	
1.99999949311329 	
0 	
0.999999955750158 	
0 	
0 	
2.49999892545067 	
0 	
0 	
0 	
0.99999985379626 	
0 	
0 	
0 	
0 	
0 	
0 	
0 	
1.99999928958687 	
0 	
0 	
0 	
1.49999952831487 	
0 	
0 	
0 	
0 	
0 	
0 	
0 	
0.999999481250932 	
0 	
0 	
0 	
0.999999834909781 	
0 	
0 	
0.999999480761447 	
0 	
0.999999685543246 	
0.999999410540692 	
0 	
0.999999746982215 	
0 	
0 	
1.99999839125118 	
0 	
0 	
0 	
0.99999962606188 	
1.49999932924201 	
0.99999962606188 	
0.999999834909781 	
0 	
0.999999834909781 	
0 	
1.99999944585635 	
0 	
0 	
0.999999955750158 	
0 	
0 	
0 	
0 	
1.99999926437222 	
0 	
0 	
0.999999410540692 	
0.99999962606188 	
0 	
0 	
0 	
0 	
0 	
0.999999480761447 	
0.999999690865243 	
0 	
0 	
0 	
0 	
0 	
0.999999685543246 	
0 	
0 	
0 	
0 	
0 	
0 	
0 	
0 	
0 	
0 	
0 	
0 	
0 	
0 	
0 	
0 	
0.999999685543246 	
0.99999962606188 	
0 	
0 	
0 	
0 	
0 	
0 	
0.99999962606188 	
0.999999674307175 	
0 	
0.999999625450423 	
0 	
0 	
0 	
0 	
0.999999500812446 	
1.49999955366899 	
0 	
0.999999685543246 	
0.999999955750158 	
0 	
0.999999834909781 	
0 	
