1.99999934861435 	
2.49999868191905 	
2.99999770633145 	
4.74999207549729 	
3.99999581757171 	
2.49999817257178 	
4.99999258212827 	
2.99999772204389 	
0 	
2.49999570502407 	
3.49999809864217 	
0.999999632186113 	
2.99999812858616 	
1.99999925212376 	
3.24999660748333 	
1.99999809906127 	
5.74999182177907 	
1.99999833751845 	
2.99999711734673 	
1.99999871739625 	
0.999999151431815 	
3.99999479508984 	
4.99999626127672 	
2.96874750476832 	
5.49999105836525 	
2.0833319454934 	
0.999998923012306 	
1.99999877993995 	
3.99999601824088 	
0 	
3.99999619028261 	
1.49999860311264 	
3.99999628034687 	
5.74999161772451 	
0.999999834909781 	
0.999999410540692 	
7.12498546783115 	
3.49999721212825 	
3.99999571829021 	
4.99999102512989 	
1.99999934861435 	
3.99999588789611 	
5.49999385270544 	
3.49999526626035 	
2.99999718734211 	
3.99999394716794 	
5.49999407335357 	
0.999999151454652 	
1.9999983029093 	
0.999999632186113 	
2.99999621375405 	
0.999999481250932 	
1.99999840863354 	
0.999999151454652 	
4.99999378911205 	
1.99999871739625 	
5.99998910443482 	
0 	
1.99999818104543 	
2.49999813782426 	
