0 	
0 	
0 	
0 	
0.999999834909781 	
0.999999271778113 	
0 	
0 	
1.99999925090085 	
0 	
0 	
0 	
0 	
0 	
0.99999962606188 	
0 	
0 	
0.999999955750158 	
0 	
0 	
0 	
0.999999075432228 	
0 	
0.999999690865243 	
0 	
0 	
0.999999955750158 	
0 	
0 	
0.999999674307175 	
0 	
0.999999955750158 	
0 	
0.999999480761448 	
0 	
0 	
1.99999896250186 	
0 	
0 	
0 	
0.99999962606188 	
0 	
1.99999944585635 	
0 	
0 	
0 	
0 	
0 	
0.999999685543246 	
1.99999944585635 	
0 	
0 	
0 	
0 	
0 	
0 	
0 	
0 	
0 	
0 	
0 	
0 	
0 	
0 	
