0 	
0.999998923012306 	
0 	
1.99999854355623 	
1.4999991831514 	
0 	
0.999999488332764 	
0 	
0 	
0.999998923012306 	
0 	
0 	
0 	
2.99999729695313 	
2.99999734840337 	
0 	
0.999999358698125 	
0 	
0.999999632186113 	
0 	
0.999999632186113 	
1.49999955366899 	
0.999999674307175 	
0 	
1.99999931263766 	
0 	
1.74999937005175 	
0 	
0 	
0 	
0.999999364845566 	
0.999999674307175 	
1.99999861524161 	
0 	
1.49999980424771 	
1.49999943909282 	
0 	
2.99999729695313 	
0.999999410540692 	
0 	
0.99999962606188 	
1.99999766814008 	
0 	
0 	
0.999999410540692 	
0.999999955750158 	
0 	
0 	
0.999999625450423 	
1.74999953715819 	
0 	
0.999999358698125 	
0 	
0.999999674307175 	
0.99999962606188 	
0 	
0 	
1.99999970759252 	
0 	
1.99999877993995 	
1.4999991831514 	
0 	
0 	
3.08333131022762 	
