0.999999955750158 	
0 	
0 	
0 	
1.74999953715819 	
2.2499991836716 	
0 	
2.49999727581569 	
3.49999683884551 	
1.99999842650009 	
0 	
0 	
1.49999980424771 	
1.99999837548816 	
0 	
1.49999955366899 	
0 	
2.49999727581569 	
3.49999683884551 	
1.99999842650009 	
0 	
0 	
1.49999980424771 	
1.99999837548816 	
0 	
1.49999955366899 	
0 	
0 	
0 	
1.99999842650009 	
1.99999842650009 	
0 	
2.49999782109689 	
0.999999625291197 	
2.49999905745234 	
0 	
0 	
0 	
1.99999842650009 	
0 	
2.99999763975014 	
1.49999980424771 	
0 	
1.49999980424771 	
2.49999850570998 	
0 	
0 	
0 	
1.74999953715819 	
0 	
0 	
1.49999980424771 	
1.49999980424771 	
1.49999955366899 	
0 	
0 	
1.99999877885619 	
2.99999636556834 	
0.999999389428094 	
2.49999763397021 	
0.99999905395905 	
0 	
0 	
1.99999842650009 	
1.99999842650009 	
1.99999842650009 	
2.99999708371643 	
0 	
0.999999023837104 	
1.49999959300891 	
0 	
0 	
0 	
0 	
2.99999816828428 	
2.99999816828428 	
0 	
4.49999500946459 	
1.9999981079181 	
0 	
0.999999955750158 	
0 	
0 	
0.999999674307175 	
1.99999804767421 	
0.999999213250046 	
0 	
0 	
1.99999842650009 	
0.999999834909781 	
0 	
1.99999902976316 	
0 	
1.99999877885619 	
1.49999980424771 	
1.49999980424771 	
0 	
0 	
1.99999842650009 	
0 	
2.99999763975014 	
3.24999674333725 	
1.49999980424771 	
0 	
0 	
0 	
0 	
1.49999980424771 	
3.49999683884551 	
2.49999877711715 	
0 	
0 	
0.999999389428094 	
0 	
0 	
0.999999213250046 	
0.999999955750158 	
0 	
0 	
2.99999785486286 	
1.99999918908834 	
0 	
0.999999834909781 	
1.9999981079181 	
1.49999980424771 	
0 	
