3.24999731610164 	
0 	
5.49999245353419 	
4.99999589565584 	
2.49999827234222 	
2.49999892615434 	
2.99999816828428 	
5.49999346760727 	
5.99999162107779 	
5.49999359395426 	
3.24999731610164 	
0 	
5.49999245353419 	
4.99999589565584 	
2.49999827234222 	
2.49999892615434 	
2.99999816828428 	
5.49999346760727 	
5.99999162107779 	
5.49999359395426 	
2.49999825838657 	
6.99999055827067 	
0 	
5.99999002744508 	
2.99999716187715 	
2.24999854858827 	
1.99999935938627 	
1.99999900820924 	
1.4999994342632 	
3.99999552951481 	
4.24999542186995 	
2.49999868701623 	
4.49999662368172 	
3.99999603229031 	
4.9999934123211 	
1.99999918908834 	
3.49999654437144 	
4.49999517119024 	
4.49999586268763 	
4.49999760698574 	
7.24999251245583 	
0 	
2.99999716187715 	
7.49998756769565 	
3.99999766308558 	
7.99998949084471 	
2.49999870221434 	
1.74999903519047 	
2.99999763975014 	
5.49999391938441 	
4.99999526979524 	
7.49998892989636 	
5.99999265237278 	
2.49999868701623 	
2.49999868701623 	
7.4999898922784 	
3.74999618685774 	
3.49999817891087 	
6.49998977206464 	
2.49999892615434 	
4.4999949192652 	
3.49999783507547 	
5.99999188495611 	
2.24999854858827 	
7.7499867568022 	
7.74998684703043 	
4.74999473818881 	
5.74999447448862 	
7.24998867935452 	
3.99999685300019 	
0 	
6.49999211208175 	
1.49999980424771 	
4.49999466450732 	
1.99999756984226 	
2.49999825838657 	
4.49999500946459 	
3.24999795910682 	
3.99999766308558 	
6.49998987166064 	
4.49999500946459 	
0.999999625291197 	
3.4999955777373 	
5.49999326445089 	
0 	
2.49999868701623 	
4.74999503643329 	
4.49999662368172 	
2.49999850570998 	
5.49999359395426 	
5.99999119642225 	
1.4999994342632 	
4.74999175541533 	
2.99999716187715 	
4.24999691092749 	
6.2499921256027 	
7.99998732471596 	
6.49998986995715 	
0 	
4.24999615880735 	
3.9999962158362 	
5.24999361846934 	
6.24999244614828 	
4.2499941530472 	
4.99999150884635 	
7.49998954866222 	
7.49998927034914 	
1.4999992493788 	
0 	
1.99999900820924 	
4.49999662368172 	
6.49998865616813 	
5.2499923359198 	
6.24998988761776 	
6.49999525918077 	
0 	
2.99999707151132 	
2.49999892615434 	
6.49999352658571 	
2.49999827234222 	
