1.99999804767421 	
0 	
3.99999640624267 	
2.9999969051926 	
1.99999935938627 	
4.99999477103589 	
2.49999864524583 	
1.74999938758003 	
5.49999502646713 	
2.99999763975014 	
1.99999804767421 	
0 	
3.99999640624267 	
2.9999969051926 	
1.99999935938627 	
4.99999477103589 	
2.49999864524583 	
1.74999938758003 	
5.49999502646713 	
2.99999763975014 	
2.99999668532405 	
4.99999526979524 	
1.99999935938627 	
4.99999526979524 	
2.99999763975014 	
3.74999607738709 	
4.4999949192652 	
1.49999945202234 	
6.49999103201327 	
2.99999716187715 	
2.24999874987656 	
4.49999601621192 	
1.4999994342632 	
2.49999825838657 	
4.49999517119024 	
0 	
1.99999909483913 	
4.99999556082366 	
4.49999418091033 	
5.49999594143124 	
3.49999606989768 	
3.99999685300019 	
5.99999295752942 	
3.99999520012801 	
1.4999994342632 	
0 	
2.99999763975014 	
1.49999959300891 	
0 	
1.99999887928238 	
2.99999763975014 	
3.99999685300019 	
0 	
3.99999682462192 	
0 	
0 	
1.74999935938636 	
3.99999755771237 	
0.999999625291197 	
2.74999636292757 	
0 	
1.4999992493788 	
2.99999716187715 	
1.49999945202234 	
1.49999945202234 	
1.4999994342632 	
1.99999918908834 	
2.99999836582323 	
0 	
4.99999344710799 	
0 	
1.99999804767421 	
2.9999969051926 	
3.99999755771237 	
2.49999782109689 	
2.99999763975014 	
1.49999945202234 	
5.24999300881971 	
3.24999717224648 	
5.49999391938441 	
1.99999918908834 	
3.49999493415316 	
1.99999842650009 	
4.74999578277634 	
2.49999870221434 	
1.99999935032798 	
3.49999669890814 	
4.49999433333102 	
3.99999502311899 	
0 	
6.99999128853269 	
3.49999669890814 	
0 	
1.99999935938627 	
1.99999814577495 	
1.99999900820924 	
1.99999842650009 	
4.74999578277634 	
0.999999874489039 	
6.99998999620192 	
2.49999905745234 	
0 	
0 	
1.99999887928238 	
3.49999615878347 	
0 	
3.49999780052729 	
0.999999674307175 	
3.49999756752457 	
2.99999619517447 	
3.9999962158362 	
4.49999407800039 	
0 	
3.99999603229031 	
5.99999321701832 	
2.99999770705536 	
4.99999526979524 	
3.99999661987908 	
2.99999716187715 	
3.99999685300019 	
