1.49999955366899 	
0 	
2.49999798818267 	
3.49999606989768 	
0.999999389428094 	
1.49999980424771 	
0 	
5.74999447448862 	
2.49999870221434 	
0 	
0 	
0 	
2.49999798818267 	
3.49999606989768 	
0.999999389428094 	
1.49999980424771 	
0 	
5.74999447448862 	
2.49999870221434 	
0 	
0 	
4.49999586268763 	
0 	
0 	
1.4999994342632 	
2.99999816828428 	
4.49999268455616 	
3.49999796238255 	
0 	
3.49999584727626 	
3.99999519438677 	
2.99999708371643 	
1.99999935032798 	
1.74999903519047 	
2.49999892615434 	
1.49999959300891 	
2.24999871399747 	
2.49999877711715 	
0 	
1.74999938758003 	
0 	
2.99999816828428 	
0 	
2.49999825838657 	
0.99999905395905 	
0.999999674307175 	
0 	
4.74999578277634 	
2.49999892615434 	
3.49999730593219 	
1.49999945202234 	
1.99999877885619 	
2.49999739316956 	
0 	
5.49999416872244 	
2.99999763975014 	
0 	
0 	
0 	
0 	
0 	
0 	
4.99999526979524 	
4.99999606625024 	
0.999999703628503 	
0 	
0 	
1.9999981079181 	
1.4999994342632 	
5.49999314554241 	
0 	
0 	
5.49999329749733 	
1.7499992723221 	
4.49999697775997 	
2.49999892615434 	
1.49999945202234 	
1.49999959300891 	
0.999999874489039 	
1.49999980424771 	
2.99999793349004 	
0.999999023837104 	
0.999999874489039 	
0 	
2.49999879311888 	
0 	
0 	
1.9999977087857 	
0 	
0.999999674307175 	
0 	
3.49999638989939 	
3.99999478080673 	
0 	
0.999999674307175 	
1.99999918908834 	
1.99999918908834 	
2.9999984930817 	
3.99999755771237 	
1.49999955366899 	
0 	
0 	
2.99999763975014 	
3.49999730593219 	
2.99999707151132 	
4.99999259076144 	
3.99999497260794 	
0 	
0 	
3.9999962158362 	
1.99999804767421 	
1.99999900820924 	
1.99999948254491 	
2.49999798818267 	
0 	
0 	
4.24999418853269 	
0 	
5.49999414723993 	
1.49999955366899 	
1.49999955366899 	
