4.99999390919639 	
2.99999592400982 	
6.24999071797693 	
7.49999092142434 	
3.99999715111405 	
6.24999349856878 	
5.49999236811888 	
4.49999437132936 	
7.2499898174194 	
5.74998979967727 	
5.74999090513367 	
3.99999609534842 	
3.49999530257641 	
3.99999818844497 	
5.99999066118278 	
5.99999283007512 	
4.4999939870895 	
6.49999306362889 	
7.99998540216013 	
2.99999707151132 	
3.99999627292853 	
1.99999909483913 	
1.49999945202234 	
6.7499913962304 	
2.49999879311888 	
8.49999094010207 	
5.749993044484 	
7.49998927034914 	
0 	
1.99999935032798 	
6.49999149502394 	
5.99999161670099 	
4.24999633825993 	
3.99999381684715 	
3.49999710524335 	
0 	
6.49999085597935 	
7.24999099608175 	
2.99999847653048 	
2.49999879311888 	
1.99999887928238 	
1.99999900820924 	
5.99999265237278 	
1.4999994342632 	
2.99999777147431 	
3.49999873381803 	
4.49999517119024 	
6.99999017570358 	
5.99999321701832 	
3.99999463860166 	
6.49999411263233 	
6.4999901130531 	
3.74999841907713 	
4.74999349696679 	
5.49999346760727 	
1.4999992493788 	
8.24998835466866 	
5.49999502646713 	
1.99999909483913 	
3.49999524913708 	
6.74999279878395 	
7.49999187480021 	
1.99999909483913 	
5.49999242203383 	
5.74999464409882 	
2.49999827234222 	
3.49999780052729 	
6.49999321886445 	
1.99999909483913 	
5.9999921337481 	
5.99999232355441 	
3.9999950954512 	
3.9999950954512 	
7.49999083303212 	
4.49999446296902 	
6.74999080392498 	
3.99999609534842 	
3.74999873464403 	
2.99999775375476 	
0 	
4.49999437132936 	
5.9999909366092 	
4.74999503643329 	
7.99998635787756 	
4.24999804052363 	
4.74999509503873 	
4.49999511709917 	
5.99999327534749 	
4.49999437132936 	
7.24999041231637 	
3.9999962158362 	
2.49999868701623 	
1.49999955366899 	
6.49999321886445 	
3.99999513968453 	
0 	
6.49999419024663 	
3.49999710524335 	
9.24998453150318 	
4.24999811916433 	
