4.49999489911095 	
0 	
3.24999731610164 	
0 	
1.49999959300891 	
1.74999938758003 	
3.49999450795476 	
3.99999755771237 	
3.99999640624267 	
1.49999955366899 	
0.999999023837104 	
0 	
5.49999072973728 	
0 	
1.49999959300891 	
1.74999938758003 	
3.49999450795476 	
3.99999755771237 	
3.99999640624267 	
1.49999955366899 	
0.999999023837104 	
0 	
5.49999072973728 	
4.49999586268763 	
0 	
0 	
0 	
2.49999879311888 	
0 	
3.49999730593219 	
1.99999918908834 	
2.99999716187715 	
2.9999984930817 	
0.999999834909781 	
3.99999685300019 	
3.49999734958504 	
4.49999578424603 	
0 	
1.9999981079181 	
2.9999984930817 	
0 	
2.99999599097348 	
1.99999935032798 	
1.99999935032798 	
4.49999662368172 	
5.99999265237278 	
1.99999918908834 	
3.99999610011932 	
1.49999955366899 	
1.49999884686153 	
0 	
1.49999955366899 	
3.99999685300019 	
0 	
3.49999783507547 	
3.9999962158362 	
1.99999935032798 	
2.99999763975014 	
1.9999981079181 	
0 	
0 	
2.99999707151132 	
2.2499991836716 	
1.49999884686153 	
0 	
2.49999763397021 	
2.99999716187715 	
1.99999935032798 	
2.99999716187715 	
2.99999707151132 	
3.99999755771237 	
1.99999900820924 	
2.74999819992227 	
1.99999900820924 	
0 	
0.99999905395905 	
1.99999909483913 	
1.99999935032798 	
1.74999953715819 	
1.4999994342632 	
0 	
0.99999905395905 	
0 	
2.99999681592425 	
0 	
2.99999763975014 	
0.999999834909781 	
0 	
1.99999877885619 	
2.49999734004551 	
0.999999213250046 	
2.49999782109689 	
1.99999842650009 	
4.99999694714047 	
0 	
1.99999918908834 	
0.999999674307175 	
2.49999782109689 	
1.99999826122286 	
0 	
2.74999819992227 	
1.49999980424771 	
2.49999847819099 	
2.49999741986351 	
3.49999669890814 	
2.49999879311888 	
1.99999935938627 	
1.99999935032798 	
2.99999763975014 	
0 	
5.74999531389856 	
1.49999955366899 	
4.49999467900281 	
4.49999662368172 	
3.49999683884551 	
1.49999980424771 	
2.99999763975014 	
2.74999819992227 	
0 	
0 	
3.49999730593219 	
0 	
1.99999756984226 	
