1.49999980424771 	
1.74999953715819 	
0 	
0 	
0 	
0 	
0 	
0.999999955750158 	
1.49999959300891 	
0.999999151454652 	
1.49999955366899 	
0 	
1.49999955366899 	
1.99999842650009 	
0.999999389428094 	
0 	
0 	
0.999999955750158 	
1.49999959300891 	
0.999999151454652 	
1.49999955366899 	
0 	
1.49999955366899 	
1.99999842650009 	
0.999999389428094 	
0 	
0 	
0 	
0 	
0 	
0 	
0 	
0 	
0 	
0 	
2.74999688403214 	
0 	
0 	
0 	
0.999999151454652 	
0 	
0.999999213250046 	
0.999999834909781 	
0 	
0.999999389428094 	
0 	
0 	
0 	
0 	
0 	
0 	
2.99999764887305 	
1.49999980424771 	
0 	
0 	
0.999999213250046 	
0.999999213250046 	
0.999999874489039 	
1.99999935032798 	
0 	
0 	
2.99999816828428 	
0 	
0 	
0 	
1.9999981079181 	
0 	
0 	
0 	
0 	
0 	
0 	
1.99999877885619 	
0.999999389428094 	
1.74999953715819 	
0 	
0 	
0 	
0 	
0 	
0 	
0 	
0 	
1.49999980424771 	
0 	
0 	
0 	
0 	
0 	
1.9999981079181 	
0 	
0 	
0.999999213250046 	
0 	
0 	
0 	
0 	
0 	
0.999999955750158 	
0 	
0.999999389428094 	
1.99999877885619 	
0 	
1.49999980424771 	
0 	
0 	
0 	
0.999999834909781 	
0.999999389428094 	
0 	
0 	
0 	
0 	
0 	
0 	
0 	
1.99999877885619 	
0 	
1.99999877885619 	
0 	
0 	
0.999999834909781 	
0 	
0 	
0 	
