3.49999618667166 	
7.2499868849799 	
6.24999026294931 	
4.49999662368172 	
3.74999637681645 	
6.99999128853269 	
4.49999662368172 	
4.24999579746393 	
0 	
5.24999287949419 	
3.49999618667166 	
7.2499868849799 	
6.24999026294931 	
4.49999662368172 	
3.74999637681645 	
6.99999128853269 	
4.49999662368172 	
4.24999579746393 	
0 	
5.24999287949419 	
2.99999770705536 	
0.999999625291197 	
1.4999994342632 	
5.99998974939419 	
2.99999813213759 	
1.49999955366899 	
3.74999699600742 	
6.49999079129662 	
1.99999918908834 	
1.99999756984226 	
1.4999994342632 	
2.24999871399747 	
1.49999945202234 	
4.99999427730595 	
5.99999161670099 	
1.99999909483913 	
5.99999181164617 	
3.99999715111405 	
3.49999605297579 	
3.49999605297579 	
1.99999918908834 	
3.49999755134893 	
5.74999274836286 	
7.49998892989636 	
5.99999103014775 	
4.4999939870895 	
0 	
1.99999935938627 	
4.49999586268763 	
0 	
3.49999654437144 	
6.99999111558608 	
1.49999945202234 	
6.49998944865593 	
3.99999472570156 	
1.7499992723221 	
2.99999716187715 	
2.99999650400887 	
2.49999892615434 	
2.99999836582323 	
1.99999918908834 	
0.999999703628503 	
5.2499944939551 	
4.99999392460566 	
6.49999188722129 	
3.99999479792554 	
0 	
0 	
4.99999326531872 	
1.4999992493788 	
6.24999308648459 	
4.74999490732019 	
0.999999834909781 	
5.49999594143124 	
3.24999795910682 	
0 	
3.99999715111405 	
5.9999943644892 	
0 	
6.74998973822277 	
1.99999918908834 	
4.9999943250552 	
2.2499991836716 	
4.49999697775997 	
1.9999981079181 	
4.99999560102954 	
5.74999274878275 	
8.24998835466866 	
5.24999300881971 	
2.99999741447877 	
4.74999435516242 	
2.49999892615434 	
2.49999850570998 	
1.74999903519047 	
5.24999227489141 	
5.49999257812408 	
0 	
3.49999669890814 	
5.99999075474837 	
3.9999984190771 	
5.49999140047046 	
4.49999760698574 	
3.9999962158362 	
4.49999460087201 	
1.99999918908834 	
5.49999404577201 	
4.49999471838675 	
0 	
4.49999578424603 	
6.24999408606129 	
0 	
3.74999595217007 	
4.99999336660753 	
5.99999389649958 	
3.49999783507547 	
4.49999760698574 	
4.99999526979524 	
1.9999981079181 	
3.99999609534842 	
7.24998907984259 	
