0 	
0 	
1.74999953715819 	
2.2499991836716 	
2.99999716187715 	
2.49999763397021 	
0 	
0 	
0.999999213250046 	
0 	
0 	
0.999999389428094 	
0 	
0 	
0 	
0 	
0 	
1.99999919989308 	
0.999999834909781 	
0 	
0 	
0.999999389428094 	
0 	
0 	
0 	
0 	
0 	
1.99999919989308 	
0.999999834909781 	
0 	
0 	
0 	
3.99999685300019 	
0 	
1.99999842650009 	
0 	
1.99999918908834 	
0 	
0.999999389428094 	
1.49999955366899 	
0 	
1.9999981079181 	
0 	
0 	
0.999999955750158 	
0.999999955750158 	
0.999999389428094 	
1.49999980424771 	
3.49999606989768 	
0 	
0.999999389428094 	
0 	
0 	
0 	
0 	
0 	
1.49999945202234 	
0 	
1.49999980424771 	
0 	
0.999999213250046 	
4.49999433333102 	
0.999999023837104 	
0 	
0 	
0.999999955750158 	
0 	
0 	
2.49999870221434 	
1.99999842650009 	
1.99999794779592 	
0 	
1.49999980424771 	
0 	
0 	
1.99999877885619 	
0.999999834909781 	
0 	
0 	
0 	
1.9999981079181 	
0 	
0 	
1.99999842650009 	
1.99999837548816 	
0.999999955750158 	
0.99999905395905 	
0 	
0 	
0 	
1.99999877885619 	
0 	
0 	
0 	
0 	
0 	
0 	
0 	
0 	
3.49999730593219 	
0 	
0 	
0 	
2.49999734004551 	
0.999999955750158 	
0 	
1.99999826122286 	
0 	
0.999999389428094 	
1.49999830080933 	
0 	
0 	
1.99999842650009 	
0 	
0 	
0 	
2.49999910463391 	
0 	
0 	
0.999999389428094 	
0.999999703628503 	
0 	
2.99999816828428 	
1.99999826122286 	
0 	
3.99999685300019 	
1.99999814577495 	
0 	
0.999999834909781 	
1.49999955366899 	
