0 	
0 	
0 	
0 	
0 	
0 	
0.99999905395905 	
0.999999955750158 	
0 	
1.74999953715819 	
1.49999980424771 	
0 	
0 	
0.999999834909781 	
0.99999905395905 	
0 	
1.49999860311264 	
0 	
0 	
0 	
0 	
0.999999151454652 	
0 	
0 	
0.99999905395905 	
0 	
1.49999860311264 	
0 	
0 	
0 	
0 	
0.999999151454652 	
0 	
0 	
1.99999773781891 	
0 	
0.999999213250046 	
0 	
0 	
1.49999980424771 	
0 	
0 	
0 	
2.99999816828428 	
0 	
0.999999955750158 	
0 	
0 	
0 	
0 	
0 	
0 	
0.999999955750158 	
0 	
0 	
0.999999955750158 	
0.999999955750158 	
0.999999389428094 	
0 	
0 	
1.49999980424771 	
0 	
1.49999980424771 	
0 	
0 	
0 	
0 	
0 	
0 	
0 	
0 	
0 	
1.99999837548816 	
0 	
0.999999213250046 	
0 	
0 	
0 	
1.49999980424771 	
0 	
0 	
0 	
2.99999816828428 	
0.999999389428094 	
0 	
0 	
0.999999389428094 	
0 	
0 	
1.99999877885619 	
0 	
0 	
0 	
0 	
1.99999842650009 	
0 	
0.999999389428094 	
0 	
0 	
1.99999842650009 	
0 	
0 	
0 	
0.999999955750158 	
0.999999213250046 	
0.999999213250046 	
0 	
0 	
0 	
0 	
0 	
0 	
0 	
1.99999842650009 	
0 	
0 	
0 	
0 	
0.999999874489039 	
0.999999955750158 	
1.99999877885619 	
0.999999389428094 	
0 	
0 	
1.74999953715819 	
1.49999980424771 	
0 	
0 	
0 	
0 	
0 	
0 	
0 	
0 	
