1.99999887928238 	
4.99999560102954 	
5.49999329749733 	
1.4999994342632 	
3.49999580576874 	
3.74999554929048 	
5.49999250046155 	
3.99999685300019 	
2.99999707151132 	
3.99999424459926 	
1.99999887928238 	
4.99999560102954 	
5.49999329749733 	
1.4999994342632 	
3.49999580576874 	
3.74999554929048 	
5.49999250046155 	
3.99999685300019 	
2.99999707151132 	
3.99999424459926 	
0 	
5.24999519225354 	
1.99999935032798 	
0 	
0.999999023837104 	
4.49999586268763 	
5.24999287949419 	
4.49999662368172 	
3.74999392022676 	
4.49999489911095 	
0 	
4.49999437132936 	
5.49999154729393 	
2.99999635476339 	
2.74999808359428 	
0 	
3.9999962158362 	
0 	
4.49999517119024 	
2.99999763975014 	
2.99999764887305 	
2.49999892615434 	
0 	
1.4999992493788 	
4.49999471838675 	
0 	
0 	
0 	
0 	
5.99999321701832 	
1.49999955366899 	
0 	
3.99999610011932 	
2.49999868701623 	
5.2499915108908 	
1.99999900820924 	
4.49999517119024 	
0 	
3.99999502311899 	
7.49998954866222 	
2.49999879311888 	
4.49999586268763 	
0 	
0 	
5.49999502646713 	
0.999999023837104 	
2.99999716187715 	
1.99999909483913 	
2.9999963962523 	
1.74999953715819 	
3.99999685300019 	
1.49999955366899 	
0 	
1.4999994342632 	
6.4999921092956 	
2.99999716187715 	
3.9999962158362 	
0 	
4.99999439233122 	
2.99999716187715 	
5.49999242203383 	
6.49999525918077 	
6.74998767159291 	
1.99999900820924 	
1.49999945202234 	
0.999999625291197 	
5.99999096970651 	
4.49999586268763 	
0 	
3.49999796238255 	
0.999999213250046 	
7.24999041231637 	
1.4999992493788 	
2.49999825838657 	
1.99999900820924 	
2.24999902976266 	
0 	
4.99999402993821 	
4.99999410802137 	
4.49999459030747 	
2.99999816828428 	
1.99999918908834 	
1.99999918908834 	
3.99999715111405 	
0 	
2.99999707151132 	
0 	
1.99999900820924 	
6.49999033733027 	
2.49999879311888 	
3.74999470950095 	
1.49999980424771 	
2.49999852199807 	
2.49999892615434 	
1.4999994342632 	
5.99999394213663 	
5.49999269526757 	
5.74998946432811 	
5.99999331783902 	
2.49999892615434 	
