1.49999955366899 	
4.24999571148776 	
0 	
0 	
0.999999834909781 	
0 	
1.49999955366899 	
0 	
0 	
0 	
0 	
1.99999935032798 	
1.9999981079181 	
0 	
0.999999834909781 	
0 	
1.49999955366899 	
0 	
0 	
0 	
0 	
1.99999935032798 	
1.9999981079181 	
0 	
0 	
0.999999213250046 	
3.49999796238255 	
0 	
1.9999981079181 	
1.99999842650009 	
0.999999023837104 	
0 	
0.999999874489039 	
1.99999877885619 	
0 	
1.99999935032798 	
0 	
0 	
1.99999935032798 	
0 	
0 	
2.49999702927369 	
2.99999764887305 	
0.999999834909781 	
2.2499991836716 	
0 	
0.999999625291197 	
0 	
0 	
0 	
1.49999955366899 	
1.49999980424771 	
2.49999892615434 	
2.99999764887305 	
1.99999917410049 	
1.49999959300891 	
0 	
0 	
2.9999967905837 	
3.74999688569972 	
0 	
2.49999763397021 	
3.49999615878347 	
0.999999674307175 	
2.99999816828428 	
0.999999389428094 	
1.49999860311264 	
3.99999640624267 	
0.99999905395905 	
0 	
2.99999670160603 	
1.74999935938636 	
1.99999877885619 	
1.74999953715819 	
0 	
0.99999905395905 	
1.9999981079181 	
0 	
1.99999826122286 	
0.999999874489039 	
2.99999716187715 	
0 	
1.99999948254491 	
1.99999842650009 	
0 	
1.49999959300891 	
0.999999213250046 	
0 	
3.99999685300019 	
0 	
0.999999955750158 	
1.49999945202234 	
0.999999213250046 	
3.49999669890814 	
1.99999918908834 	
1.74999953715819 	
0.999999213250046 	
0 	
1.4999994342632 	
0 	
3.99999755771237 	
1.99999919989308 	
0 	
0 	
0.999999075432228 	
2.99999708371643 	
0 	
1.49999955366899 	
3.99999685300019 	
1.99999935032798 	
0 	
1.49999884686153 	
0 	
0.999999213250046 	
1.99999918908834 	
1.99999935032798 	
1.49999899399943 	
0 	
1.9999981079181 	
0 	
2.99999708371643 	
0 	
1.4999994342632 	
