1.99999890401956 	
2.24999860151585 	
3.99999603556995 	
3.49999833761148 	
0.999999703628503 	
2.9999980775029 	
0.999999552828006 	
2.49999868031027 	
0 	
2.99999772204389 	
1.74999955269008 	
0 	
1.9999991944008 	
0.999999632186113 	
0.999999552828006 	
0.999999632186113 	
0.999999955750158 	
0 	
0 	
0.999999955750158 	
0.999999955750158 	
0.99999962606188 	
3.99999853120053 	
1.99999868409949 	
3.99999808477708 	
2.49999840848296 	
0.99999962606188 	
1.99999923934276 	
0 	
0.999999685543246 	
2.99999664352941 	
1.9999993648126 	
1.49999945202234 	
0.999999955750158 	
0 	
2.49999931067901 	
0.999999552828006 	
2.99999845126771 	
3.49999689658239 	
2.49999917739919 	
0.999999552828005 	
3.24999692358181 	
3.49999678514168 	
0.999999674307175 	
2.99999855467258 	
1.99999890401956 	
1.99999890401956 	
2.9999989755954 	
0 	
4.99999692575097 	
1.99999928958687 	
1.99999926437223 	
0 	
1.49999929000486 	
2.99999759526948 	
0 	
0 	
1.49999980424771 	
0 	
2.99999858329022 	
4.99999833644897 	
1.49999956887986 	
0.999999703628503 	
0.999999685543246 	
2.24999887621515 	
0 	
3.99999777429632 	
2.99999894107634 	
1.99999866587082 	
0 	
0 	
0 	
1.99999890401956 	
2.49999875225464 	
0.999999481250932 	
1.49999945202234 	
0 	
0.999999955750158 	
4.49999621748917 	
1.99999868409949 	
0.999999632186113 	
0.999999674307175 	
1.99999910565601 	
0 	
0.999999674307175 	
2.9999979085922 	
0.999999834909781 	
2.9999989755954 	
1.49999929000486 	
0 	
0.999999834909781 	
0 	
2.99999887818564 	
1.99999816560928 	
2.9999989755954 	
0.999999632186113 	
0.999999674307175 	
1.99999773781891 	
3.49999805181025 	
0 	
