0 	
0 	
0.999999955750158 	
0 	
0 	
0 	
0 	
0 	
0 	
0 	
0 	
0 	
0 	
0 	
0 	
0 	
0.999999674307175 	
0 	
0 	
0 	
0 	
0 	
0 	
0 	
0 	
0.999999955750158 	
0 	
0 	
0 	
0 	
0 	
0 	
0 	
0 	
0 	
0 	
0 	
0.999999955750158 	
0 	
0 	
0 	
0.99999985379626 	
0 	
0.99999985379626 	
0 	
0 	
0.999999955750158 	
0 	
1.49999980424771 	
1.49999955366899 	
0 	
0 	
1.49999973592541 	
0 	
0 	
0.999999955750158 	
0 	
0 	
0 	
0 	
0 	
0 	
0 	
0.99999985379626 	
0.999999685543246 	
0 	
0 	
0 	
1.99999923934276 	
0 	
0 	
0 	
1.99999948832808 	
0 	
0 	
0 	
0 	
0 	
0 	
0 	
0 	
0.999999955750158 	
0.999999834909781 	
0 	
0 	
0 	
0 	
0 	
1.99999896250186 	
0 	
0 	
0 	
0 	
0.999999955750158 	
0 	
0.99999962606188 	
0 	
1.49999955366899 	
0 	
3.12499887130974 	
1.74999955269008 	
0 	
