0 	
1.4999991831514 	
0 	
0 	
0 	
1.99999937108649 	
0.999999685543246 	
0 	
0 	
0 	
0 	
0 	
0.999999632186113 	
2.74999866212173 	
0 	
0 	
0 	
0.999999674307175 	
0 	
1.49999980424771 	
0.999999632186113 	
0 	
0 	
0 	
0 	
0 	
0 	
0 	
0 	
0 	
0 	
0 	
0 	
0.999999685543246 	
0 	
0 	
0 	
0 	
1.99999877993995 	
1.99999894378058 	
1.99999966981956 	
0.999999552828005 	
0 	
2.49999931067901 	
0.999999685543246 	
0 	
0 	
0 	
0 	
0 	
0 	
1.99999944585635 	
1.99999925212376 	
2.99999872222973 	
0.999999955750158 	
0 	
1.99999944585635 	
1.99999944585635 	
0 	
0 	
0 	
0 	
0 	
0 	
0 	
0.99999962606188 	
0 	
0 	
0 	
0.999999955750158 	
0.999999834909781 	
0 	
0 	
0.999999674307175 	
1.49999980424771 	
0 	
0 	
0.999999674307175 	
0.999999685543246 	
0 	
0 	
0 	
0 	
0 	
0 	
0 	
0 	
0.999999834909781 	
0 	
0 	
0 	
0 	
0 	
2.49999887661345 	
0.999999834909781 	
0 	
0 	
0 	
0.999999834909781 	
1.49999955366899 	
