0 	
0.999999834909781 	
0.999999685543246 	
0.99999962606188 	
0.999999674307175 	
0 	
0.99999985379626 	
0 	
0 	
0 	
0.99999985379626 	
0.999999410540692 	
2.99999833166541 	
0.999999955750158 	
2.99999770705536 	
0.999999552828005 	
0 	
0.999999674307175 	
0 	
1.49999955366899 	
0 	
3.74999758988431 	
2.49999821179877 	
0.999999288422125 	
0 	
1.49999980424771 	
0 	
1.49999945202234 	
1.49999980424771 	
0 	
0 	
0.99999962606188 	
0 	
0 	
0 	
0 	
0.999999955750158 	
0 	
0.999999834909781 	
0.999999685543246 	
0.99999962606188 	
0.99999962606188 	
0 	
0.99999962606188 	
2.99999846823145 	
0 	
0.999999834909781 	
0 	
1.4999991831514 	
3.12499804123177 	
0 	
1.99999944585635 	
0 	
0 	
1.49999945202234 	
1.99999918908834 	
2.99999722629668 	
0.99999962606188 	
0 	
0.999999955750158 	
2.49999901334407 	
0.99999962606188 	
1.49999955366899 	
0 	
1.99999928958687 	
0 	
0 	
0.999999703628503 	
0 	
0.99999962606188 	
0 	
1.99999900820924 	
0 	
0 	
0 	
1.49999956887986 	
0 	
1.99999926437223 	
0.99999985379626 	
0 	
2.74999860781876 	
0.99999962606188 	
1.9999993648126 	
1.99999849709127 	
0.999999874489039 	
0.999999362001564 	
3.49999645592495 	
0.99999985379626 	
2.99999865848402 	
0 	
0.999999674307175 	
0 	
0.999999674307175 	
0 	
2.49999842879065 	
1.49999973592541 	
2.49999877460627 	
0 	
0.999999955750158 	
0.99999962606188 	
