0.999999685543246 	
0 	
1.99999910565601 	
0.999999955750158 	
0 	
0 	
0 	
0 	
0.999999632186113 	
0 	
1.499999440046 	
0 	
1.99999937108649 	
0 	
1.99999918908834 	
2.9999984437528 	
1.74999937116504 	
0.999999552828006 	
0 	
0 	
0.999999955750158 	
0.999999632186113 	
0 	
0 	
1.49999945202234 	
0.999999685543246 	
0 	
1.99999926437223 	
1.99999918908834 	
0 	
0.99999985379626 	
0 	
0 	
0.999999632186113 	
0.999999834909781 	
1.99999948832808 	
0 	
0 	
0 	
2.49999901334407 	
0 	
0 	
0 	
0.999999834909781 	
2.49999842879065 	
0 	
0 	
0 	
0 	
0 	
0 	
0 	
0.99999962606188 	
0.999999834909781 	
0 	
0 	
0.999999834909781 	
0 	
0 	
0.999999410540692 	
0 	
0 	
0 	
0 	
0 	
0 	
0.99999962606188 	
0 	
1.99999894463709 	
0.999999955750158 	
0.99999985379626 	
0 	
0 	
0.999999955750158 	
0.99999962606188 	
1.49999973592541 	
1.4999991831514 	
0.99999962606188 	
0.999999674307175 	
0 	
0 	
0 	
0 	
0 	
0 	
0.999999552828005 	
0.99999985379626 	
0 	
0 	
0.999999674307175 	
0 	
0 	
0 	
0 	
0.99999985379626 	
0 	
0.999999632186113 	
0 	
0 	
0 	
