0 	
0 	
0 	
0 	
0 	
1.99999900820924 	
0 	
0.999999834909781 	
0 	
0 	
0.999999834909781 	
0 	
0 	
0 	
0.999999632186113 	
0.999999955750158 	
0 	
0 	
0 	
0 	
0 	
0 	
0 	
0.999999834909781 	
1.99999894463709 	
0.99999985379626 	
0 	
0 	
0 	
0 	
0 	
0.99999962606188 	
0.999999834909781 	
0 	
0 	
0 	
0 	
0 	
1.99999935032798 	
0 	
0.99999962606188 	
1.49999973592541 	
1.49999980424771 	
0.999999955750158 	
0.999999685543246 	
0.999999834909781 	
0 	
0 	
0 	
0 	
0.999999834909781 	
0 	
0 	
0 	
0.99999962606188 	
0.99999962606188 	
0 	
0 	
0 	
0.999999674307175 	
0.999999685543246 	
0 	
0 	
0 	
0 	
0 	
0 	
0 	
0 	
0 	
2.9999989755954 	
0 	
1.9999991944008 	
0 	
0 	
0.999999955750158 	
0 	
1.49999945202234 	
0.99999962606188 	
1.99999944585635 	
0 	
0 	
0 	
0.99999962606188 	
0 	
0 	
0 	
0 	
0 	
0.999999834909781 	
0.999999955750158 	
0.999999685543246 	
0 	
0 	
0 	
0.999999834909781 	
0.999999674307175 	
0 	
0 	
0.99999962606188 	
0 	
