0.999999834909781 	
1.99999966981956 	
0.999999685543246 	
1.49999945202234 	
1.49999945202234 	
1.4999991831514 	
0.999999685543246 	
0 	
0 	
0 	
0.999999955750158 	
0 	
0.999999674307175 	
0 	
0 	
0 	
0 	
0 	
0.999999674307175 	
0 	
0 	
0 	
0 	
1.4999989542961 	
1.49999955366899 	
0.999999834909781 	
0 	
0 	
0.999999552828006 	
2.99999894107634 	
2.49999868368493 	
0 	
0 	
0.999999632186113 	
0.999999834909781 	
0.999999632186113 	
0 	
0.999999685543246 	
1.49999955366899 	
0 	
1.99999928958687 	
0 	
1.49999980424771 	
1.99999904112638 	
0 	
0 	
1.4999991831514 	
0.999999552828006 	
0 	
0.999999685543246 	
0.99999962606188 	
1.49999945202234 	
0 	
1.99999923934276 	
0.999999685543246 	
0.999999632186113 	
1.99999910565601 	
0 	
1.49999980424771 	
0 	
0.999999632186113 	
1.49999980424771 	
0.999999834909781 	
0.999999632186113 	
1.99999925212376 	
0 	
0 	
0 	
0.999999834909781 	
1.49999980424771 	
0 	
0 	
1.99999970759252 	
0 	
0 	
1.99999970759252 	
0 	
0 	
0 	
0.99999985379626 	
0 	
0.999999834909781 	
0 	
0.999999955750158 	
0.999999552828006 	
0 	
1.99999944585635 	
0 	
0.999999552828005 	
0 	
0 	
0 	
0.99999985379626 	
1.49999955366899 	
0 	
2.49999931067901 	
0 	
0.999999834909781 	
0.999999410540692 	
0 	
