0 	
0 	
0 	
0 	
0 	
1.99999892320964 	
0 	
2.99999739365314 	
0 	
0 	
0 	
1.49999955366899 	
0 	
0.999999151454652 	
1.99999966981956 	
0 	
0 	
0.999999291141904 	
1.4999991831514 	
0 	
0.999999685543246 	
2.99999787342571 	
0 	
0.999999834909781 	
0 	
2.2499991836716 	
0 	
1.99999892320964 	
0 	
0 	
0 	
0.999999685543246 	
0 	
0.99999898587223 	
0 	
0.999999685543246 	
3.99999746232945 	
1.99999827751578 	
0 	
0 	
2.99999838481446 	
0 	
0.99999962606188 	
0 	
0 	
2.99999678351808 	
0 	
2.99999730204925 	
0 	
0.999999685543246 	
0 	
0 	
0 	
0 	
0 	
0 	
0.99999985379626 	
0 	
0 	
0 	
1.99999935032798 	
0 	
0 	
2.99999730204925 	
0 	
0 	
0 	
1.99999970759252 	
0 	
1.99999873116473 	
0.999999834909781 	
1.99999873116473 	
1.49999945202234 	
0.999999955750158 	
0 	
0.99999985379626 	
0.999999674307175 	
0 	
0 	
0 	
0 	
0.999999955750158 	
0.999999685543246 	
0 	
0.99999962606188 	
0 	
0 	
0 	
0 	
0.99999985379626 	
2.99999678351808 	
0 	
0.999999365582363 	
0 	
0 	
0.99999985379626 	
0 	
1.49999956887986 	
0 	
0 	
