1.49999973592541 	
0 	
0 	
1.74999915466699 	
0 	
0 	
0 	
0 	
0 	
0 	
0 	
0 	
1.99999868409949 	
1.99999937108649 	
0.99999985379626 	
1.49999980424771 	
0.99999962606188 	
0 	
0.999999955750158 	
2.99999787342571 	
0 	
1.49999980424771 	
1.49999973592541 	
0.999999461604821 	
2.99999739365314 	
0 	
1.99999858228381 	
0.999999365582363 	
2.99999782472227 	
0 	
0 	
0 	
0 	
0.999999685543246 	
2.99999701942969 	
0 	
0 	
0 	
0 	
0 	
0 	
0.999999955750158 	
0 	
1.99999935032798 	
0.99999898587223 	
3.99999733513549 	
1.49999973592541 	
0.999999291141904 	
0 	
0.999999552828005 	
0 	
4.74999705768371 	
0.99999962606188 	
4.49999497974154 	
0 	
0.999999291141904 	
1.99999970759252 	
2.99999809674709 	
0 	
0 	
0.99999962606188 	
1.99999873116473 	
0.999999461604821 	
0 	
2.99999792922475 	
1.99999892320964 	
0 	
3.9999967043569 	
2.49999762885037 	
0.99999962606188 	
0 	
1.99999864104431 	
0.999999291141904 	
0 	
0.999999365582363 	
0 	
0 	
0 	
0.999999291141904 	
2.99999838481446 	
0 	
0.999999632186113 	
3.49999700413418 	
0 	
0.999999151454652 	
1.49999980424771 	
0.999999955750158 	
0.999999955750158 	
2.49999936383076 	
1.99999858228381 	
0.999999461604821 	
1.99999803162609 	
0 	
0 	
0.999999410540692 	
0 	
2.74999866212173 	
0 	
0 	
0 	
