0.999999685543246 	
0 	
0 	
2.99999763182403 	
0 	
0.999999674307175 	
0 	
1.49999980424771 	
0.999999461604821 	
0 	
0 	
2.49999629470575 	
0 	
0 	
1.49999980424771 	
0 	
0 	
1.99999919989308 	
1.49999945202234 	
0.99999985379626 	
1.99999827751578 	
0 	
0 	
1.99999843939711 	
0 	
0 	
0 	
1.99999892320964 	
3.99999702371486 	
0 	
0.99999985379626 	
0 	
1.99999858228381 	
0 	
0 	
1.99999858228381 	
2.99999682435824 	
1.99999892320964 	
0 	
0.999999481250932 	
2.99999792922475 	
0.999999955750158 	
0.999999291141904 	
1.99999925212376 	
0 	
0 	
1.99999840465054 	
0 	
1.99999873116473 	
1.99999970759252 	
0.999999461604821 	
0 	
1.99999843939711 	
0.999999685543246 	
2.99999809674709 	
0 	
0 	
1.99999919989308 	
0 	
0 	
0 	
0.999999365582363 	
1.99999896596004 	
1.99999770948352 	
2.99999787342571 	
4.24999529205305 	
2.99999838481446 	
0 	
0 	
1.99999858228381 	
2.99999787342571 	
0.999999685543246 	
1.99999877993995 	
0 	
1.49999955366899 	
2.99999787342571 	
0 	
2.99999787342571 	
0.999999685543246 	
0 	
1.99999873116473 	
0 	
2.99999678351808 	
0 	
0 	
0 	
0 	
0 	
1.49999980424771 	
0.999999685543246 	
2.49999901334407 	
1.99999935032798 	
1.99999900820924 	
0 	
0 	
0 	
3.9999974347925 	
0 	
0.999999632186113 	
2.99999838481446 	
