2.87499394513651 	
0.999999901248782 	
0.99999896041905 	
0 	
2.99999688194038 	
2.74999464868477 	
1.99999822874728 	
0 	
0 	
1.99999749308037 	
0.999999874489039 	
1.99999966981956 	
0 	
0 	
0 	
3.99999660044243 	
8.62498128253218 	
0.999999703628503 	
1.99999927184635 	
1.49999793618377 	
0 	
0 	
5.93285766480178 	
5.74999436500184 	
0.999999874489039 	
0 	
0 	
4.2499956914683 	
3.74999747124167 	
4.74999592941673 	
0 	
0.999999533150113 	
3.49999680402475 	
1.99999784615793 	
0.999999874489039 	
5.49999422173992 	
3.49999675207199 	
0 	
6.62499110271019 	
6.18749053699422 	
0 	
3.49999815286199 	
0 	
0.999999690865243 	
4.49999621500792 	
0.999999874489039 	
7.3749844084207 	
5.62499321081275 	
0.999999703628503 	
1.99999906940444 	
0 	
3.12499810795235 	
0.999999632186113 	
0 	
6.74999113189962 	
5.49999197253839 	
7.09721354425491 	
0 	
0 	
5.99999475514951 	
3.4062468140605 	
0.999999703628503 	
0.999999874489039 	
0 	
0.999999358698125 	
1.99999928958687 	
0 	
5.24535969491471 	
0.999999834909781 	
2.99999776181668 	
0 	
2.99999879975136 	
1.99999865224599 	
0 	
3.81249447080143 	
0.999999955750158 	
8.90969962924477 	
5.84721526488598 	
0 	
0 	
7.09721196575304 	
0.999999874489039 	
0 	
3.49999601380355 	
0.999999874489039 	
0 	
0.999999459819545 	
2.99999645681187 	
0 	
0 	
0 	
0.999999955750158 	
0 	
0 	
0 	
0 	
0 	
0 	
0 	
0.99999962606188 	
0.999999410540692 	
0.999999488332764 	
1.99999815470708 	
4.99999538331032 	
8.29691465469534 	
0.999999625291197 	
0.999999674307175 	
0 	
0.999999632186113 	
