4.99999031376834 	
5.33331422724488 	
0.99999896041905 	
0.999999110957955 	
2.49999908238219 	
4.97915468647919 	
1.99999804656869 	
1.99999875944163 	
0.999999405565713 	
0 	
0.999999690865243 	
0.99999985379626 	
0 	
0.999999834909781 	
8.12035109667044 	
0 	
0 	
0.999999703628503 	
0 	
4.49999485999192 	
1.99999927184635 	
0 	
3.74999679997789 	
1.99999849709127 	
0.99999962606188 	
7.49998994980856 	
0 	
1.99999932513795 	
0.99999962606188 	
7.66665089663396 	
4.49999530993904 	
0.999999874489039 	
0.99999962606188 	
5.49999374260288 	
0.999999552828006 	
0.999999703628503 	
6.84721205219386 	
0 	
0.999999488332764 	
0.999999703628503 	
0.999999955750158 	
0 	
5.62036172625744 	
4.49999485999192 	
0 	
4.62036412969485 	
0.999999874489039 	
0.99999962606188 	
0.999999874489039 	
0 	
2.99999822189882 	
0.999999077246953 	
0.999999288422125 	
2.99999774832884 	
0 	
5.49999291933085 	
0.999999552828006 	
1.99999790358759 	
0 	
1.99999947878987 	
0.999999533150113 	
0.99999985379626 	
0.999999874489039 	
0 	
4.49999720743189 	
2.20833055583512 	
3.4166614995152 	
0 	
0.999999625291197 	
0 	
0.999999362001565 	
0 	
7.24998864508791 	
0 	
2.24999767224997 	
7.40971164355986 	
2.74999860785906 	
0 	
4.74999575619669 	
0 	
2.99999735419132 	
5.12499486340715 	
0 	
6.73442279529534 	
0 	
3.99999730449197 	
0 	
0 	
0 	
0 	
0 	
0 	
4.49999390997512 	
0 	
0 	
7.46873759571387 	
5.71699702427328 	
4.19443462142264 	
5.99999031135117 	
0.999999674307175 	
4.24999648045885 	
1.99999849423867 	
2.72916203810179 	
0 	
0.999999874489039 	
6.99998897399358 	
6.49999063452588 	
6.62499020591785 	
3.91665999837996 	
