1.49999769690852 	
1.4999989542961 	
1.99999892624967 	
0 	
0.99999962606188 	
0.999999903791583 	
1.99999848596645 	
0.999999455203724 	
0 	
3.16665970365642 	
0 	
3.99999730449197 	
0.999999685543246 	
0 	
0 	
2.9999983375023 	
0 	
0.999999674307175 	
0.99999985379626 	
0.99999985379626 	
0 	
0 	
4.62499540658939 	
0.99999962606188 	
7.89582132427547 	
0.99999962606188 	
6.62035654043391 	
4.74999592941673 	
0.999999625291197 	
6.93748406095393 	
0 	
0.999999874489039 	
0 	
0 	
2.999997744912 	
6.31249318718478 	
0.999999552828006 	
0 	
0.99999985379626 	
0.999999874489039 	
0 	
2.99999879975136 	
0 	
0 	
0.999999674307175 	
7.59720899405578 	
0.999999410540692 	
0 	
6.84721399992607 	
0.999999703628503 	
0.999999625291197 	
2.99999718830387 	
6.4999925640005 	
0 	
2.99999776181668 	
0 	
5.74999436500184 	
0 	
0.999999874489039 	
4.74999715811636 	
0.99999962606188 	
0.999999874489039 	
0 	
1.99999890401956 	
0 	
0 	
7.46873659479606 	
4.49999545155337 	
0.999999874489039 	
0 	
0 	
0 	
0 	
0 	
0.999999955750158 	
0 	
0 	
4.62036412969485 	
4.24999440603682 	
0 	
0 	
1.99999932513795 	
0.999999552828006 	
0 	
0 	
3.49999675207199 	
0.999999674307175 	
3.7499971999596 	
6.49999104041065 	
0 	
3.7499971999596 	
0.999999955750158 	
0 	
1.99999932899716 	
4.99999564819681 	
1.99999865224599 	
0 	
1.99999906940444 	
4.49999566553467 	
0.999999552828006 	
0 	
0 	
1.99999865224599 	
6.12498806327586 	
0.999999625291197 	
3.99999680573146 	
1.99999927184635 	
0 	
0.99999985379626 	
0 	
