0 	
0.999999151454652 	
0 	
0.999999821773781 	
1.99999825007063 	
0.999999955750158 	
0 	
0 	
2.66666526514472 	
0 	
0 	
0.999999955750158 	
0.999999674307175 	
0.999999874489039 	
0.99999962606188 	
0 	
0.999999685543246 	
0 	
0.999999674307175 	
1.99999910565601 	
0.99999985379626 	
2.49999875736744 	
0 	
4.12499796038731 	
1.99999906940444 	
0.999999690865243 	
2.74999804694854 	
0.999999874489039 	
0 	
0.999999533150113 	
0 	
3.20833018022735 	
3.49999675207199 	
0 	
0 	
0 	
8.37498447312646 	
0.999999674307175 	
0 	
0 	
7.40970965071445 	
6.09721701408487 	
7.99998645763245 	
0 	
0 	
0 	
0.999999834909781 	
4.24999384182681 	
0 	
0.999999703628503 	
0 	
0 	
0 	
0.999999955750158 	
0.999999488332764 	
5.7499924317642 	
0 	
0 	
0 	
0 	
0 	
0.999999955750158 	
0.999999362001565 	
0 	
7.91332237732882 	
0 	
1.99999925212376 	
0 	
0.99999962606188 	
3.2083295291633 	
2.99999798688977 	
0.99999962606188 	
2.999998590577 	
3.99999544103143 	
5.49999551334733 	
0 	
0 	
0 	
0 	
0 	
0.99999962606188 	
0.99999962606188 	
4.99999280608789 	
3.99999813880887 	
0.999999358698126 	
4.09721816331712 	
0.999999874489039 	
0 	
5.49999197253839 	
2.7499989252341 	
2.99999776181668 	
6.24999136494331 	
0 	
0 	
0 	
0 	
0 	
0.999999632186113 	
3.74999662842216 	
0.999999834909781 	
0 	
3.4999977321856 	
0.99999962606188 	
3.62499463816655 	
0 	
6.24999301967165 	
0.999999288422125 	
0.999999703628503 	
6.24999136494331 	
3.74999783094178 	
