2.30555088682947 	
0 	
0 	
2.49999776454882 	
0 	
1.99999857151267 	
0.999999392296995 	
0 	
2.22221635705609 	
0.999999903791583 	
0.999999874489039 	
1.99999877993995 	
0 	
0 	
0 	
0 	
1.99999932513795 	
0 	
4.49999610668206 	
0 	
0 	
7.24998679712846 	
0 	
0.99999962606188 	
0.999999674307175 	
4.99999440499379 	
0 	
0.999999685543246 	
1.49999980424771 	
5.22221394540964 	
3.95832793801255 	
2.74999756049624 	
0 	
0.999999955750158 	
1.99999890401956 	
1.74999903519047 	
5.24535928290792 	
0 	
0.999999362001565 	
7.14582247160811 	
0.999999955750158 	
0.999999674307175 	
0.99999962606188 	
5.49999374260288 	
6.09721499199061 	
1.99999865224599 	
0 	
0.999999703628503 	
0.999999459819545 	
0.999999362001565 	
0 	
5.49999339974943 	
0 	
0 	
1.99999906940444 	
0 	
0 	
0.999999481250932 	
5.99999512644627 	
3.49999724122113 	
0 	
0 	
0 	
4.62499540658939 	
0 	
0.999999648406347 	
0 	
0 	
0 	
0 	
5.99999556803128 	
0 	
0 	
1.99999910565601 	
1.99999947878987 	
2.74999829676732 	
0.999999685543246 	
5.49999512099248 	
2.41666320078923 	
4.2499953318458 	
0 	
0.999999874489039 	
4.59374076187473 	
0.999999955750158 	
0 	
0 	
1.99999925212376 	
4.74999592941673 	
1.99999906940444 	
0 	
0 	
1.99999932513795 	
1.99999932899716 	
1.99999932513795 	
0 	
6.24998992296426 	
0 	
0.999999674307175 	
9.34720447203525 	
1.99999932899716 	
0.999999874489039 	
0.999999703628503 	
4.74999578464198 	
1.99999904404838 	
5.99999208839394 	
0.999999874489039 	
2.74999860785906 	
5.06249448376066 	
0 	
3.9999961699276 	
