4.66665064677183 	
4.33332315861348 	
3.66665995264301 	
1.91666457615425 	
4.66665083883616 	
3.33332704773154 	
2.66666310686453 	
2.99999316798872 	
5.91665429685731 	
5.66664799745705 	
3.66666025400491 	
0.999999674307175 	
4.33332562513769 	
2.66665933131446 	
5.99998634060348 	
1.4999991831514 	
4.24999090761367 	
4.33332182596705 	
4.16665830890555 	
3.16666181379538 	
3.49999875930187 	
4.66665578304591 	
5.4166525880487 	
1.99999651806315 	
3.49999843743363 	
2.74999396350711 	
4.4166577333257 	
1.99999966981956 	
4.66665199596226 	
0.999999955750158 	
2.99999889655834 	
1.99999934861435 	
3.49999148269904 	
1.99999934861435 	
5.49998844026243 	
1.99999934861435 	
5.66664608930556 	
3.29999777713762 	
3.33332639317651 	
3.99998873059337 	
2.49999408528061 	
4.1666600690494 	
3.33332986775684 	
2.99999450873526 	
2.66666331321077 	
1.99999926437223 	
3.83332522166554 	
6.16665275183329 	
4.49999744897774 	
2.74999468741388 	
