2.33332849123243 	
1.99999553481977 	
4.29999558815292 	
7.1666417022541 	
5.16665511553997 	
4.49999113943349 	
5.66664799745705 	
6.20998873411875 	
3.99999184660862 	
4.6666540877074 	
5.59998823669101 	
2.74999788667356 	
5.16665045470791 	
3.66665515930038 	
4.16665391731862 	
4.66665579514603 	
6.33331349175979 	
4.66665503576762 	
7.13886414116199 	
6.33331405517691 	
1.6666652683331 	
2.49999471282457 	
5.33331866262892 	
5.83331984011658 	
4.74998475202449 	
3.16666248805128 	
4.29999496046177 	
2.99999388495646 	
3.5499945791603 	
5.16665610564385 	
5.16665425681041 	
4.33332305028861 	
5.83331922892385 	
2.99999902292153 	
3.54999507102986 	
5.66664628523034 	
4.66665260570268 	
3.66665515930038 	
6.66664273285657 	
5.58332122680361 	
4.33332562513769 	
3.66665895847103 	
4.47220500025996 	
4.41666236771769 	
4.41665700852016 	
4.16665794795654 	
4.16665850168522 	
5.66665121746806 	
2.66666221335413 	
4.66665873710317 	
