2.74999868578572 	
0.999999674307175 	
0.999999674307175 	
4.49999519678136 	
3.74999709885815 	
2.49999840848296 	
3.49999678704988 	
1.999999200068 	
1.99999890401956 	
0.999999648406347 	
4.49999577483964 	
0 	
0 	
0.999999674307175 	
0 	
3.49999610557107 	
3.49999746925847 	
0 	
2.49999868368493 	
0.99999962606188 	
0.999999488332764 	
0.999999410540692 	
2.49999853092383 	
0.999999151454652 	
1.9999990808059 	
2.99999836630281 	
1.99999896250186 	
1.99999966981956 	
0 	
0 	
0 	
1.99999934861435 	
4.49999621748917 	
2.49999821456015 	
1.99999926437223 	
1.99999890401956 	
1.99999928958687 	
0.999999632186113 	
0.999999488332765 	
2.99999833166541 	
0 	
1.99999925212376 	
2.49999936383076 	
3.99999799924455 	
0 	
0 	
3.49999606230711 	
0.999999674307175 	
2.9999974866891 	
1.99999877993995 	
0.99999962606188 	
1.87499898690288 	
0.999999685543246 	
1.49999929000486 	
0.999999358698125 	
2.49999774321355 	
2.9999980578977 	
2.74999825663029 	
0.999999481250932 	
1.99999877993995 	
0 	
0.999998991310193 	
1.99999852825738 	
0.99999985379626 	
1.99999890401956 	
1.49999980424771 	
2.49999892545067 	
2.4999989594695 	
0.999999410540692 	
2.99999902292153 	
0 	
0.999999674307175 	
3.49999832332707 	
1.99999871739625 	
3.99999628340408 	
0.999999632186113 	
2.9999981740473 	
4.49999459135371 	
1.99999871471559 	
5.49999458985318 	
0.999999834909781 	
4.99999554124006 	
0.999999481250932 	
0.999999685543246 	
1.4999991831514 	
0 	
1.99999934861435 	
0.999999632186113 	
0.999998905533304 	
1.99999882108138 	
3.49999828167426 	
0 	
2.49999842879065 	
1.99999831305582 	
1.9999981544939 	
1.99999877255857 	
2.49999868368493 	
1.4999989542961 	
0.999999552828005 	
2.49999836169689 	
1.99999928958687 	
0.999999481250932 	
1.4999989542961 	
0 	
0 	
1.49999945202234 	
1.99999866587082 	
0 	
1.49999879763474 	
1.74999905111106 	
