4.49999224641826 	
2.49999877875087 	
2.49999875736744 	
1.99999877993995 	
1.99999855100102 	
3.49999779154078 	
0 	
0.99999962606188 	
0.999999287989573 	
2.99999625112577 	
1.99999928958687 	
4.2499958709955 	
3.49999710188591 	
0 	
4.24999710740579 	
1.99999877993995 	
1.99999890401956 	
0.999999288422124 	
2.49999931067901 	
3.49999672308666 	
2.9999970439291 	
2.49999738200047 	
3.49999781892323 	
0.99999962606188 	
3.99999677936047 	
2.99999806020818 	
0.99999985379626 	
3.49999749018871 	
0 	
1.99999896250186 	
3.99999484294873 	
1.99999877993995 	
2.99999684073697 	
3.49999736694723 	
2.49999875831624 	
4.49999579946765 	
4.9999954783499 	
7.4999905907546 	
0.999999358698125 	
0.999999481250932 	
4.49999652679566 	
3.49999833158347 	
4.9999958178212 	
2.99999902292153 	
3.9999967237292 	
3.99999618497715 	
2.49999767239903 	
2.99999722629668 	
1.99999815449391 	
1.99999849709127 	
1.49999945202234 	
2.49999875736744 	
0.999999834909781 	
0.99999962606188 	
2.99999722629668 	
4.49999578758402 	
0.999999288422124 	
3.49999678041146 	
1.99999871739625 	
1.499999440046 	
1.99999947878987 	
2.49999818053189 	
0 	
2.49999840848296 	
1.99999882108138 	
3.49999773209888 	
1.99999838369295 	
5.24999585932602 	
3.49999736694723 	
4.49999526110546 	
4.49999497132758 	
1.99999890401956 	
5.24999492295224 	
2.49999868368493 	
3.99999780803911 	
0.999999674307175 	
1.99999934861435 	
2.49999892545067 	
0.999999674307175 	
1.99999792557156 	
0 	
3.49999576124215 	
1.99999838369295 	
0.999999552828006 	
2.99999825822426 	
2.99999772204389 	
0.99999962606188 	
1.49999902894885 	
0 	
2.99999704114586 	
1.99999890401956 	
2.9999980775029 	
3.49999833158347 	
3.49999705513271 	
2.99999713071437 	
1.99999840003999 	
1.99999877993995 	
3.99999755987268 	
4.74999496180923 	
3.49999772578288 	
0.999999834909781 	
1.99999798262039 	
0.999999834909781 	
3.99999607117061 	
1.99999857684425 	
2.49999797029267 	
1.9999983029093 	
0.999999632186113 	
0 	
1.99999877993995 	
