5.40998428269794 	
5.41665202699415 	
7.66663961067484 	
6.3333144071304 	
9.6388518069031 	
5.83332092347707 	
5.99997874112899 	
8.3333052382352 	
7.83330644104003 	
7.83330836892077 	
5.59998745448641 	
7.13886149745863 	
4.41666236771769 	
5.59998745448641 	
5.16664989051641 	
6.41664905353423 	
6.16665360117717 	
4.6666540877074 	
6.6666447451804 	
6.63887169342314 	
5.70998878155426 	
6.16664658075168 	
7.41664363681806 	
5.66664774046374 	
5.09998932378263 	
6.1666454144957 	
6.33331356966935 	
4.33332407196271 	
6.66109338582064 	
4.66665806868259 	
4.66665733923733 	
6.33331275597222 	
7.16665205903247 	
6.66109338582064 	
5.33331866262892 	
5.45999172715907 	
3.99999733089382 	
6.09998497933417 	
5.49998194648506 	
5.16664887971141 	
4.666650090329 	
6.91665108356172 	
5.83331654182439 	
6.83331770141903 	
3.66666117540193 	
6.1666545132314 	
6.13887193984144 	
6.3333144071304 	
4.99998872359418 	
6.33331356966935 	
