3.99999743070202 	
5.24999370510992 	
5.24999540930169 	
7.87498793704097 	
5.9999918307639 	
6.24999273407093 	
6.99998794758043 	
2.74999830136284 	
7.43748913557476 	
2.99999808547909 	
8.6249832029685 	
7.49999168968463 	
7.24999098409636 	
3.74999720973299 	
8.24998765391685 	
1.99999966981956 	
4.99999312302388 	
8.99998622440305 	
4.6249929342793 	
9.74998443708479 	
8.24998616295468 	
2.99999852228959 	
7.37498818794029 	
8.62498370170575 	
0.999999365582363 	
1.99999909405555 	
3.99999819922694 	
5.99999218889602 	
5.37499135102262 	
3.49999812332951 	
6.12499245545465 	
6.87499120056076 	
9.24998797688514 	
4.99999606563288 	
5.37499518922438 	
6.74999359555082 	
3.49999816132328 	
7.74998639372848 	
5.87499226685283 	
5.24999438767866 	
5.24999516346313 	
5.68749413797018 	
6.18749176088701 	
9.24998504298418 	
6.49999083872745 	
6.87499130561139 	
6.24999452176495 	
4.74999690728464 	
8.49998603289634 	
0 	
5.74999230830595 	
3.99999794669626 	
7.19139906108525 	
1.99999966981956 	
5.49999463161454 	
1.99999906940444 	
0.999999955750158 	
1.93749879277252 	
5.73436731868862 	
3.49999736567325 	
4.45312059011712 	
1.87499898690288 	
1.99999909405555 	
3.99999515948288 	
6.99999091481342 	
2.7499984743092 	
10.2499850860983 	
5.49999522407518 	
3.24999737670962 	
4.49999637332233 	
7.3242098037778 	
5.62499132992816 	
7.24999172102491 	
5.37499499444709 	
4.99999474098135 	
4.499997247612 	
7.62498566969317 	
6.87499002927842 	
0 	
0 	
1.99999873116473 	
6.24999311196643 	
5.9999938614243 	
9.24998809852468 	
0 	
2.74999819733969 	
7.24999031720117 	
0.999999834909781 	
1.49999890936046 	
8.62498940472191 	
7.24999252586119 	
4.49999718183517 	
8.24998721824817 	
6.37499000862693 	
6.99999032320207 	
4.49999671482072 	
3.99999733513549 	
4.74999554635521 	
0.999999834909781 	
4.74999554635521 	
7.87498667424641 	
2.99999896115553 	
5.74999274023569 	
6.87498902570512 	
6.2499946104465 	
6.49999380593957 	
3.74999675158104 	
6.87498913127889 	
5.81249393974442 	
3.49999736567325 	
10.2499819111041 	
