0 	
0 	
0 	
0 	
0 	
0 	
0 	
0 	
0 	
0 	
0 	
0 	
0.999999955750158 	
0 	
0 	
0 	
0 	
0 	
0.999999674307175 	
0 	
0 	
0 	
0 	
0 	
0 	
0 	
0 	
0 	
0 	
1.99999842650009 	
2.99999836582323 	
0 	
0 	
5.87499134050808 	
0 	
2.99999815485688 	
0 	
0 	
0 	
3.49999794530501 	
0 	
0 	
0 	
0.999999834909781 	
0 	
0 	
5.87499134050808 	
0 	
0 	
0 	
0 	
0 	
0 	
5.9999943237543 	
0.999999874489039 	
0 	
0 	
0 	
3.9999962158362 	
0 	
0.999999674307175 	
0 	
0 	
0 	
0 	
0 	
0 	
0 	
0 	
0 	
0 	
0 	
0 	
3.99999697539197 	
0 	
3.99999755771237 	
0 	
0 	
0 	
0 	
0.999999955750158 	
0 	
0.999999703628503 	
1.99999842650009 	
0 	
0 	
0 	
0 	
0 	
0 	
0 	
5.87499134050808 	
0 	
0 	
2.99999836582323 	
4.22499296024083 	
0 	
0 	
0 	
0 	
3.99999697539197 	
0 	
0 	
0 	
0 	
0 	
5.87499134050808 	
1.99999877885619 	
0.999999834909781 	
