0.999999955750158 	
1.99999892320964 	
0 	
1.99999790895119 	
0.999999481250932 	
1.99999895379353 	
0 	
0.999999955750158 	
0 	
1.99999864104431 	
0.999999955750158 	
0.999999955750158 	
1.99999873116473 	
0 	
0 	
2.49999841878483 	
2.49999880926916 	
0 	
2.74999671571307 	
3.99999581790239 	
0 	
3.74999543798739 	
0 	
0 	
0.999999534702219 	
0 	
0 	
0 	
1.49999949753796 	
0 	
1.99999906940444 	
2.99999899349574 	
1.74999912020685 	
0 	
0 	
2.99999899349574 	
0 	
0.999999955750158 	
0 	
0 	
2.74999553270217 	
1.99999932899716 	
0 	
0 	
1.99999864104431 	
0.999999664498579 	
0 	
0 	
0.999999955750158 	
0 	
0.999999955750158 	
2.99999896115553 	
1.49999949753796 	
4.99999480377461 	
0 	
1.99999892320964 	
0 	
2.74999718873795 	
1.49999926114479 	
4.99999420287072 	
1.99999763864543 	
0.999999664498579 	
1.7499987902037 	
0.999999326122993 	
0 	
0 	
0.999999834909781 	
0 	
1.99999858228381 	
0 	
5.24999440633109 	
0 	
0 	
0 	
1.99999932899716 	
0 	
0 	
1.74999890877075 	
1.99999892320964 	
0 	
0 	
0 	
1.99999865224599 	
0 	
0.999999534702219 	
0 	
0.999999955750158 	
1.99999932899716 	
0.999999365582363 	
1.99999892320964 	
1.99999902037636 	
0 	
0 	
0.999999365582363 	
0 	
0 	
0 	
0 	
0.999999534702219 	
0 	
0 	
0 	
0 	
3.49999788281855 	
1.9999983690794 	
0 	
0.999999955750158 	
2.99999689482343 	
3.4999957748355 	
3.87499741744052 	
1.99999864104431 	
0 	
0 	
0 	
1.49999980424771 	
0 	
0 	
0.999999955750158 	
0.999999664498579 	
0 	
1.99999895379353 	
0 	
0.999999534702219 	
0 	
0 	
0.999999461604821 	
0 	
0 	
0 	
0.999999664498579 	
0 	
0 	
0 	
2.99999838481446 	
1.99999932899716 	
0 	
0 	
