5.16665756372243 	
7.33330914301545 	
2.91666382129879 	
6.09998736732214 	
6.83331324741835 	
6.20998873411875 	
6.41665925983594 	
4.66665184174626 	
5.41665280453789 	
8.13885924122688 	
7.49997225432231 	
5.66664682509312 	
5.97219974185708 	
7.83330836892077 	
6.16665103475237 	
7.13886370255767 	
8.16663449733813 	
6.41665925983594 	
5.49998194648506 	
6.33331405517691 	
6.66664273285657 	
4.66665184174626 	
9.1388529057198 	
6.83331324741835 	
6.47219529937766 	
7.08331538730494 	
7.16664720247974 	
5.58331882032377 	
6.40998296633617 	
4.33332209585631 	
6.472197035891 	
6.47219540196854 	
4.59999127309019 	
5.08332223463386 	
5.4722019602966 	
3.49999875930187 	
6.33331466412372 	
8.8333011640048 	
6.41664267517863 	
5.49999581716254 	
8.33330490513073 	
6.40998296633617 	
7.08331688706414 	
7.41664847580573 	
6.1388691300019 	
3.66665464648184 	
5.91665363778023 	
5.33331807388406 	
3.66666117540193 	
8.63885656001561 	
