2.74999889326537 	
0 	
2.99999806020817 	
0 	
0 	
0 	
2.49999892545067 	
0.999999358698125 	
0 	
0.999999075432228 	
2.49999853092383 	
1.74999903519047 	
0.999999674307175 	
0 	
1.4999989542961 	
0.999999834909781 	
2.49999868368493 	
0 	
0.999999674307175 	
0 	
0 	
1.49999980424771 	
0 	
0.999999632186113 	
0 	
0 	
0 	
1.99999882108138 	
0.999999674307175 	
0 	
3.74999699402152 	
2.49999936383076 	
1.49999955366899 	
0 	
0.999999834909781 	
0.999999632186113 	
1.499999440046 	
0 	
0 	
2.49999892545067 	
0.999999834909781 	
0.999999674307175 	
0.999999075432228 	
0.999999834909781 	
0 	
1.99999849709127 	
0 	
0 	
0.999999674307175 	
0 	
0 	
1.49999973592541 	
0.999999674307175 	
0 	
0 	
1.99999944585635 	
0 	
0.999999552828005 	
0.999999151454652 	
0 	
1.99999925212376 	
0 	
2.49999830091811 	
1.99999928958687 	
0.999999674307175 	
0 	
2.49999931067901 	
0.999999481250932 	
0.999999410540692 	
0 	
1.9999990475393 	
0.999999955750158 	
3.49999735026031 	
0.99999962606188 	
0.999999674307175 	
1.99999896250186 	
3.49999735026031 	
1.4999991831514 	
1.99999877993995 	
3.99999699418254 	
0.999999834909781 	
0 	
2.99999879975136 	
1.99999928958687 	
0.999999834909781 	
0 	
1.4999989542961 	
0.999999410540692 	
1.499999440046 	
0.999999358698125 	
0.999999288422125 	
0.99999962606188 	
0 	
2.49999802754249 	
0.999999955750158 	
0.999999075432228 	
1.74999891107388 	
1.99999849709127 	
2.49999718383047 	
0.99999962606188 	
3.49999767540645 	
0.99999962606188 	
0 	
0.999999151454652 	
0.999999834909781 	
0.999999481250932 	
0 	
0.999999674307175 	
0.999999685543246 	
2.99999806020817 	
