9.6388518069031 	
9.6388518069031 	
9.6388518069031 	
9.6388518069031 	
9.6388518069031 	
9.6388518069031 	
9.6388518069031 	
9.6388518069031 	
9.6388518069031 	
9.6388518069031 	
9.6388518069031 	
9.6388518069031 	
9.6388518069031 	
9.6388518069031 	
9.6388518069031 	
9.6388518069031 	
9.6388518069031 	
9.6388518069031 	
9.6388518069031 	
9.6388518069031 	
9.6388518069031 	
9.6388518069031 	
9.6388518069031 	
9.6388518069031 	
9.6388518069031 	
9.6388518069031 	
9.6388518069031 	
9.6388518069031 	
9.6388518069031 	
9.6388518069031 	
9.6388518069031 	
9.6388518069031 	
9.6388518069031 	
9.6388518069031 	
9.6388518069031 	
9.6388518069031 	
9.6388518069031 	
9.6388518069031 	
9.6388518069031 	
9.6388518069031 	
9.6388518069031 	
9.6388518069031 	
9.6388518069031 	
9.6388518069031 	
9.6388518069031 	
9.6388518069031 	
9.6388518069031 	
9.6388518069031 	
9.6388518069031 	
9.6388518069031 	
