0.999999851253459 	
1.4999991831514 	
0 	
1.49999876307492 	
10.3749747745781 	
0 	
1.49999959300891 	
5.99999270952679 	
9.37497625820182 	
9.49998298575594 	
4.22499195888732 	
5.8749909088775 	
5.8749909088775 	
7.87498548433156 	
5.8749898537785 	
7.49998947616434 	
4.2249906237804 	
2.99999770705536 	
10.3749702858353 	
0 	
0.999999674307175 	
0 	
0 	
9.37497761267987 	
4.224991273446 	
9.37497761267987 	
6.87498066379911 	
2.99999770705536 	
0 	
7.3749846812896 	
1.4999994342632 	
0 	
3.99999547563783 	
4.49999386943035 	
4.99999315947113 	
0 	
6.63040538817567 	
0 	
0 	
8.87498121498676 	
0.999999703628503 	
0.999999533150113 	
9.37497496631734 	
0 	
7.49998947616434 	
0 	
1.49999924937879 	
1.99999898629058 	
3.99999633121856 	
2.49999880487935 	
7.64061139104184 	
4.22499296024083 	
5.22498971904513 	
1.49999924937879 	
1.99999934861435 	
0.999999632186113 	
10.3749729711715 	
3.99999633121856 	
5.8749898537785 	
2.49999917739919 	
0 	
5.99999270952679 	
5.22498901627361 	
4.224991273446 	
8.8749825275532 	
1.49999924937879 	
7.87498685545035 	
3.49999601717724 	
1.49999980424771 	
9.37497496631734 	
10.3749739483286 	
9.37497496631734 	
1.4999994342632 	
0 	
4.99999409945442 	
1.99999926437223 	
12.3749647046096 	
0.999999632186113 	
4.4999959829412 	
0 	
6.99999351658298 	
0 	
4.22499218868159 	
0.999999625291197 	
0 	
1.99999806035426 	
0 	
0.999999703628503 	
5.49999317517726 	
0 	
0.999999632186113 	
7.49999123301004 	
6.99998381186147 	
10.3749728394022 	
10.3749739483286 	
10.3749704167004 	
0 	
4.224991273446 	
1.4999994342632 	
1.9999991944008 	
7.49998501856183 	
6.99998619534827 	
2.49999917739919 	
0.999999674307175 	
10.3749704549081 	
8.87497445147636 	
9.37497625820182 	
11.374966560891 	
9.37497625820182 	
2.99999815485688 	
0.999999834909781 	
4.224991273446 	
1.4999994342632 	
6.22498684283777 	
9.37497373448278 	
6.8749890229855 	
8.49998584005474 	
7.87497766141948 	
0.999999632186113 	
1.49999945202234 	
5.22498901627361 	
1.9999991944008 	
0 	
0 	
0 	
10.3749728394022 	
1.49999955366899 	
0.999999834909781 	
0 	
9.37497373448278 	
2.74999765163615 	
0 	
4.22499296024083 	
0.999999674307175 	
10.8749682787149 	
5.72498769883639 	
0.999999632186113 	
10.3749730740376 	
5.49999307712431 	
7.87497946649452 	
4.22499195888732 	
0 	
0.999999625291197 	
0 	
9.87497320379387 	
0 	
0 	
2.99999664352941 	
8.49998863423168 	
9.37497625820182 	
7.37498478121293 	
1.49999959300891 	
7.87498417538395 	
0 	
9.37497373448278 	
7.49999092142434 	
6.63040611195696 	
9.37497496631734 	
2.49999849379397 	
2.49999849379397 	
4.22499195888732 	
2.49999907915258 	
0 	
8.87498193570351 	
10.3749729711715 	
7.24998936842146 	
0 	
2.99999758474531 	
7.49999206458168 	
2.49999917739919 	
1.49999959300891 	
3.49999666971471 	
0.999999625291197 	
0.999999632186113 	
1.4999994342632 	
6.07185882779228 	
2.49999880487935 	
7.87497766141948 	
6.72498567758017 	
5.99999414302263 	
0 	
1.99999806035426 	
7.87498292905224 	
7.49998722663685 	
8.99998316489579 	
5.72498863295995 	
9.49997754059122 	
8.99998622348022 	
11.8749665566273 	
0.999999625291197 	
5.2249905614572 	
0.999999874489039 	
0 	
2.99999664352941 	
5.87499134050808 	
10.874971258387 	
8.49998098554137 	
0.999999481250932 	
1.99999750075051 	
0.999999955750158 	
7.49998787525908 	
