0 	
0 	
0 	
0.999999461604821 	
0.999999461604821 	
0.999999481250932 	
0 	
0 	
1.49999980424771 	
0 	
0 	
0.999999834909781 	
0 	
0 	
0 	
1.99999932899716 	
0 	
0 	
0 	
0.999999664498579 	
0 	
0.999999365582363 	
0 	
0 	
0 	
0.999999955750158 	
0 	
0 	
0 	
0 	
0.999999534702219 	
0 	
1.99999906940444 	
0 	
0 	
1.49999949753796 	
0 	
0 	
0.999999664498579 	
0.999999365582363 	
0 	
0 	
0 	
0 	
1.99999906940444 	
1.99999932899716 	
0 	
0.999999458764504 	
0 	
0 	
0.999999664498579 	
0 	
0 	
0 	
0 	
0 	
0.999999955750158 	
0 	
0.999999664498579 	
0 	
0 	
0 	
0 	
0 	
0 	
0 	
0 	
0 	
0 	
0 	
1.49999930449515 	
0 	
0 	
0 	
0 	
0 	
0 	
0 	
0.999999664498579 	
0 	
0.999999461604821 	
0 	
0 	
0 	
0 	
0 	
0 	
0.999999664498579 	
0.999999955750158 	
0 	
0 	
0 	
2.99999838481446 	
0 	
0 	
0.999999955750158 	
0 	
0 	
0 	
0 	
0 	
0 	
0 	
0 	
0 	
0 	
0 	
0 	
0.999999955750158 	
0 	
0.999999834909781 	
0 	
0 	
0 	
0 	
0 	
0 	
0 	
0.999999955750158 	
0 	
0 	
0.999999664498579 	
0 	
0 	
0 	
0 	
0.999999461604821 	
0.999999664498579 	
0 	
0 	
2.99999838481446 	
0 	
0 	
0.999999955750158 	
0.999999461604821 	
0 	
0.999999955750158 	
0.999999955750158 	
