2.99999834884249 	
0 	
0.999999518430837 	
1.49999911581104 	
1.99999944585635 	
0 	
1.99999818086963 	
1.99999885957907 	
0.999999481250932 	
2.66666467467269 	
3.49999675708995 	
2.74999823138821 	
0.999999632186113 	
1.4999991831514 	
2.99999769835075 	
1.99999890401956 	
2.99999858000972 	
1.99999896250186 	
1.99999877255857 	
0 	
1.49999955366899 	
2.49999811683676 	
0.999999632186113 	
4.99999394895227 	
2.99999833166541 	
2.4999980067143 	
3.74999637949617 	
1.49999929000486 	
1.49999860311264 	
1.99999910565601 	
0.999999674307175 	
1.99999877993995 	
0 	
0 	
1.99999926437222 	
0.999999288422124 	
3.99999619542357 	
0.99999962606188 	
0 	
0.999999674307175 	
2.99999838872301 	
2.49999931067901 	
0.999999834909781 	
0 	
0.999999151454652 	
0 	
1.74999802114021 	
0.99999962606188 	
0 	
3.49999716216327 	
1.99999934861435 	
2.99999858329022 	
1.99999937108649 	
1.99999928958687 	
0 	
1.99999871739625 	
0.99999962606188 	
0 	
0.999999481250932 	
3.49999710779926 	
3.49999793523234 	
1.99999882108138 	
2.99999807609438 	
2.74999860781876 	
0.999999481250932 	
1.4999989542961 	
2.99999665296252 	
1.99999928958687 	
0.999999674307175 	
0.999999358698125 	
1.49999973592541 	
4.99999513653922 	
0.99999962606188 	
0 	
2.49999842879065 	
1.49999929000486 	
3.99999581147918 	
2.99999756272817 	
0.999999674307175 	
0 	
1.49999879763474 	
1.99999764319358 	
0.999999410540692 	
1.4999991831514 	
2.49999840848296 	
0 	
0 	
1.99999910565601 	
0 	
1.74999785042716 	
3.49999781892323 	
3.49999714427124 	
1.99999829893459 	
0 	
0.999999243488919 	
2.74999816808164 	
3.49999756344111 	
0 	
3.49999855763678 	
1.99999966981956 	
0.999999632186113 	
0.99999985379626 	
1.99999890401956 	
0.999999834909781 	
2.9999989755954 	
3.24999730877474 	
0 	
0.99999962606188 	
0.999999410540692 	
2.74999788667356 	
