5.49999540652104 	
0.999999955750158 	
7.49999014153846 	
1.99999966981956 	
4.49999767085506 	
5.24999615206174 	
4.99999496335635 	
2.87499841732467 	
3.99999733513549 	
7.99998746620184 	
0 	
3.99999749869135 	
2.74999754163909 	
2.74999854038941 	
1.49999980424771 	
6.74999160583448 	
6.24998987069034 	
4.24999573296659 	
1.9687484233042 	
2.7499989252341 	
2.74999854038941 	
4.99999628482284 	
4.49999473204855 	
1.99999865224599 	
4.49999711574232 	
4.24999573296659 	
2.99999639185939 	
5.24999571540318 	
0 	
0 	
0.999999834909781 	
3.74999721212825 	
3.74999816191189 	
3.74999766668953 	
3.74999725557329 	
2.49999822650748 	
2.99999896115553 	
0 	
5.24999568848468 	
4.73437003603142 	
7.12498819358261 	
2.74999854038941 	
4.24999677637503 	
3.99999702371486 	
2.49999880926916 	
3.74999797298752 	
7.12498961364604 	
0 	
2.7499989252341 	
0 	
5.4999933459827 	
0 	
6.37499107637878 	
7.99999107409943 	
4.49999707169296 	
0.999999834909781 	
4.99999517986762 	
3.49999812332951 	
5.2499926241699 	
5.74999526544743 	
7.99999049971538 	
3.7499981619119 	
0.999999834909781 	
0 	
1.49999909440352 	
7.74998956248521 	
0.999999834909781 	
2.99999808547909 	
0 	
5.49999425225399 	
0.999999955750158 	
1.87499898690288 	
8.21874174699566 	
6.49999187144171 	
6.49999359853351 	
4.87499544786639 	
2.74999862595888 	
8.24998695442363 	
3.49999823731478 	
2.87499841732467 	
6.12499112534241 	
0 	
5.74999068773419 	
0 	
0.999999955750158 	
5.49999474773888 	
8.37498600501342 	
1.74999953715819 	
7.37498758414418 	
0.999999955750158 	
7.74999038027416 	
3.24999825653127 	
2.49999760690388 	
5.49999356145474 	
0.999999955750158 	
4.74999718574034 	
8.99998460018058 	
2.74999814763871 	
6.74998819521876 	
7.74998821261016 	
2.49999888266728 	
3.99999852774278 	
6.99999176653009 	
7.06249039898231 	
3.74999766668953 	
4.62499261119462 	
6.3749917241403 	
6.62499202003202 	
5.49999436880962 	
8.24998790266945 	
5.49999333191952 	
5.37499302674973 	
3.93749683596356 	
8.12498458350074 	
3.99999733513549 	
5.74999572687289 	
7.49998715753782 	
3.99999594941473 	
1.99999863237226 	
1.99999892320964 	
6.74998956557517 	
4.74999690728464 	
0 	
6.99999216422483 	
7.24998889545657 	
4.49999711574232 	
4.99999558616478 	
5.4999923613699 	
0 	
3.99999515948288 	
4.87499364861555 	
