4.74999554635521 	
2.49999888266728 	
4.49999769374395 	
5.49999540652104 	
7.99998819859797 	
8.49998976952333 	
6.49999228938946 	
8.1249884293353 	
3.49999785258738 	
7.99998996357725 	
3.49999736567325 	
6.62499177151416 	
6.49999269280046 	
0.999999955750158 	
3.74999826972216 	
0.999999834909781 	
5.87499455829877 	
3.24999804841631 	
0 	
7.24999037632876 	
7.7499888689703 	
5.74999338592096 	
7.12499190144542 	
3.74999804760928 	
8.62498616360447 	
4.499997247612 	
8.74998567997904 	
3.49999745720216 	
7.24998782537333 	
9.74998265530994 	
7.93748866093914 	
7.49999110461979 	
6.12499019329867 	
6.1249953855663 	
4.49999676551503 	
7.49999275556527 	
5.49999522407518 	
8.74998553633879 	
6.7187452387029 	
6.49999196116842 	
8.49998586480312 	
4.74999690025584 	
0.999999834909781 	
7.37498722492797 	
1.9687484233042 	
2.99999871558516 	
6.74999155563092 	
6.99999065741268 	
2.74999803535532 	
5.49999643603579 	
3.24999804841631 	
8.93748074173685 	
7.37498613289418 	
5.74999448450353 	
1.99999906940444 	
6.49998892246774 	
7.49999050723915 	
6.87498937592914 	
6.87499390123928 	
5.74999250581603 	
5.10936765981341 	
7.12498950624266 	
6.62499466919783 	
4.49999469608362 	
7.23436471330416 	
1.49999955366899 	
8.49998586873458 	
6.12499265225173 	
6.99999092259082 	
3.74999720973299 	
2.99999798246507 	
9.24998325430806 	
5.99999419614775 	
6.37498839559168 	
7.06249039898231 	
3.74999700121374 	
6.12499164907309 	
4.99999633134112 	
5.49999633299061 	
6.24999139708548 	
8.24999021246291 	
7.49998845208562 	
0.999999955750158 	
5.49999633299061 	
6.49998872145778 	
5.62499440296144 	
7.2499892752841 	
8.49998810885624 	
7.49998964778956 	
5.87499138116887 	
5.87499058181983 	
5.24999585287007 	
4.74999690728464 	
8.74998728627756 	
6.74999225081566 	
1.93749879277252 	
2.74999780467608 	
5.37499439119171 	
8.87498359251753 	
6.74998974629333 	
7.87499106618837 	
7.59373873459372 	
7.49998796582827 	
11.6249749046425 	
0.999999955750158 	
1.99999863237226 	
4.49999769374395 	
7.37499051084181 	
7.87498919317678 	
6.87498829456152 	
7.09374215267798 	
