0 	
0 	
0.999999674307175 	
0 	
0 	
0.999999674307175 	
0.999999632186113 	
0 	
6.87498250592525 	
0 	
4.99999543471516 	
0 	
4.49999613832269 	
7.87498548433156 	
0 	
6.99999317800804 	
3.9999962158362 	
3.99999609534842 	
0 	
6.87498197506544 	
5.8749909088775 	
1.4999994342632 	
6.99999351658298 	
4.99999316478175 	
3.99999755771237 	
0 	
0 	
0 	
0.999999533150113 	
6.99999317800804 	
0.999999674307175 	
0.999999674307175 	
0.999999703628503 	
0 	
4.22499296024083 	
0 	
5.8749909088775 	
1.9999991944008 	
1.49999924937879 	
0.999999703628503 	
4.22499296024083 	
3.99999685300019 	
5.49999449139819 	
0 	
0.999999674307175 	
5.8749898537785 	
7.87498268203271 	
3.99999547563783 	
0.999999674307175 	
4.99999224434354 	
8.49998415180022 	
4.49999438193295 	
4.99999382018573 	
10.3749722603719 	
2.99999770705536 	
0.999999674307175 	
1.99999898629058 	
3.49999666971471 	
6.99998619534827 	
3.9999962158362 	
0 	
5.49999391140661 	
0 	
1.49999945202234 	
0 	
0 	
1.49999959300891 	
0 	
0 	
6.87498066379911 	
7.49998787525908 	
4.9999950823787 	
0 	
3.99999609534842 	
3.99999609534842 	
6.87498699078044 	
0 	
0.999999874489039 	
7.49999306141681 	
5.99998821714434 	
0 	
0.999999674307175 	
6.87498022531466 	
1.49999980424771 	
4.9999953373746 	
7.49998787525908 	
3.99999609534842 	
0.999999674307175 	
0.999999703628503 	
5.22498893387696 	
10.3749743101241 	
5.49999391140661 	
7.49998787525908 	
7.49999120044777 	
0.999999674307175 	
0.999999533150113 	
0.999999632186113 	
5.8749898537785 	
2.99999708371643 	
5.87498884758599 	
2.99999815485688 	
6.87498066379911 	
0 	
0.999999703628503 	
4.99999316478175 	
0 	
6.99998777929331 	
3.49999794530501 	
6.87498745189989 	
4.49999536826582 	
0 	
2.49999746952262 	
1.9999991944008 	
0.999999834909781 	
3.99999609534842 	
8.87497599063686 	
0.999999703628503 	
0 	
8.4999864878827 	
0.999999955750158 	
3.99999685300019 	
1.49999980424771 	
2.99999815485688 	
5.22498893387696 	
1.99999932513795 	
0.999999874489039 	
0 	
10.3749704549081 	
0 	
0 	
1.49999955366899 	
0 	
0 	
5.8749898537785 	
6.99999131544579 	
0 	
1.9999991944008 	
0 	
0 	
5.72498831503955 	
0.999999632186113 	
1.4999994342632 	
0 	
0 	
5.8749898537785 	
0.999999632186113 	
3.99999609534842 	
0 	
0 	
0 	
7.87498548433156 	
3.99999609534842 	
5.87498769243142 	
0 	
0 	
0.999999481250932 	
0 	
0 	
1.49999959300891 	
0.999999874489039 	
7.49999306141681 	
0 	
4.2249906237804 	
0.999999674307175 	
0 	
0.999999481250932 	
5.87498859168878 	
0.999999703628503 	
0.999999674307175 	
0 	
0 	
5.99999414302263 	
5.8749909088775 	
5.8749909088775 	
5.8749898537785 	
5.87498683754679 	
0 	
1.49999959300891 	
1.49999945202234 	
0 	
0.999998861590163 	
0.999999481250932 	
0 	
0.999999874489039 	
10.3749730740376 	
2.99999664352941 	
7.49999029332935 	
6.87498197506544 	
1.99999804767421 	
0 	
0 	
4.49999386943035 	
0.999999674307175 	
0.999999703628503 	
1.49999959300891 	
0 	
8.4999882006215 	
0.999999834909781 	
4.9999919356312 	
4.224991273446 	
4.49999536826582 	
0 	
0.999999625291197 	
9.37497625820182 	
