3.66666021360104 	
5.33331866262892 	
5.49998844026243 	
6.24998202834018 	
6.3333144071304 	
3.6666551945501 	
1.74999938758003 	
5.9722009382373 	
6.63887143926413 	
5.416661273251 	
5.83331984011658 	
6.16665177779776 	
5.47220632401467 	
4.49999731655277 	
4.49999731655277 	
5.83331724507024 	
6.83331324741835 	
5.16665756372243 	
7.33331520838759 	
4.16665955137124 	
2.91666446826417 	
6.16665177779776 	
5.8333200786139 	
7.16664254079266 	
3.91665633086902 	
4.66665122313228 	
5.16665797583012 	
5.66665643894334 	
4.24999153667558 	
5.16665425681041 	
2.91666446826417 	
2.66666221335413 	
6.66665311033277 	
5.66664674674871 	
7.83330836892077 	
6.63887143926413 	
5.33331927236934 	
6.33331466412372 	
5.66665112431514 	
6.97220187282406 	
6.33331466412372 	
4.66665071501434 	
6.33331349175979 	
5.99999580307904 	
5.49998844026243 	
3.47221501874791 	
4.6666514072174 	
5.33331695680872 	
2.49999882311259 	
7.41664363681806 	
