7.83330920745934 	
8.0833126031308 	
6.83331208116236 	
9.6388518069031 	
8.0833126031308 	
8.97218514023644 	
8.13885741874724 	
9.1388529057198 	
6.33331275597222 	
9.6388518069031 	
7.83330920745934 	
7.83330920745934 	
8.1666372108499 	
7.83330920745934 	
7.91664840802037 	
6.97219456078808 	
8.63885656001561 	
7.1666417022541 	
6.33331356966935 	
8.13885741874724 	
8.97218514023644 	
8.13885924122688 	
7.13886414116199 	
6.09998675710618 	
8.63885656001561 	
8.63885656001561 	
7.83330836892077 	
8.13885741874724 	
8.63885769939843 	
8.63885656001561 	
6.83331324741835 	
8.13885741874724 	
8.63885656001561 	
8.0833126031308 	
7.91663858704127 	
8.63885769939843 	
8.63885656001561 	
8.33330627734152 	
9.6388518069031 	
8.63885769939843 	
6.33331275597222 	
7.83330920745934 	
8.63885656001561 	
8.63885656001561 	
8.13885924122688 	
7.47219257456022 	
7.33331038910021 	
7.97219049742334 	
7.1666420026201 	
9.33330100874379 	
