0 	
4.99999594115468 	
0 	
1.99999895379353 	
4.99999683756966 	
5.12499653444519 	
1.99999906940444 	
1.49999980424771 	
2.49999888266728 	
4.74999434488717 	
4.24999708462999 	
0.999999326122993 	
4.74999648970679 	
0 	
2.49999857268928 	
2.74999862595888 	
1.74999943565487 	
4.24999479810938 	
5.24999574158921 	
6.49999095027682 	
1.99999895379353 	
1.87499921541987 	
3.24999582895389 	
5.24999436365167 	
0 	
6.7499911865784 	
1.49999955366899 	
2.99999787342571 	
0 	
6.74999190332805 	
2.99999838481446 	
4.74999551265062 	
0 	
5.24999538955765 	
8.49998789239072 	
4.99999406119454 	
5.74999545951572 	
2.99999797836898 	
4.24999720955216 	
4.74999448106992 	
4.99999352728954 	
0.999999955750158 	
4.74999690728464 	
0 	
3.7499971598171 	
1.49999949753796 	
0 	
1.99999909405555 	
4.99999374135718 	
4.49999473204855 	
0.999999534702219 	
1.87499921541987 	
2.99999838481446 	
1.74999953715819 	
5.99999383074311 	
4.49999693130601 	
2.99999838481446 	
0 	
0 	
1.49999980424771 	
1.99999873116473 	
2.49999888266728 	
0 	
2.74999653472346 	
2.49999822650748 	
6.49999067861674 	
6.49999213302188 	
5.74999332928966 	
1.49999949753796 	
4.74999553987443 	
1.99999932899716 	
3.99999819922694 	
4.74999595525146 	
1.99999873116473 	
2.9999964933872 	
6.99999093172708 	
0 	
2.99999808547909 	
2.74999683577398 	
0.999999834909781 	
6.49999504835879 	
3.49999823731478 	
0 	
0.999999534702219 	
0 	
6.4999925376144 	
0 	
6.99999283385903 	
0.999999955750158 	
3.49999792148901 	
0.999999955750158 	
5.49999356812261 	
2.99999763182403 	
4.87499372014087 	
1.99999928403517 	
5.74999211069881 	
3.74999797298752 	
3.4999986734051 	
3.99999811576938 	
2.99999850100398 	
3.99999726897878 	
4.99999523712394 	
0.999999534702219 	
1.99999858228381 	
0.999999955750158 	
4.74999532074634 	
4.49999533466234 	
1.93749752633383 	
2.49999841878483 	
3.49999774389329 	
3.74999721212825 	
1.99999876141352 	
1.74999953715819 	
6.49999236229221 	
2.99999797836898 	
2.99999798246507 	
4.4999940909539 	
0.999999955750158 	
1.99999932899716 	
0.999999571102463 	
4.49999486064556 	
0 	
5.99999183313125 	
6.24999193819515 	
6.49999163356921 	
1.99999895379353 	
3.99999819922694 	
6.49999505922788 	
0.999999955750158 	
7.59373800608909 	
0.999999664498579 	
