1.99999644019786 	
1.66666566489548 	
3.66665983465539 	
3.95999338858045 	
3.66665853891548 	
3.66666035815284 	
1.66666565098251 	
2.66665933131446 	
2.91666397468413 	
3.33332986775684 	
5.33332233981166 	
3.49999302211483 	
3.16666199630325 	
3.33332597115545 	
4.49999731655277 	
3.99999140978412 	
2.9999940337788 	
2.79999763865417 	
4.49999054082271 	
4.49998785018807 	
2.99999109686969 	
3.66666070044546 	
3.66665959230756 	
3.99998991353411 	
4.74998895700771 	
2.99999277410897 	
5.16665103904754 	
3.66666117540193 	
3.99998991353411 	
4.66665389031502 	
3.66665706511267 	
0.999998186663276 	
3.33332962952597 	
1.99999554668747 	
4.66665792816384 	
5.41665378768757 	
2.4999991887336 	
4.9999899408872 	
2.66666310686453 	
4.33332443020301 	
4.66665539726004 	
4.66665579514603 	
2.79999728872613 	
2.33332909121437 	
1.49999955366899 	
4.66665151070005 	
4.33332305028861 	
5.16665723396493 	
5.16665756372243 	
3.666659867118 	
