9.1388529057198 	
8.63885656001561 	
9.6388518069031 	
9.6388518069031 	
9.6388518069031 	
9.6388518069031 	
8.63885656001561 	
9.6388518069031 	
9.6388518069031 	
8.13885924122688 	
8.63885656001561 	
8.63885656001561 	
8.63885656001561 	
8.97218514023644 	
9.6388518069031 	
8.83330387751658 	
9.6388518069031 	
8.63885656001561 	
7.83330836892077 	
7.90997754253984 	
8.63885656001561 	
8.63885769939843 	
8.0833126031308 	
9.6388518069031 	
8.13885924122688 	
7.83330836892077 	
9.1388529057198 	
8.63885656001561 	
8.97218514023644 	
8.63885656001561 	
7.90997754253984 	
7.90997754253984 	
9.6388518069031 	
9.1388529057198 	
8.83330387751658 	
8.63885656001561 	
9.1388529057198 	
9.6388518069031 	
9.6388518069031 	
8.13885924122688 	
8.83330387751658 	
8.63885656001561 	
8.63885656001561 	
7.83330836892077 	
9.33330100874379 	
9.6388518069031 	
7.83330836892077 	
8.97218514023644 	
9.1388529057198 	
8.97218514023644 	
