2.99999899507593 	
0 	
5.99999151317094 	
4.24999690982892 	
3.4999959397431 	
2.49999841878483 	
0 	
0.999999534702219 	
4.24999689750314 	
3.49999703637007 	
5.49999468814372 	
2.99999871558516 	
0 	
3.99999796732364 	
1.99999906940444 	
2.99999822825296 	
4.9999940377125 	
2.7499982559701 	
4.24999690982892 	
4.49999711574232 	
0 	
5.99999470472202 	
0 	
0 	
5.49999436875852 	
2.99999823364652 	
2.49999900890652 	
0.999999534702219 	
4.74999630415059 	
0 	
4.49999479634705 	
4.24999707888798 	
0 	
1.99999932899716 	
4.99999659268101 	
1.99999863237226 	
0 	
3.7499981619119 	
3.49999788281855 	
0.999999458764504 	
0.999999664498579 	
6.74999340091852 	
3.74999766668953 	
3.49999577110648 	
2.99999860410666 	
0 	
3.7499960797732 	
2.49999841878483 	
3.49999720095731 	
4.24999606826067 	
2.49999802520792 	
2.49999900890652 	
0.999999955750158 	
0.999999481250932 	
4.24999732405802 	
0 	
4.4999952783159 	
0.999999365582363 	
3.99999733513549 	
1.49999980424771 	
4.99999467818808 	
3.74999576900554 	
2.99999797836898 	
2.49999841878483 	
2.999998590577 	
5.49999340995917 	
5.99999129959494 	
1.99999892320964 	
1.99999864104431 	
1.99999906940444 	
1.99999895379353 	
1.99999906940444 	
2.7499989252341 	
0 	
5.74999338786132 	
0.999999955750158 	
2.87499841732467 	
3.4999986734051 	
0.999999534702219 	
0 	
1.49999980424771 	
2.49999803046948 	
4.49999538779075 	
3.99999852774278 	
6.49999032804521 	
5.99999350747168 	
0 	
0 	
6.49999258963417 	
1.99999909405555 	
3.49999610804042 	
0.999999664498579 	
0 	
3.49999774389329 	
4.49999734685228 	
0.999999955750158 	
2.99999896115553 	
4.99999370875341 	
1.99999892320964 	
3.74999529163865 	
2.74999794885605 	
1.99999864104431 	
0.999999365582363 	
1.49999980424771 	
0 	
1.99999902037636 	
4.24999689270325 	
4.9999942731451 	
3.49999788281855 	
1.74999917178357 	
2.74999819733969 	
2.7499984743092 	
5.99999241928 	
2.99999792922475 	
0 	
0 	
2.49999803046948 	
0 	
3.49999549611928 	
3.99999531901669 	
1.99999865224599 	
1.99999906940444 	
4.49999649209921 	
0 	
2.99999792922475 	
0 	
0 	
1.7499986831475 	
0.999999834909781 	
1.99999902037636 	
3.74999693673923 	
