7.74998879958692 	
1.9687484233042 	
7.87499024185011 	
5.99999346149783 	
4.74999673927606 	
6.87499159882189 	
8.62498305461494 	
8.74998567997903 	
6.31249432369769 	
4.49999560854646 	
1.99999863237226 	
8.43748609079909 	
9.74998106058238 	
7.49998958684329 	
4.49999510573381 	
8.62497907796081 	
2.99999896115553 	
8.49998614741537 	
5.74999518649779 	
9.18748510387495 	
7.87498810242908 	
4.49999767085506 	
8.12498430050145 	
9.62498275213242 	
10.1249841895199 	
0.999999955750158 	
8.43748487733358 	
11.6249776844782 	
6.62499517352395 	
4.49999560854646 	
9.49998593636582 	
10.7499797734644 	
3.99999750553161 	
7.49998982280911 	
4.74999673927606 	
10.2499794177357 	
10.6249793365243 	
0.999999834909781 	
7.96873671249863 	
7.12499119065548 	
8.99998826371129 	
6.40624370969569 	
9.37498425356909 	
8.49998777941633 	
7.12499070502624 	
10.5624781109835 	
4.49999510573381 	
7.2499898840441 	
7.87498796467315 	
9.99998504842625 	
9.62498233513498 	
9.37498248751711 	
7.94920807146434 	
4.74999614612738 	
9.74998033959726 	
8.24998833667323 	
10.1874799195051 	
8.51561686125667 	
8.99998463335887 	
9.8749786780539 	
11.1874743553473 	
8.99998200029476 	
8.16405514160579 	
10.7499797406664 	
6.35936818868309 	
7.49999054932819 	
4.45312059011712 	
3.9999976428777 	
7.9843614278405 	
5.49999486628972 	
7.87498810242908 	
5.49999425225399 	
10.499983511817 	
10.5624791273746 	
0.999999955750158 	
6.49999367572001 	
4.99999698263187 	
8.31248622829395 	
4.74999683755574 	
3.74999675158104 	
6.60936444457098 	
8.49998603401652 	
8.99998520363661 	
4.74999621492616 	
6.2499946104465 	
9.99998266436301 	
9.18748025164966 	
9.87497838038764 	
4.49999592108341 	
5.7499946302188 	
8.62498080414506 	
9.43748119544788 	
10.2499825789209 	
7.4999878202784 	
3.74999797298752 	
4.74999614612738 	
8.24998893736946 	
11.3749725974788 	
0.999999955750158 	
4.74999554635521 	
7.62498756959016 	
10.7499796697912 	
8.49998521470456 	
7.49998713460355 	
1.49999980424771 	
8.49998222265415 	
4.99999531687144 	
10.0624792487857 	
8.24998948635201 	
4.49999510573381 	
8.4374886165285 	
