3.99999736819899 	
0.999999834909781 	
1.9999991944008 	
0 	
0 	
5.8749898537785 	
5.72498775988124 	
9.37497496631734 	
1.49999924937879 	
7.37498678981061 	
4.22499296024083 	
0 	
0 	
0 	
5.72498775988124 	
7.37498371310395 	
8.49998664656204 	
7.49998722663685 	
1.49999924937879 	
0 	
1.99999934861435 	
6.87498066379911 	
0 	
1.9999991944008 	
1.4999991831514 	
0.999999674307175 	
0 	
7.37498570605292 	
0 	
1.99999904112638 	
1.49999832933329 	
6.49998577831821 	
7.49998787525908 	
10.3749729711715 	
4.2249906237804 	
5.22498893387696 	
5.22498901627361 	
4.2249906237804 	
1.49999959300891 	
6.87498250592525 	
3.99999513175121 	
7.49998576303908 	
1.99999896250186 	
0 	
6.87498250592525 	
0 	
1.99999926437223 	
9.37497625820182 	
6.99999317800804 	
7.49999029332935 	
0.999999834909781 	
4.99999382018573 	
0 	
1.4999994342632 	
0 	
4.49999613832269 	
0.999999632186113 	
0.999999874489039 	
0.999999625291197 	
6.87498699078044 	
5.87499134050808 	
8.49998292528231 	
4.22499296024083 	
0.999999632186113 	
7.87498044145187 	
0 	
9.37497625820182 	
0 	
0 	
4.22499218868159 	
4.2249906237804 	
10.8749695267909 	
0 	
4.224991273446 	
8.49998393192111 	
10.3749730740376 	
7.99999027895762 	
0.999999190685501 	
9.37497373448278 	
8.87497601863582 	
0.999999533150113 	
4.99999331879714 	
0 	
9.37497625820182 	
3.99999513749573 	
7.49998576303908 	
2.99999844332561 	
10.3749702858353 	
0 	
4.22499195888732 	
0 	
5.87498884758599 	
0 	
0 	
9.37497496631734 	
9.37497496631734 	
5.72498897438286 	
9.37497496631734 	
0.999999481250932 	
3.99999736819899 	
8.49998292528231 	
4.22499195888732 	
4.22499195888732 	
4.22499296024083 	
7.49998787525908 	
8.99998351936718 	
2.99999764887305 	
7.87498268203271 	
0 	
7.37498351537098 	
4.99999322727649 	
4.22499195888732 	
0.999999834909781 	
7.87498403291631 	
2.9999969051926 	
1.9999991944008 	
0.999999874489039 	
4.22499218868159 	
4.22499195888732 	
0 	
5.99999270952679 	
5.87499134050808 	
6.87498197506544 	
3.99999680930109 	
7.87498417538395 	
6.22498684283777 	
0.999999703628503 	
0.999999874489039 	
4.224991273446 	
7.49999001223002 	
3.99999468816034 	
10.3749722087282 	
0 	
7.87498292905224 	
0 	
0.999999703628503 	
6.99998893373558 	
0 	
0.999999703628503 	
5.87499134050808 	
2.49999931067901 	
7.49999193438279 	
3.99999547563783 	
6.99998794255458 	
0 	
8.49998098554136 	
10.3749704549081 	
7.49998722663685 	
0 	
7.37498478121293 	
0 	
7.49999029332935 	
9.3749725599356 	
6.87498250592525 	
0 	
1.99999966981956 	
0 	
0.999999481250932 	
9.37497625820182 	
0.999999674307175 	
4.224991273446 	
10.3749722603719 	
0 	
3.9999962915499 	
10.3749728394022 	
0.999999625291197 	
7.99998695053997 	
4.22499195888732 	
4.22499218868159 	
0 	
5.87499134050808 	
6.87498745189989 	
0.999999674307175 	
1.99999926437223 	
0.999999481250932 	
7.87498417538395 	
6.99999275631999 	
8.87497445147636 	
5.87498884758599 	
0 	
5.22498901627361 	
5.99999381038519 	
0.999999075432228 	
0.999999632186113 	
4.22499296024083 	
4.49999613832269 	
0.999999834909781 	
0.999999481250932 	
10.3749739483286 	
7.49998947616434 	
6.87498520821406 	
7.87498417538395 	
1.9999991944008 	
0 	
1.49999910692811 	
2.49999917739919 	
3.99999609534842 	
7.37498570605292 	
10.3749728394022 	
10.3749728394022 	
