8.63885656001561 	
6.33331295189699 	
8.97218514023644 	
7.13886414116199 	
8.63885769939843 	
6.9166470533894 	
8.63885656001561 	
7.63886306408913 	
7.97218989334894 	
7.40997851775506 	
7.83330920745934 	
5.66109560124879 	
5.58332122680361 	
8.83330387751658 	
7.13886149745863 	
8.63885769939843 	
6.83331208116236 	
7.24997746164073 	
7.33330939952324 	
7.16664254079266 	
5.33331750550283 	
8.63885769939843 	
6.83331324741835 	
8.63885769939843 	
8.97218514023644 	
8.97218514023644 	
8.83330387751658 	
6.97219456078808 	
7.13886370255767 	
7.41663924053491 	
8.63885769939843 	
6.97219456078808 	
8.33330627734152 	
8.63885769939843 	
6.09998675710618 	
7.63886192740757 	
8.33330490513073 	
7.47219257456022 	
7.63886212877925 	
6.09998736732214 	
7.41664047247792 	
7.97219049742334 	
6.41664872063828 	
6.47219483079197 	
7.13886370255767 	
6.83331208116236 	
6.66109338582064 	
7.63886212877925 	
8.83330387751658 	
6.63887063230348 	
