5.74999235242427 	
5.99999153744477 	
4.74999686425331 	
2.7499973616481 	
6.99999244184735 	
8.49998823517029 	
8.99998555645042 	
5.49999287682987 	
1.99999865224599 	
1.96874861299725 	
4.499997247612 	
3.74999652735265 	
4.24999606826067 	
2.74999854038941 	
4.24999499784855 	
3.99999794669626 	
0.999999458764504 	
4.99999356569115 	
4.74999673927606 	
2.49999880926916 	
1.49999980424771 	
0 	
2.99999838481446 	
6.12499445496421 	
0.999999834909781 	
5.37499518922438 	
6.62498924979948 	
6.49999149808178 	
3.74999720258904 	
3.74999797298752 	
3.49999823731478 	
0 	
4.49999739184545 	
4.49999739003551 	
2.49999832048613 	
4.99999355111736 	
0 	
3.99999470851197 	
5.74999518649779 	
3.9999954372463 	
5.62499325101663 	
5.99999349417639 	
4.74999690025584 	
0 	
5.24999450490641 	
1.49999980424771 	
3.99999743070202 	
4.9999946601349 	
5.9999935994369 	
7.62499009688319 	
0 	
0 	
1.99999928403517 	
3.49999780073316 	
0 	
4.74999602792234 	
6.87498980483737 	
4.99999531687144 	
0 	
5.74999332928966 	
4.24999689750314 	
3.49999853714684 	
6.37499128561553 	
1.49999955366899 	
3.7499977163905 	
0.999999955750158 	
2.7499986114942 	
5.49999356145474 	
1.99999932899716 	
2.49999802520792 	
0 	
2.99999808547909 	
7.24998971776229 	
2.99999899349574 	
2.49999931067901 	
6.99999064850295 	
2.49999818726856 	
3.99999520645278 	
7.37498874431758 	
0 	
4.24999438858529 	
4.24999708462999 	
4.8749963168058 	
1.74999943565487 	
6.24999150381415 	
3.62499737480106 	
3.99999852774278 	
3.74999773203736 	
1.49999980424771 	
6.74999255002392 	
0.999999955750158 	
3.74999693673923 	
2.49999857268928 	
0.999999834909781 	
4.24999311863493 	
2.49999794416527 	
7.49998839769288 	
6.99999291655132 	
6.74999109478576 	
0 	
4.49999467222852 	
6.37499295406129 	
1.49999890936046 	
2.74999780467608 	
2.7499989252341 	
1.96874861299725 	
4.8749963168058 	
0.999999955750158 	
4.99999413203263 	
1.99999928403517 	
6.49999380593957 	
5.74999317246542 	
3.74999780321994 	
6.99999170673308 	
2.99999850100398 	
4.49999560854646 	
2.99999792922475 	
5.99999204479964 	
0 	
5.74999393882211 	
0.999999955750158 	
1.74999912020685 	
2.49999880926916 	
2.74999780467608 	
0.999999955750158 	
6.74999052387274 	
5.24999585287007 	
1.74999953715819 	
0 	
3.49999610804042 	
6.49999257016399 	
6.74999301747424 	
3.49999610804042 	
5.84374155027061 	
0 	
4.87499497108222 	
2.49999870718043 	
4.74999686425331 	
1.99999932899716 	
1.9687484233042 	
5.99999442175978 	
0 	
5.59374416840121 	
4.74999640377051 	
6.2499921492055 	
1.74999912020685 	
3.74999773203736 	
2.87499841732467 	
0 	
3.37499783621744 	
6.49999257016399 	
1.99999966981956 	
2.49999880926916 	
0.999999834909781 	
5.74999486927003 	
7.62498917846776 	
0.999999955750158 	
3.99999702371486 	
3.49999736567325 	
7.49999020032873 	
0.999999955750158 	
3.74999756771048 	
0 	
7.74999019198142 	
4.24999677997408 	
4.74999602792234 	
0.999999955750158 	
4.24999720955216 	
0 	
3.49999788281855 	
5.99999437269515 	
2.99999792922475 	
1.74999953715819 	
0.999999955750158 	
4.49999637332233 	
6.99999247191691 	
3.49999815265509 	
5.49999620946819 	
7.49998839769288 	
5.4999927560034 	
1.99999906940444 	
3.49999703637007 	
6.24999014604161 	
3.7499977163905 	
3.4999959397431 	
2.49999900890652 	
3.49999812332951 	
1.49999980424771 	
4.49999473577756 	
3.74999770149029 	
5.46874362060351 	
6.99998939681538 	
6.2499911819868 	
4.99999364412834 	
6.37499262173067 	
5.4999933459827 	
4.74999449531403 	
1.87499921541987 	
5.7499933060211 	
7.74998863929853 	
0 	
3.9999976428777 	
4.49999671653739 	
0.999999834909781 	
6.93748804799799 	
0 	
1.74999953715819 	
2.49999900890652 	
5.74999486927003 	
2.74999862595888 	
0 	
5.37499440296144 	
3.49999577110648 	
5.87499372256895 	
0.999999834909781 	
6.18748845125208 	
3.99999750553161 	
2.49999857268928 	
6.37499107637878 	
0.999999834909781 	
1.99999865224599 	
2.7499989252341 	
6.49999124169466 	
0 	
4.74999427196302 	
4.99999606563288 	
6.49999252906468 	
5.24999538955765 	
4.99999364412834 	
3.99999733513549 	
0 	
