1.99999892320964 	
0 	
0 	
0 	
0.999999365582363 	
0.999999955750158 	
0 	
0 	
0 	
0 	
0.999999664498579 	
0 	
0 	
0 	
0 	
0 	
0 	
0.999999664498579 	
0 	
0 	
0 	
0 	
0 	
0 	
0 	
1.49999980424771 	
0 	
0 	
0 	
0.999999955750158 	
0 	
0 	
0.999998854741762 	
0 	
0 	
0 	
0 	
0 	
0.999999664498579 	
0 	
0 	
1.99999797174446 	
0 	
0.999999664498579 	
0 	
0 	
0 	
0 	
1.99999932899716 	
0 	
0 	
0 	
0 	
0.999999955750158 	
0.999999461604821 	
0.999999955750158 	
0 	
0.99999898587223 	
0 	
0 	
0 	
0.999999664498579 	
0 	
0 	
0 	
0 	
0 	
0 	
0.999999571102463 	
0.999999664498579 	
0 	
0 	
0.999999664498579 	
0 	
0 	
0 	
0 	
0 	
0 	
0 	
0 	
0 	
0 	
0.999999534702219 	
0 	
0 	
0.999999461604821 	
0.999999664498579 	
0 	
0 	
0.999999664498579 	
0 	
0 	
0 	
0 	
0 	
0 	
0 	
0 	
0 	
0 	
0 	
0 	
0 	
0 	
1.99999873116473 	
0.999999461604821 	
0 	
0 	
0 	
0 	
0 	
0 	
0 	
