5.31249536001209 	
3.49999720095731 	
2.99999792922475 	
0.999999955750158 	
0.999999955750158 	
3.49999635369458 	
0 	
1.49999949753796 	
3.74999780321994 	
0 	
0.999999955750158 	
4.49999475325674 	
5.49999314724556 	
1.99999932899716 	
4.4999976960255 	
1.87499921541987 	
3.99999520645278 	
1.9999983690794 	
0.999999955750158 	
0.999999365582363 	
0 	
0.999999955750158 	
3.12499669713775 	
0 	
2.49999841878483 	
0.999999955750158 	
0 	
0 	
0 	
0 	
1.49999980424771 	
0.999999571102463 	
0 	
1.49999980424771 	
0 	
1.87499912347269 	
0 	
0 	
2.49999859665474 	
2.99999872775946 	
0.999999534702219 	
0 	
1.99999902037636 	
1.74999890877075 	
0.999999834909781 	
0 	
0 	
0.999999955750158 	
0 	
2.74999854038941 	
4.74999686425332 	
0 	
0 	
2.99999689482343 	
2.49999687921995 	
0.999999955750158 	
4.49999479634705 	
0 	
1.99999932899716 	
1.99999906940444 	
0 	
0 	
5.2499951777614 	
2.999998590577 	
0 	
3.99999702371486 	
2.49999841878483 	
4.49999539067293 	
0.999999955750158 	
1.74999953715819 	
0 	
0.999999461604821 	
0.999999358698126 	
4.49999598001666 	
0 	
0.999999534702219 	
0 	
0 	
1.99999966981956 	
0.999999664498579 	
3.49999792148901 	
2.49999857268928 	
0 	
1.99999864104431 	
3.49999635369458 	
0.999999834909781 	
0.999999664498579 	
5.49999552436073 	
0.999999461604821 	
0.999999534702219 	
0.999999955750158 	
0 	
0 	
1.99999895379353 	
3.99999733513549 	
0 	
3.7499977163905 	
2.74999900670956 	
1.99999928403517 	
0.999999326122993 	
1.99999895379353 	
2.49999931067901 	
4.49999734685228 	
0.999999291141904 	
0 	
2.87499782838719 	
2.49999870718043 	
3.99999702371486 	
2.99999899349574 	
1.99999932899716 	
0 	
3.74999571070808 	
0 	
4.49999640583021 	
1.99999895379353 	
2.99999896115553 	
0 	
2.74999719620754 	
0 	
2.99999664029087 	
0 	
0 	
0 	
3.49999826920482 	
1.87499921541987 	
0.999999664498579 	
0.999998658614294 	
3.74999826972216 	
0 	
4.74999690728464 	
1.49999980424771 	
1.99999902037636 	
