2.74999726695012 	
0.999999632186113 	
4.16666303118118 	
3.99999687991168 	
1.99999872234057 	
0.999999632186113 	
2.49999868031027 	
2.4999965581494 	
0.999999481250932 	
2.4999971808943 	
0 	
1.49999902894885 	
2.99999676163154 	
1.99999871739625 	
2.49999755513376 	
2.49999892545067 	
2.49999877875087 	
3.24999743390059 	
0.999999674307175 	
1.99999857983407 	
3.49999703187155 	
1.99999838369295 	
0 	
1.99999934861435 	
2.49999836169689 	
1.99999740648902 	
0.999999288422124 	
3.49999833158347 	
3.49999624776776 	
2.99999798688977 	
1.99999928958687 	
3.49999678041146 	
0 	
1.49999876307492 	
0.999999410540692 	
3.49999781892323 	
0 	
2.99999675587681 	
3.49999828167426 	
2.49999621090924 	
1.49999945202234 	
0.999999632186113 	
3.49999786286343 	
1.49999859586134 	
2.9999980775029 	
1.99999839125118 	
2.49999842879065 	
0 	
2.99999676163154 	
3.74999717077372 	
2.49999818053189 	
2.99999833166541 	
0.999999481250932 	
0 	
2.99999673900363 	
3.99999564523104 	
2.99999663775874 	
0.999999674307175 	
1.74999864733229 	
3.99999573744662 	
1.99999857983407 	
0 	
0 	
2.99999704114586 	
2.49999840848296 	
1.9999981544939 	
3.49999710779926 	
1.49999830080934 	
0.999999288422124 	
4.99999568560083 	
0.999999488332764 	
3.49999795578439 	
0.999999077246953 	
2.49999818053189 	
0.999999358698125 	
1.99999877993995 	
0.999999151454652 	
4.49999569607155 	
1.49999956887986 	
2.99999833166541 	
2.49999868368493 	
3.74999716216326 	
0.999999151454652 	
0 	
2.99999769835075 	
1.99999875789179 	
2.49999811683676 	
0 	
0.999999552828005 	
4.49999537702893 	
0.999999459819545 	
1.99999890401956 	
4.99999413847418 	
2.99999827600869 	
1.99999877993995 	
1.99999928958687 	
0.999999552828006 	
1.99999890401956 	
0 	
0.999999288422124 	
1.99999803162609 	
0 	
3.74999653662207 	
2.49999875736744 	
1.49999876307492 	
1.49999929000486 	
0 	
2.99999664707612 	
1.49999819346348 	
2.99999661907937 	
