1.99999764319358 	
4.49999454376809 	
0.999999674307175 	
4.49999266300618 	
3.99999648381771 	
3.99999531579518 	
0.999999659358369 	
3.4999951527114 	
3.66666359748333 	
2.4999978508498 	
2.99999684218146 	
5.24999269416578 	
2.99999807609438 	
3.9999947755353 	
1.99999849709127 	
2.49999875736744 	
4.99999406959754 	
1.99999849709127 	
3.49999609116994 	
4.49999534102355 	
3.74999451620701 	
4.49999653184584 	
1.99999865937666 	
2.74999825663029 	
5.99999360002867 	
2.49999842879065 	
3.4999967064441 	
2.74999868578572 	
2.4999989594695 	
0 	
3.74999740660213 	
1.99999803162609 	
2.9999974866891 	
3.74999554269117 	
2.49999875736744 	
4.99999460193326 	
2.99999757564628 	
2.49999702538188 	
1.99999877993995 	
0.999999685543246 	
3.499997265785 	
2.99999705490359 	
0.999999834909781 	
0.999999552828005 	
2.49999933657743 	
6.49999164779964 	
0 	
2.4999969801509 	
6.99998900480465 	
4.49999402032087 	
1.99999782261552 	
0.99999962606188 	
1.49999955366899 	
3.49999719071467 	
4.99999537716113 	
2.4999989594695 	
3.99999549539391 	
1.74999903519047 	
3.9999967237292 	
2.99999798688977 	
5.99999306005283 	
2.99999665697288 	
0.999999410540692 	
2.99999812787327 	
4.24999572063887 	
0.999999410540692 	
0 	
3.99999603602466 	
4.99999580905498 	
0.999999481250932 	
2.49999868368493 	
3.99999687991167 	
5.49999481871476 	
4.99999586342033 	
0.999999459819545 	
0.999999552828006 	
2.99999752614984 	
3.49999767540646 	
1.99999761588545 	
3.74999637991943 	
0.99999962606188 	
0.999999288422124 	
0 	
0.999999358698125 	
2.99999833166541 	
2.99999711734673 	
2.49999842879065 	
3.49999624776776 	
3.99999587953838 	
3.49999642963801 	
2.99999733123374 	
5.49999416833125 	
3.74999680925233 	
1.99999803162609 	
6.49999329718819 	
3.49999805181025 	
6.49999019116754 	
1.99999871664579 	
2.74999868578572 	
3.49999772578288 	
5.49999569543826 	
4.49999567951884 	
0.999999674307175 	
3.99999757763828 	
0.999999674307175 	
3.99999857917373 	
1.99999890401956 	
2.49999836169689 	
3.99999689163894 	
1.99999877993995 	
