0 	
2.91666022794841 	
1.74999938758003 	
0.999999874489039 	
1.4999994342632 	
8.49998292528231 	
8.49998852440176 	
9.37497625820182 	
3.49999728264279 	
0.999999955750158 	
4.99999543471516 	
1.49999955366899 	
0 	
3.99999633121856 	
1.99999932513795 	
0.999999632186113 	
10.3749739483286 	
2.99999836582323 	
5.22498893387696 	
4.22499195888732 	
1.4999994342632 	
5.49999540143605 	
0 	
0 	
4.224991273446 	
9.37497625820182 	
0.999999625291197 	
0 	
8.37497506334813 	
0 	
0 	
3.9999961591368 	
1.4999994342632 	
6.87498797399271 	
0.999999632186113 	
0 	
0 	
4.22499195888732 	
1.99999932513795 	
0 	
0 	
1.99999804767421 	
1.99999804767421 	
7.87498548433156 	
6.87498607012791 	
7.49999029332935 	
0 	
6.22498684283777 	
0 	
3.99999736819899 	
3.99999680930109 	
0 	
2.99999770705536 	
1.99999932513795 	
0.999999674307175 	
4.99999116364196 	
0.999999481250932 	
0 	
7.87498292905224 	
1.49999955366899 	
0 	
0 	
6.74999167498098 	
0 	
0.999999874489039 	
0 	
1.4999991831514 	
3.49999728264279 	
0.999999674307175 	
6.99998893373558 	
5.22498972326587 	
0.999999703628503 	
7.99998592808408 	
1.49999924937879 	
1.4999994342632 	
8.49998012808122 	
0 	
7.49998787525908 	
7.49999029332935 	
1.99999934861435 	
10.3749722603719 	
0 	
5.87498884758599 	
1.49999924937879 	
0.999999955750158 	
1.99999934861435 	
0.999999625291197 	
0.999999632186113 	
2.99999815485688 	
0.999999874489039 	
1.99999934861435 	
0.999999834909781 	
0.999999955750158 	
0 	
5.8749898537785 	
9.37497761267987 	
7.87498417538395 	
5.99998999863958 	
0.999999674307175 	
5.87499134050808 	
7.49999049930129 	
0 	
0 	
3.99999547563783 	
3.99999633121856 	
0 	
11.3749655567104 	
6.22498684283777 	
9.37497373448278 	
0.999999674307175 	
0.999999955750158 	
2.99999815485688 	
7.8749849717811 	
2.49999880487935 	
0 	
0.999999874489039 	
0 	
3.9999961591368 	
0 	
5.99999527950028 	
8.49997933132469 	
0 	
4.49999633487444 	
0.999999703628503 	
1.99999966981956 	
0.999999481250932 	
0 	
2.99999731546149 	
0 	
8.49998393192111 	
0.999999955750158 	
5.99999527950028 	
6.22498610384425 	
1.9999991944008 	
8.8749825275532 	
6.87498197506544 	
7.87498548433156 	
0 	
9.37497761267987 	
0 	
0.999999703628503 	
0.999999874489039 	
7.87497979155477 	
2.49999840848296 	
1.9999991944008 	
5.49999278797461 	
9.37497625820182 	
0.999999834909781 	
0.999999834909781 	
9.37497496631734 	
4.22499296024083 	
9.37497373448278 	
10.3749728394022 	
0.999999481250932 	
4.22499218868159 	
0.999999632186113 	
4.22499296024083 	
3.99999680930109 	
6.74998653857393 	
9.37497761267987 	
5.99999270952679 	
0 	
5.87498884758599 	
7.87497766141948 	
7.49998947616434 	
7.87498160100742 	
7.3749861050108 	
7.49999120044777 	
0 	
8.49998012808122 	
8.49998012808122 	
1.49999924937879 	
3.49999666971471 	
9.37497625820182 	
8.87498121498676 	
0 	
1.99999804767421 	
3.49999556563401 	
2.49999917739919 	
0 	
5.49999391140661 	
9.37497625820182 	
2.99999770705536 	
0 	
10.874971258387 	
0.999999533150113 	
0 	
1.9999991944008 	
3.9999961591368 	
5.22498893387696 	
4.99999560102954 	
0 	
0 	
0 	
0 	
9.37497373448278 	
5.2249905614572 	
0 	
0 	
0 	
0 	
0 	
5.72498769883639 	
