0 	
0 	
0 	
0.999999834909781 	
0 	
0.999999518430837 	
0 	
0.999999358698125 	
0 	
0 	
0.999999659358369 	
0 	
0 	
0 	
0 	
0.99999962606188 	
0 	
0.999999955750158 	
1.49999980424771 	
0 	
0.99999962606188 	
0 	
0 	
0 	
0 	
0.999999685543246 	
0.999999410540692 	
0 	
1.49999955366899 	
0 	
0.999999834909781 	
0 	
0.999999834909781 	
0.999999410540692 	
0 	
0 	
0 	
0 	
0.999999955750158 	
0 	
0.99999962606188 	
1.9999990808059 	
0.999999955750158 	
0 	
0.999999685543246 	
0 	
0.99999985379626 	
0.99999962606188 	
0 	
0 	
0.999999955750158 	
0 	
2.7499989252341 	
0 	
0 	
0.99999985379626 	
0 	
0.999999834909781 	
0 	
1.9999990808059 	
0 	
0 	
0 	
0.99999985379626 	
0 	
0 	
0 	
0 	
0.999999685543246 	
0 	
0 	
0 	
0.999999955750158 	
0.99999962606188 	
0 	
0.999999685543246 	
0 	
0 	
1.99999966981956 	
0 	
0.999999834909781 	
0 	
0.99999962606188 	
1.49999980424771 	
0.99999985379626 	
0 	
0.999999481250932 	
0.999999955750158 	
0.999999674307175 	
0 	
0 	
0 	
0 	
0.99999985379626 	
0 	
0 	
0 	
0 	
0 	
0.99999985379626 	
0 	
0 	
0.999999552828006 	
0 	
0 	
0 	
0 	
0.99999962606188 	
0 	
0 	
0 	
0.999999834909781 	
0 	
0 	
0 	
