0 	
0.999999703628503 	
0 	
0.999999674307175 	
0 	
0.999999955750158 	
0.999999834909781 	
0.999999834909781 	
0 	
0.999999955750158 	
0 	
0 	
0 	
0.999999955750158 	
0.999999674307175 	
0 	
0.999999703628503 	
0 	
0.999999703628503 	
0 	
0.999999625291197 	
0.999999703628503 	
0 	
0.999999674307175 	
0.999999834909781 	
0.999999874489039 	
0 	
0 	
0.999999874489039 	
0 	
0.999999955750158 	
0.999999632186113 	
0 	
0 	
0.999999674307175 	
0 	
0 	
0 	
0.999999874489039 	
0.999999703628503 	
0 	
0.999999703628503 	
0 	
0.999999834909781 	
0 	
0 	
1.99999932513795 	
0 	
0 	
0 	
0.999999874489039 	
0 	
0.999999834909781 	
0.999999955750158 	
0.999999674307175 	
0.999999625291197 	
0.999999874489039 	
0 	
0.999999674307175 	
0.999999834909781 	
0 	
0.999999703628503 	
0.999999632186113 	
1.99999926437223 	
0 	
0.999999874489039 	
0.999999674307175 	
1.99999966981956 	
0 	
1.99999932513795 	
0.999999625291197 	
0 	
0 	
0.999999834909781 	
0 	
0 	
0.999999481250932 	
1.99999926437223 	
0 	
0.999999533150113 	
0 	
1.99999932513795 	
0 	
0.999999955750158 	
0.999999834909781 	
0.999999955750158 	
0 	
0 	
0 	
0.999999625291197 	
0 	
0 	
0 	
0.999999834909781 	
0 	
0 	
0.999999955750158 	
0 	
0.999999834909781 	
0 	
