0.999999632186113 	
0.999999955750158 	
0.999999955750158 	
0.999999874489039 	
2.99999844332561 	
0.999999874489039 	
0 	
0.999999703628503 	
0.999999674307175 	
0.999999703628503 	
1.99999926437223 	
0 	
1.9999991944008 	
0 	
0 	
0.999999703628503 	
0.999999955750158 	
0.999999674307175 	
0.999999834909781 	
1.99999966981956 	
0 	
0 	
1.99999925058239 	
1.99999932513795 	
0.999999955750158 	
1.99999926437223 	
1.99999932513795 	
1.9999991944008 	
0.999999632186113 	
0 	
1.99999932513795 	
0 	
0 	
1.9999991944008 	
0 	
1.99999934861435 	
0.999999834909781 	
1.9999991944008 	
0 	
0 	
0 	
0.999999632186113 	
0.999999632186113 	
0.999999481250932 	
2.99999876358006 	
0.999999703628503 	
0.999999703628503 	
0.999999481250932 	
0 	
0.999999874489039 	
0.999999632186113 	
1.99999932513795 	
0.999999834909781 	
0.999999955750158 	
0.999999632186113 	
0 	
1.99999932513795 	
0 	
0 	
0 	
0.999999632186113 	
0.999999632186113 	
0.999999632186113 	
2.99999844332561 	
2.99999854411498 	
0 	
0 	
1.9999991944008 	
0.999999955750158 	
0.999999625291197 	
1.99999932513795 	
0.999999625291197 	
0.999999625291197 	
0.999999632186113 	
0 	
1.99999966981956 	
0.999999955750158 	
2.99999844332561 	
0 	
0.999999874489039 	
1.99999966981956 	
0.999999632186113 	
0 	
0 	
0.999999632186113 	
0.999999625291197 	
1.9999991944008 	
0.999999703628503 	
0 	
0.999999703628503 	
0 	
0.999999533150113 	
0.999999632186113 	
0.999999632186113 	
0.999999955750158 	
1.99999874892738 	
1.9999991944008 	
0 	
0.999999703628503 	
1.99999934861435 	
