0 	
0.999999874489039 	
0 	
0.999999834909781 	
0 	
0 	
0 	
0 	
0.999999834909781 	
0.999999632186113 	
0 	
0 	
0 	
0.999999703628503 	
0.999999703628503 	
0 	
0.999999834909781 	
0 	
0.999999625291197 	
0 	
0 	
1.99999934861435 	
0 	
0.999999955750158 	
0 	
1.9999991944008 	
0.999999481250932 	
1.99999906630023 	
0 	
0.999999674307175 	
0.999999632186113 	
0 	
1.99999934861435 	
0 	
0 	
0.999999632186113 	
0 	
0 	
0.999999834909781 	
0.999999674307175 	
0 	
0 	
0.999999874489039 	
0.999999834909781 	
0 	
0.999999632186113 	
0 	
0 	
1.99999932513795 	
0 	
1.99999926437223 	
0 	
0.999999703628503 	
0.999999674307175 	
0.999999955750158 	
0 	
1.99999926437223 	
0.999999874489039 	
0.999999703628503 	
0 	
0 	
1.99999932513795 	
1.99999966981956 	
0.999999632186113 	
1.9999991944008 	
0 	
0 	
0.999999874489039 	
1.99999966981956 	
0 	
0 	
0 	
0 	
1.9999991944008 	
0 	
0.999999703628503 	
0 	
0 	
0.999999874489039 	
0 	
0.999999703628503 	
0.999999674307175 	
1.99999926437223 	
0.999999703628503 	
0 	
0.999999362001564 	
0.999999533150113 	
0.999999674307175 	
0.999999874489039 	
0.999999674307175 	
0 	
1.99999934861435 	
0 	
0 	
0.999999481250932 	
0.999999625291197 	
0 	
0 	
0.999999632186113 	
0 	
