0 	
1.99999932513795 	
0 	
1.9999991944008 	
0 	
0.999999625291197 	
0 	
1.9999991944008 	
0 	
0.999999955750158 	
0 	
1.99999932513795 	
0.999999625291197 	
0.999999703628503 	
0 	
0.999999674307175 	
0 	
2.99999854411498 	
0.999999703628503 	
0 	
0.999999834909781 	
3.99999809016588 	
0.999999632186113 	
0.999999625291197 	
1.99999904112638 	
0 	
1.99999904112638 	
0 	
0.999999674307175 	
0.999999674307175 	
1.9999991944008 	
0 	
0.999999674307175 	
0.999999674307175 	
0.999999703628503 	
0.999999625291197 	
1.99999896250186 	
1.99999932513795 	
0.999999874489039 	
0 	
0 	
0 	
2.9999984437528 	
0.999999625291197 	
1.99999932513795 	
0 	
0 	
0 	
0.999999358698125 	
2.99999876358006 	
1.99999932513795 	
0 	
0.999999834909781 	
0 	
0 	
0.999999632186113 	
0.999999358698125 	
0 	
0.999999674307175 	
0.999999674307175 	
0.999999703628503 	
0 	
0.999999834909781 	
1.99999932513795 	
0 	
0.999999481250932 	
1.99999874892738 	
0.999999955750158 	
0.999999874489039 	
1.99999904112638 	
0 	
0.999999874489039 	
0 	
0.999999632186113 	
0 	
0.999999834909781 	
0.999999703628503 	
2.99999844332561 	
1.99999926437223 	
0 	
0.999999703628503 	
1.99999932513795 	
1.99999932513795 	
0 	
0 	
0.999999955750158 	
0.999999874489039 	
1.99999932513795 	
0 	
0.999999834909781 	
0.999999533150113 	
1.99999932513795 	
0 	
0 	
0 	
0 	
0 	
0.999999834909781 	
0 	
0.999999703628503 	
