0 	
0 	
0.999999236133907 	
0 	
0.999999674307175 	
0 	
0 	
0 	
0 	
0 	
0 	
0 	
0 	
0.999999534702219 	
0 	
0 	
0 	
0 	
0 	
1.99999925667989 	
0 	
0 	
0 	
0 	
0 	
0.99999962606188 	
0 	
0.999999534702219 	
0.999999326122993 	
0.999999664498579 	
0 	
0 	
0 	
0 	
0 	
0 	
0 	
0 	
0 	
0 	
0 	
0 	
0.999999956897249 	
0.999999855520611 	
0 	
0 	
0.999999674307175 	
0.999999748813936 	
0 	
0 	
0 	
0 	
0 	
0.999999685543246 	
0 	
0 	
0 	
0 	
0 	
0 	
0 	
0 	
0 	
0.999999855520611 	
0 	
0 	
0.999999748813936 	
0 	
0.999999666544599 	
0 	
0 	
0 	
0 	
0 	
0 	
0 	
0 	
0 	
0 	
0 	
0 	
0 	
0 	
0 	
0 	
0 	
0 	
0.999999956897249 	
0 	
0.999999956897249 	
0 	
0 	
0 	
0.999999955750158 	
0.999999674307175 	
0 	
0.999999834909781 	
0 	
0 	
0 	
0 	
0 	
0.999999834909781 	
0 	
0 	
0 	
0 	
0 	
0 	
0.999999855520611 	
1.99999949762787 	
0 	
0 	
0 	
0 	
0 	
0 	
0 	
0 	
