4.24999239227251 	
3.99999547364193 	
3.99999291107113 	
3.49999557711438 	
7.24998094944598 	
6.99998409834534 	
2.99999591915284 	
6.49998313712614 	
0 	
5.12498639131147 	
2.49999664438726 	
5.9999900661748 	
5.99998735897472 	
8.74997384101745 	
7.687485328044 	
2.99999554179623 	
6.99999040438245 	
5.49999272976445 	
3.49999254961291 	
2.99999521785777 	
5.49998868807039 	
2.99999537517841 	
5.24998712898266 	
5.79165317897966 	
7.43747928298591 	
4.99999430466329 	
4.49998736468167 	
4.04165740720056 	
6.74998411092826 	
2.99999295304579 	
4.74999117446545 	
3.49999538120644 	
6.49998181940342 	
7.74997664963446 	
8.12498058924304 	
0.999999077246953 	
4.99999239427432 	
3.99998933323736 	
6.74998137136231 	
2.9999967008825 	
3.9999924294704 	
5.4999840068538 	
3.99999297942122 	
4.49999528326759 	
2.99999508021882 	
4.99999233874215 	
5.99998957921617 	
1.99999618868081 	
4.99999107404227 	
5.24998957760053 	
4.49999372646979 	
3.99999501894646 	
7.49997839671425 	
0.99999842181128 	
3.49999498103707 	
