3.99999405884837 	
2.49999765470631 	
6.86109609596054 	
2.9999955795009 	
7.49998681756819 	
0.999998364929023 	
1.9999966883887 	
1.74999891107388 	
2.99999578325273 	
1.74999707525997 	
2.99999856151005 	
4.74999130301091 	
2.99999544383203 	
4.49999338357277 	
1.99999815470708 	
0.999998593070407 	
0 	
6.74998500500408 	
0 	
2.49999615667465 	
0.999999391670172 	
0 	
3.49999597993724 	
1.99999717269665 	
4.49999660229774 	
3.74999521743065 	
2.99999702307481 	
5.99999269450467 	
2.99999502164429 	
6.24998377047933 	
0.999999632186113 	
1.99999703603142 	
3.99999517109096 	
4.49999438262596 	
3.49999665807174 	
0.999998773333598 	
0 	
0.999998586348325 	
2.49999576495564 	
1.49999830080934 	
2.74999409587518 	
2.99999433488766 	
1.9999976062915 	
2.99999621182001 	
0.999999151454652 	
3.7499927920235 	
0.999998750673143 	
2.99999470894424 	
2.99999645935635 	
3.99999552540952 	
3.24999381351196 	
4.7499933273129 	
3.74999163226274 	
2.99999192112848 	
7.99997934621241 	
0 	
3.49999598800066 	
2.7499950497284 	
0 	
3.49999324505136 	
2.9999962019519 	
0.999999151454652 	
2.49999526992063 	
3.99999299238078 	
4.99999085134601 	
3.9999933282632 	
3.9999960399097 	
2.99999333026629 	
2.74999726695012 	
2.49999629211521 	
1.99999728648345 	
4.49999240274786 	
1.99999717269665 	
2.99999633517364 	
0 	
2.99999644494622 	
3.99999443210295 	
0.999998545755693 	
0 	
3.99999300815334 	
1.99999651806315 	
3.5833267293299 	
1.99999681805302 	
1.99999817583236 	
3.24999466904807 	
3.99999402075413 	
3.49999207473795 	
5.99998263808615 	
3.99999390681162 	
3.99999331529561 	
4.49999515571966 	
4.99999513740992 	
3.91665752514371 	
2.49999577056167 	
1.9999981260745 	
7.34026162657105 	
3.99999527413263 	
4.12499735413239 	
2.49999741172187 	
0 	
4.49999396499932 	
5.41665873863618 	
0 	
4.99998930877043 	
6.74998142095203 	
2.99999543924653 	
4.99999296770741 	
3.99999458322414 	
3.49999441212744 	
0.999999151454652 	
