0.999999632186113 	
0 	
0 	
0 	
0.999999955750158 	
0.999999674307175 	
0 	
0 	
0.999999098665657 	
0.999999533150113 	
0 	
1.99999855607346 	
0 	
1.9999996737167 	
0.99999962606188 	
0 	
0 	
0 	
0 	
0 	
0 	
1.99999906940444 	
0.999999685543246 	
0.999999874489039 	
0 	
0.999999464071826 	
0 	
0 	
0.999998923078963 	
0 	
0 	
0 	
0.999999326122993 	
0.999999748813936 	
1.499999440046 	
0 	
0 	
0 	
0 	
0 	
0 	
0 	
1.49999859580474 	
0 	
0 	
0 	
0 	
0 	
0 	
0 	
0 	
0 	
0.999999632186113 	
0 	
1.4999991831514 	
1.49999955366899 	
0 	
0 	
0 	
0 	
0.99999962606188 	
0.999999391670172 	
0 	
0 	
0.999999442571257 	
0 	
0.999999748813936 	
1.49999956887986 	
0.999999685543246 	
0.999999391670172 	
0 	
0 	
0 	
0.999999748813936 	
0.999999685543246 	
0 	
0 	
0 	
0.999999410540692 	
0.999999666544599 	
0.999999834909781 	
0 	
0 	
0 	
0 	
0.999999151454652 	
0 	
0 	
0.999999834909781 	
0 	
0 	
0 	
0 	
0 	
0 	
0 	
0 	
0 	
0.99999962606188 	
0.999999955750158 	
0 	
0.999999955750158 	
0 	
0 	
0 	
0 	
0 	
0 	
0.999999956897249 	
0.999999834909781 	
0 	
1.49999929000486 	
0 	
0 	
0.999999674307175 	
0 	
0 	
0 	
0.999999834909781 	
0 	
0 	
