0.999998180265255 	
3.5833282378307 	
1.99999607924618 	
3.49999243686985 	
5.99999131489525 	
3.12499492093036 	
3.99999490356953 	
4.49999205713475 	
4.49999507002061 	
3.87499431321546 	
4.99999197779928 	
1.99999580708288 	
3.49999346325533 	
4.99999016790182 	
2.99999647620025 	
4.99999251429909 	
1.99999696255469 	
3.99998996684395 	
8.15970463911384 	
0.999999075311881 	
3.99999229328406 	
1.99999660910736 	
3.99999433577172 	
3.99999583079639 	
3.62499272203996 	
4.62498890701672 	
5.99998813492813 	
5.49998977425867 	
1.99999657906236 	
2.9999962019519 	
0.999998259031573 	
7.74998039599456 	
4.49999636133099 	
5.49998998942153 	
4.49999095907691 	
5.43748599711663 	
3.49999018229531 	
5.3124880435324 	
2.09374577715714 	
3.99999690177135 	
0.999998737786159 	
2.4999979703843 	
4.37499046843569 	
4.99999032239036 	
1.99999691164223 	
3.9999969127622 	
2.99999350784887 	
6.99998667880336 	
6.24998551650592 	
4.99998594821468 	
2.49999491568635 	
3.1249955437839 	
1.99999815086445 	
6.99998115355719 	
3.99999205880092 	
0.999998750673143 	
1.99999680837887 	
4.74999367748689 	
0.999998750673143 	
0.999998364929023 	
2.99999543924653 	
3.99999562763203 	
3.49999165296872 	
3.49999212940371 	
2.99999595179438 	
3.49999301435172 	
3.99999570703223 	
2.49999347932316 	
4.49999114984428 	
2.49999501141866 	
5.49998855201004 	
3.99999521042494 	
3.99999299238078 	
0 	
3.74999357442939 	
2.99999790325614 	
2.74999357663043 	
2.99999538798352 	
0.999998024564599 	
3.9999941472098 	
6.2499851269044 	
1.99999728648345 	
5.74998591659307 	
3.99999071114388 	
1.99999792717304 	
4.24999267038723 	
3.49999410407656 	
0.999998344194351 	
3.49999363000911 	
3.99999488831949 	
3.4999933039714 	
3.49999382458512 	
6.49998275768313 	
2.99999673900363 	
2.99999201502159 	
5.24998800156085 	
3.99999733497463 	
3.49999411163908 	
