0 	
0 	
0 	
0 	
0 	
0 	
0.99999985379626 	
0 	
0.999999664498579 	
1.9999996737167 	
0 	
0 	
0.999999956897249 	
0 	
0 	
0 	
0 	
1.99999971104122 	
0 	
0.999999464071826 	
0 	
0 	
0 	
0 	
0 	
0 	
0 	
0 	
0 	
0 	
0 	
0.999999674307175 	
0.999999855520611 	
0 	
0 	
0 	
0 	
0 	
0 	
0 	
0 	
0 	
0 	
0 	
0.999999666544599 	
0 	
0 	
0 	
0 	
0 	
0.999999326122993 	
0 	
0 	
0 	
0 	
0 	
0 	
0 	
0.999999956897249 	
0 	
0 	
0 	
0 	
0.999999664498579 	
0 	
0 	
0 	
0 	
0.999999685543246 	
0 	
0 	
0.99999985379626 	
0 	
0.999999464071826 	
0 	
0 	
0 	
0 	
0 	
0 	
0 	
0 	
0 	
0 	
0 	
0 	
0 	
0.999999674307175 	
0 	
0 	
0 	
0 	
0 	
0 	
0 	
0 	
0 	
0 	
0.999999748813936 	
1.49999956887986 	
0.999999748813936 	
0.99999985379626 	
0 	
0 	
0 	
0 	
0 	
0 	
0 	
0 	
0 	
0 	
0 	
0 	
0.999999748813936 	
