0 	
0 	
0 	
0 	
0 	
0 	
0 	
0 	
0 	
0.999999956897249 	
0 	
0 	
0 	
0 	
0.999999674307175 	
0 	
0 	
0 	
0 	
0 	
0.999999534702219 	
0 	
0 	
0 	
0 	
0 	
0 	
0 	
0 	
0 	
0 	
0.99999962606188 	
0 	
0 	
0 	
0 	
0 	
0.999999748813936 	
0 	
0 	
0 	
0.999999748813936 	
0 	
0 	
0 	
0 	
0 	
0 	
0 	
0 	
0 	
0 	
0 	
0.999999666544599 	
0 	
0 	
0 	
0 	
0 	
0 	
0 	
0 	
0 	
0.999999632186113 	
0 	
0 	
0 	
0 	
0 	
0.999999666544599 	
0.999999855520611 	
0 	
0.999999410540692 	
0.999999855520611 	
0 	
0 	
0 	
0 	
0 	
0 	
0 	
0 	
0 	
0 	
0 	
0 	
0 	
0 	
0 	
0.999999956897249 	
0 	
0.999999955750158 	
0 	
0 	
0.999999464071826 	
0 	
0 	
0.999999855520611 	
0 	
0 	
0 	
0 	
0.999999748813936 	
0 	
0 	
0 	
0 	
0 	
0 	
0.999999534702219 	
0 	
0 	
0 	
0 	
0 	
0 	
0 	
0 	
0.999999955750158 	
