0.999999674307175 	
0 	
1.99999881796869 	
0.999999151454652 	
0.999999075432228 	
0 	
0 	
3.49999757502939 	
0 	
0.999999358698125 	
0 	
0 	
1.49999690378532 	
0.999999098665657 	
0.999998977910281 	
0.999999552828006 	
1.9999989699658 	
2.99999687915 	
1.99999914416878 	
1.9999984012004 	
0.999999632186113 	
0.999998871804723 	
2.99999673900363 	
1.99999866748731 	
2.99999687915 	
0.999999481250932 	
0 	
0.999999834909781 	
0 	
1.99999815470708 	
1.99999867906581 	
2.99999643367757 	
0.999999632186113 	
0 	
0.999998977910281 	
0 	
0.999999748813936 	
2.49999822657131 	
1.49999784954583 	
0 	
1.99999763612432 	
2.49999822657131 	
2.49999722394328 	
0 	
1.4999989542961 	
0 	
0 	
0.999999666544599 	
0 	
0 	
2.99999661555476 	
0 	
0.999999358698125 	
1.99999725077657 	
2.99999836018268 	
0.999999391670172 	
0.999998154164247 	
1.99999717312936 	
0 	
0.999999151454652 	
0 	
1.99999722036555 	
1.99999689140866 	
3.49999810200761 	
3.49999477474627 	
0.999999533150113 	
1.99999840144513 	
2.49999663071733 	
0.999999098665657 	
1.99999756020363 	
0 	
0 	
0.999999481250932 	
0.999999362001564 	
2.49999657680294 	
0.999998445704329 	
0.999999391670172 	
1.99999817583236 	
1.99999925212376 	
0.999998905533304 	
1.74999891107388 	
1.99999823539067 	
1.99999896250186 	
1.49999888111502 	
1.99999914416878 	
0.999999533150113 	
1.49999876307492 	
4.49999222035003 	
1.99999651806315 	
0 	
1.99999773781891 	
2.99999692126419 	
2.99999823811123 	
2.49999660402056 	
0 	
0.999999151454652 	
2.99999836630281 	
0 	
1.49999860311264 	
2.99999646158308 	
0.999999288422124 	
2.99999585955267 	
1.99999925667989 	
0 	
3.99999589803017 	
3.4999953630447 	
1.99999756780734 	
0 	
4.49999335026562 	
1.99999853979656 	
1.49999859580474 	
0.999999358698125 	
0 	
0.999999151454652 	
0 	
