2.99999584525352 	
5.49998847185997 	
2.49999565666195 	
3.2499913069373 	
4.74999014693514 	
3.99999358962695 	
2.49999581911142 	
1.99999575371705 	
4.99998649007956 	
4.49999112066239 	
1.99999750075051 	
2.99999880819696 	
6.49998168221399 	
2.9999946984302 	
1.49999830080934 	
2.99999475332135 	
4.99999339117809 	
3.99999202338659 	
4.74998653549396 	
3.9999915218405 	
4.99999186681761 	
5.7499867368224 	
0.999998609333551 	
1.9999972186671 	
3.99999430144024 	
1.87499863382445 	
2.9999931875696 	
3.41665904710032 	
0.999998609333551 	
5.74998716990669 	
2.99999686857385 	
4.74999029778799 	
3.24999503085465 	
7.99998740927395 	
3.74999207876347 	
0.999999464071826 	
7.54164744910747 	
2.99999459446701 	
4.99999356400482 	
2.99999671659991 	
2.99999490937915 	
3.74999251078391 	
4.9166533494623 	
2.99999477895602 	
0.999998235070079 	
5.99998725909628 	
1.99999660910736 	
5.74998842860286 	
5.99998495152005 	
0.999998586348325 	
1.9999975621962 	
5.9999840667265 	
3.14582825602804 	
3.74999215034799 	
2.99999499621842 	
5.72915634209761 	
4.9999946871254 	
4.9999908211336 	
0.999999236133907 	
4.74998946826512 	
2.99999508390796 	
0.999998750375256 	
2.999996288588 	
2.49999577890702 	
5.49999092261421 	
1.99999896250186 	
4.49999245882448 	
1.9999959491885 	
2.49999479240785 	
3.24999470043932 	
3.99999290980212 	
3.9999953230032 	
1.99999726671771 	
3.999990943521 	
4.49999110365886 	
1.9999968125162 	
1.99999776270476 	
6.87498481691012 	
7.24998102551639 	
7.49998282519006 	
3.99998770209933 	
4.41665993438578 	
1.99999592331831 	
2.49999411431378 	
3.49999359834329 	
3.74999067174394 	
3.99999368528436 	
3.49999336106025 	
4.49999465062204 	
2.99999643367757 	
5.49998726604599 	
1.99999897990202 	
2.99999363431676 	
3.74999258600404 	
4.49999506215219 	
1.49999879763474 	
2.74999668150266 	
3.49999472560953 	
2.49999680483645 	
1.99999774360945 	
