3.9374951673798 	
0.999999464071826 	
2.99999666853035 	
0.999998750375256 	
0.999999481250932 	
1.99999896250186 	
3.49999582296784 	
3.49999609236531 	
3.49999811813192 	
4.41665843906827 	
0.999999748813936 	
2.49999750559695 	
1.99999827425585 	
1.99999849709127 	
1.99999733178842 	
0 	
3.87499315536936 	
1.99999776270476 	
0.999998905533304 	
3.49999178584885 	
0 	
1.49999945202234 	
0 	
1.999997880144 	
3.99999104340505 	
0.999998443885286 	
2.49999462392368 	
0 	
1.9999975621962 	
2.49999818053189 	
0 	
3.99999237691272 	
1.99999492719128 	
0.999999410540692 	
0.999999288422124 	
2.99999379714697 	
2.49999722394328 	
0.999999075432228 	
2.99999433216426 	
2.4999964717942 	
0 	
2.99999806020818 	
1.99999840144513 	
0.999999358698125 	
2.99999785779932 	
1.49999823220069 	
1.99999819733131 	
2.49999591176268 	
0.999999625291197 	
1.99999651806315 	
2.99999839338749 	
0.999999075432228 	
0.999998344194351 	
2.49999757045026 	
0.999999320815288 	
1.99999776270476 	
2.99999459915835 	
2.99999730188934 	
0.999999481250932 	
0 	
1.99999871739625 	
2.99999617594148 	
0.999999632186113 	
0.999999391670172 	
0.999998977910281 	
3.9999949593647 	
3.49999451896842 	
6.74998507924635 	
0.999999243488918 	
0.999999674307175 	
3.999996390958 	
2.99999489555981 	
0.99999866589421 	
2.99999652630214 	
0.999998991310193 	
0.999999236133907 	
3.49999586063465 	
0 	
0.999999358698125 	
1.99999897990202 	
1.99999815086445 	
0.999999236133907 	
0 	
2.49999615837115 	
0 	
1.99999756824792 	
0 	
3.31249297620721 	
0.999999236133907 	
0.999998991310193 	
4.4999921042333 	
1.99999580708288 	
2.99999413320451 	
3.93749469848521 	
0 	
0.999999077246953 	
1.49999945202234 	
0 	
4.4999896004697 	
0 	
2.99999772204389 	
0.999999391670172 	
3.49999621030572 	
0.999999464071826 	
1.99999882108138 	
0 	
0.999999464071826 	
2.99999686857385 	
4.24999503341536 	
0.999999288422124 	
2.99999645883975 	
