6.81248562165413 	
4.49999236045504 	
4.49999236045504 	
0 	
0 	
1.99999681805302 	
2.99999344300849 	
5.99998503351871 	
2.99999724337637 	
3.83331926544203 	
6.99998479663031 	
3.9999922634287 	
3.9999933565629 	
6.499987636964 	
5.99998703734722 	
2.49999581911141 	
5.49998944544781 	
4.99999175289205 	
5.49998789573069 	
7.24998089843699 	
2.99999420478189 	
1.9999969184546 	
6.74998812312245 	
7.99998476959976 	
3.49999292951116 	
6.62498506156358 	
3.49999613708807 	
2.99999414256562 	
4.99998881868067 	
3.99999726532276 	
3.99999133275462 	
6.49998652089239 	
4.83332011823921 	
3.12499177979035 	
3.12499177979035 	
4.99999304972174 	
6.4999877096886 	
5.99999000857268 	
9.74997889389874 	
1.99999726671771 	
4.43749153615979 	
4.99999095874694 	
2.49999657680294 	
3.99999228479241 	
8.99997318602796 	
4.99998967066754 	
7.49997618060754 	
2.87499344861165 	
3.49999425838725 	
3.99999282144969 	
