1.9999969184546 	
1.99999557674906 	
0.999998807942727 	
4.74998772628413 	
5.24998936832959 	
2.99999754412587 	
2.99999531255499 	
0.999998905533304 	
4.49999230305385 	
4.49999198955988 	
4.49999227851013 	
0.999998402331085 	
7.33331666594404 	
4.7499896533962 	
2.99999544500814 	
4.99999087935029 	
5.49998844200249 	
0.999999533150113 	
3.99999228958451 	
2.99999591431822 	
2.99999585955267 	
4.2499929078566 	
4.74998966841041 	
0 	
4.49999521276973 	
1.99999677127889 	
3.4999958391857 	
3.49999371601574 	
4.49999335185021 	
1.99999627312363 	
2.99999294029044 	
0.999997832257342 	
3.99999044631827 	
0 	
0.999998750375256 	
1.49999793618377 	
1.99999798262039 	
0.999999077246953 	
4.49999381087221 	
8.18748207848702 	
3.74999255549558 	
6.62498788517749 	
2.9999979085922 	
0.999998700638854 	
8.43748183048135 	
0.999998905533304 	
5.49999010428104 	
4.24999334257043 	
4.49999358575658 	
1.9999969184546 	
3.49999321764301 	
5.49998784943829 	
3.99999522152568 	
0 	
2.99999363431676 	
1.99999680027822 	
1.9999983029093 	
4.49999214182052 	
5.99998582816037 	
4.49999510850544 	
0.999998750375256 	
1.99999720545165 	
7.24998532190581 	
3.99999309781361 	
2.87499570993497 	
1.9999983029093 	
3.87499501083105 	
1.99999792052073 	
5.49999149548414 	
2.99999638478577 	
1.99999462299659 	
0.999999075432228 	
3.49999362821714 	
3.99999529633448 	
0.999999151454652 	
0 	
4.74999277820053 	
6.49998288607282 	
3.99999528638715 	
3.49999302909833 	
0.999998481277345 	
3.49999462738575 	
4.99998975958883 	
7.49998524561068 	
3.49999567583604 	
0 	
3.99999410581938 	
2.99999682386246 	
4.74999160768758 	
3.93748985301537 	
3.49999509512401 	
1.99999764319358 	
1.99999788265693 	
3.99999693081667 	
4.74999035503538 	
1.9999975466672 	
4.49999454753157 	
4.90623987124683 	
0.999999358698125 	
