0 	
0 	
0 	
0 	
0 	
0.999999746982215 	
0 	
0 	
0 	
0 	
0 	
0 	
0 	
0 	
0 	
0 	
0 	
0 	
0 	
1.49999980424771 	
0 	
0 	
0 	
0.999999480761448 	
0 	
0 	
0.999999625450423 	
0 	
0 	
0.999999687472308 	
0 	
0 	
0.999999746982215 	
0.999999955750158 	
0 	
0.999999746982215 	
0 	
0 	
0 	
0.999999625450423 	
0 	
0 	
1.74999899180553 	
0 	
1.99999949396443 	
0 	
0.999999955750158 	
0 	
0 	
1.49999980424771 	
1.49999943909282 	
0.999999625450423 	
0 	
0 	
0 	
0.999999480761447 	
2.9999977978603 	
1.99999935032798 	
0 	
0 	
0 	
0 	
1.99999925090085 	
0 	
0 	
0 	
0 	
0 	
0 	
0 	
0 	
2.49999927529708 	
0.999999955750158 	
0 	
1.99999925090085 	
1.99999925090085 	
0 	
2.99999860559658 	
0 	
2.49999927529708 	
0.999999955750158 	
0 	
0 	
0.999999746982215 	
0 	
0 	
0 	
0 	
0 	
0.999999625450423 	
0 	
0 	
0.999999552828006 	
0 	
0.999999685543246 	
1.49999929000486 	
0 	
3.49999777135591 	
0.999999746982215 	
0 	
0 	
0 	
0.999999632186113 	
0.999999746982215 	
1.49999861587043 	
0.999999625450423 	
1.49999959300891 	
0 	
0 	
0 	
0.999999544491357 	
0.999999746982215 	
0.999998923012306 	
0 	
0.99999985379626 	
0 	
0 	
0 	
0 	
0 	
0 	
0 	
0.999999955750158 	
0 	
0.99999985379626 	
0.999999746982215 	
0 	
0 	
0 	
0 	
0 	
0 	
0 	
0 	
0 	
0 	
0 	
0 	
0.999999552828006 	
0.999999955750158 	
0 	
0 	
0 	
0 	
0.999999746982215 	
0 	
0 	
0 	
0 	
0 	
0 	
0 	
0 	
0.999999625450423 	
0 	
0 	
0 	
0 	
0 	
0 	
0.999999364845566 	
0 	
0 	
0 	
0 	
0 	
1.49999959300891 	
0 	
0 	
0 	
0 	
0 	
0 	
1.99999868492212 	
0 	
0 	
0 	
0 	
0 	
0 	
0 	
1.49999980424771 	
0 	
0 	
1.99999949396443 	
0.999999533150113 	
0 	
0 	
0 	
0 	
0.999999364845566 	
0 	
0.999999364845566 	
1.49999946916253 	
0 	
2.74999889127347 	
0.999999502277286 	
0 	
0 	
0.99999985379626 	
