1.49999837099564 	
0 	
1.99999876578492 	
1.99999936370659 	
0.999999690865243 	
0.999999364845566 	
0 	
0.999999746982215 	
1.99999896152289 	
1.99999949396443 	
0 	
0 	
0 	
0 	
2.49999847483441 	
0 	
0.999999746982215 	
0 	
0 	
0.999999685442907 	
0.999999271778113 	
1.99999931263766 	
0 	
0 	
0 	
0 	
0 	
0 	
0 	
1.49999952831487 	
0 	
0 	
0 	
0 	
0 	
3.49999742564528 	
0 	
1.49999980424771 	
0 	
0 	
2.2499991836716 	
0.999999685442907 	
1.99999935938627 	
0 	
0 	
0 	
0 	
1.49999930885906 	
0 	
0 	
0.999999625450423 	
0 	
1.99999949311329 	
0.999999746982215 	
1.99999854355623 	
0.999999625450423 	
0 	
0.999999685543246 	
1.4999991831514 	
0.999999632186113 	
0.999999480761447 	
0 	
0 	
0 	
0 	
0 	
0 	
0 	
0 	
1.99999949396443 	
0 	
0.999999364845566 	
0 	
0.999999364845566 	
1.49999943909282 	
0 	
0 	
0 	
0 	
0 	
1.99999900794399 	
0 	
0 	
1.99999872969113 	
1.49999893263319 	
2.49999927529708 	
0 	
0 	
0 	
0 	
0.999999746982215 	
1.99999879489178 	
0 	
0 	
0 	
0 	
0.999999746982215 	
1.99999935032798 	
0.999999955750158 	
0.999999625450423 	
0.999999685543246 	
2.2499991836716 	
0 	
3.49999733800843 	
0 	
0 	
0 	
0.999999955750158 	
2.49999927529708 	
0 	
0 	
0 	
0.999999364845566 	
0.999999480761448 	
0 	
0 	
0 	
0.999999090522717 	
0 	
0.999999364845566 	
0 	
0.999999874489039 	
1.99999868409949 	
0 	
0 	
0.999999955750158 	
0 	
0.999999625450423 	
0 	
0 	
0.999999625450423 	
0 	
0.999999625450423 	
1.99999949396443 	
0.999999874489039 	
0 	
0 	
2.49999892615434 	
0 	
2.49999873902024 	
0 	
0 	
0 	
1.49999980424771 	
1.49999911581104 	
1.99999935032798 	
2.99999887818564 	
0 	
0 	
0.999999955750158 	
0.99999985379626 	
1.99999947878987 	
0 	
1.49999911581104 	
0 	
0.999999480761448 	
0 	
0 	
0 	
0 	
0 	
0.999999364845566 	
2.9999980945367 	
1.49999959300891 	
0.999999480761447 	
1.99999949396443 	
1.49999952831487 	
0 	
0 	
0 	
0 	
1.49999980424771 	
0 	
0 	
3.24999724696902 	
1.99999935032798 	
0 	
0 	
0 	
0 	
0.999999955750158 	
0 	
0 	
2.49999915018896 	
0.999999685442907 	
0 	
0 	
2.99999847837362 	
0 	
1.99999896152289 	
0 	
0.999999874489039 	
0 	
1.9999992858887 	
0 	
1.49999932924201 	
0 	
0 	
0 	
0 	
1.99999925090085 	
0 	
