0 	
0.999999271778113 	
0.999999271778113 	
0 	
2.49999892615434 	
1.99999893744791 	
0 	
2.49999883040822 	
0.999999410540692 	
1.99999815231109 	
1.99999896152289 	
0 	
0 	
0 	
1.49999943909282 	
0.99999962606188 	
0 	
0 	
0 	
2.99999860559658 	
0 	
0 	
0 	
1.49999893263319 	
0 	
0 	
0 	
0 	
0 	
1.99999896152289 	
1.49999980424771 	
0.999999480761447 	
0 	
2.49999812795715 	
0 	
0 	
0.999999379666689 	
2.41666548504735 	
0 	
1.99999852903456 	
0.99999985379626 	
1.4999987853828 	
0 	
0 	
0 	
0.999999685543246 	
1.49999980424771 	
1.49999926872835 	
0.999999625450423 	
0.999999364845566 	
0 	
0 	
0.999999690865243 	
1.99999854805305 	
0 	
0.999999410540692 	
0.999999364845566 	
1.49999973592541 	
0 	
0 	
0.999999955750158 	
1.49999973592541 	
0.999999746982215 	
1.49999973592541 	
0.999999552828006 	
0 	
0.99999985379626 	
0 	
0 	
0.999999480761448 	
0 	
0.999999685543246 	
2.49999841697894 	
1.99999872969113 	
1.99999896152289 	
0 	
0 	
0 	
1.99999899380846 	
0 	
2.49999923356956 	
0.999999685442907 	
0 	
0.999999746982215 	
0 	
0 	
1.99999854355623 	
2.49999852160309 	
0 	
0.999999410540692 	
0 	
1.99999949396443 	
3.99999667112811 	
0 	
0 	
0 	
1.74999920125546 	
0 	
1.99999902799006 	
0 	
