0 	
0 	
0 	
0 	
0 	
0 	
0 	
0 	
0 	
0 	
0 	
0 	
0.999999364845566 	
0 	
0 	
0 	
0.999999625450423 	
0 	
0 	
0 	
0 	
0 	
0 	
0 	
0 	
0 	
0 	
0 	
0 	
0 	
0 	
0.999999746982215 	
0 	
0 	
0.999999746982215 	
0 	
0.999999746982215 	
0 	
0 	
0 	
0 	
0 	
0 	
0 	
0 	
0 	
0 	
0 	
0 	
1.49999946916253 	
0 	
0 	
0 	
0 	
0 	
0 	
1.99999872969113 	
0 	
0 	
0 	
0 	
0 	
0 	
0 	
0.999999955750158 	
0 	
0 	
1.49999952831487 	
0 	
0 	
0 	
0.999999955750158 	
0.999999625450423 	
0 	
0.999999955750158 	
0 	
0 	
0 	
0 	
1.99999949396443 	
0 	
0 	
0 	
0 	
0.999999410540692 	
0 	
0.99999985379626 	
0 	
0 	
0 	
0.99999985379626 	
0 	
0 	
0 	
0 	
0 	
0 	
0 	
0.99999985379626 	
0 	
0 	
0 	
0 	
0 	
0 	
