1.99999935938627 	
2.49999785081078 	
0 	
0.999999874489039 	
1.74999920125546 	
0.999999746982215 	
0.999999632186113 	
0 	
1.49999959300891 	
0 	
1.99999925090085 	
0 	
1.49999932924201 	
1.99999800912044 	
0 	
0.999999625450423 	
1.99999854355623 	
0 	
0 	
1.99999872969113 	
2.74999776439604 	
0 	
2.41666493118595 	
3.99999690545198 	
0.999999685543246 	
2.49999927529708 	
0 	
2.49999927529708 	
1.99999854355623 	
0 	
0 	
1.74999953715819 	
0 	
0 	
0.999999480761447 	
0.999999480761447 	
2.74999889127347 	
0 	
0 	
2.41666505067853 	
3.49999750633489 	
0.999999625450423 	
0 	
3.62499757148906 	
0.999999685543246 	
0.999999480761447 	
0.999999480761448 	
0 	
2.74999889127347 	
0.999999502277286 	
1.99999902799006 	
0.999999364845566 	
2.24999763055273 	
3.2499980130992 	
0 	
0.999999552828006 	
4.12499669494816 	
1.99999949396443 	
0.99999985379626 	
3.49999682651277 	
2.99999813315186 	
1.99999857319771 	
0 	
1.99999925090085 	
0 	
0.999999271778113 	
0 	
0 	
1.49999952831487 	
1.99999854355623 	
0 	
2.49999813782426 	
1.99999936017171 	
1.99999935032798 	
2.2499991836716 	
0.999999552828006 	
1.49999932924201 	
0.999999685543246 	
2.74999889127347 	
1.99999776785478 	
0 	
0 	
0.999999685543246 	
0 	
1.99999849322372 	
1.49999926872835 	
3.24999825133204 	
0 	
0.999999271778113 	
2.49999915209531 	
3.49999749646778 	
0 	
0 	
2.2499991836716 	
0 	
2.24999854342328 	
1.74999953715819 	
0 	
2.49999870819152 	
1.99999925090085 	
