0 	
0 	
0 	
0 	
0 	
0 	
0.999999955750158 	
0.999999746982215 	
0 	
0 	
0.999999632186113 	
0 	
0 	
0 	
0 	
0 	
0 	
0 	
0 	
0 	
0 	
0.999999955750158 	
0 	
0 	
0 	
0.999999955750158 	
0 	
0 	
0 	
0 	
0.999999625450423 	
0.999999685543246 	
0 	
0 	
0 	
0 	
0 	
0 	
0 	
0.999999746982215 	
0 	
0 	
0.999999632186113 	
0 	
0 	
0 	
0 	
0 	
0 	
0.999999625450423 	
0 	
0 	
0 	
0 	
0 	
0 	
0 	
0 	
0 	
0 	
0 	
0 	
0 	
0 	
0 	
0 	
0.999999955750158 	
0 	
0 	
0 	
0 	
0.999999687472308 	
0 	
0 	
0 	
0 	
0 	
0 	
0 	
0.999999625450423 	
0 	
0 	
1.49999980424771 	
0 	
0.999999690865243 	
0 	
0 	
0.999999364845566 	
0 	
0 	
0 	
0 	
0 	
0 	
0 	
0 	
1.49999952831487 	
0 	
0 	
0 	
0.99999985379626 	
0 	
0.999999746982215 	
0.999999685442907 	
0 	
0 	
0 	
0 	
0 	
0 	
0 	
0.999999955750158 	
0 	
0 	
0 	
0 	
0.999999685442907 	
0 	
0 	
0 	
0 	
0 	
0 	
0 	
0 	
0 	
0 	
0 	
0 	
0 	
0.999999746982215 	
0 	
0 	
0 	
0 	
0 	
0 	
0 	
0 	
0 	
0 	
0.999999746982215 	
0 	
0 	
0 	
0 	
0 	
0.99999985379626 	
0 	
0.999999746982215 	
0 	
0.999999685543246 	
0 	
0 	
0 	
0 	
1.99999894918164 	
0 	
0.999999364845566 	
0 	
1.99999896152289 	
1.99999872969113 	
0 	
0 	
0 	
0 	
0 	
0 	
0 	
0.99999985379626 	
0 	
0 	
0 	
1.99999949396443 	
0 	
0 	
0.999999625450423 	
0 	
0.999999364845566 	
0 	
0 	
0.99999985379626 	
1.49999943909282 	
0 	
0 	
0 	
0 	
0 	
0 	
0 	
0 	
0.999999955750158 	
0 	
0.999999364845566 	
0.999999746982215 	
0 	
0 	
0 	
0 	
0 	
0 	
0 	
0 	
1.49999946916253 	
0 	
0 	
