0.999999632186113 	
0.999999955750158 	
0 	
0.999999481250932 	
0 	
1.99999854355623 	
0.999999834909781 	
0.999999834909781 	
0 	
1.99999926437223 	
0.999999632186113 	
0 	
1.99999934861435 	
0 	
3.99999720678024 	
0 	
2.74999815330529 	
0.999999955750158 	
1.99999926437223 	
4.62499319828899 	
0 	
0.999999632186113 	
3.99999720678024 	
0 	
0 	
0.999999955750158 	
3.49999779391191 	
1.99999926437223 	
0.999999151454652 	
3.99999687991168 	
1.99999887928238 	
0 	
1.4999991831514 	
1.99999918908834 	
2.99999745151624 	
1.99999896152289 	
0.999999674307175 	
0 	
3.99999619028261 	
0.999999151454652 	
1.49999980424771 	
0.999999834909781 	
0.999999674307175 	
3.49999508786942 	
0 	
0.999999632186113 	
1.99999900820924 	
2.99999836630281 	
2.99999781533434 	
0 	
1.99999918908834 	
0.999999151454652 	
0.999999151454652 	
0 	
0.999999674307175 	
0 	
5.12499557170526 	
0 	
0 	
0.999999674307175 	
0.999999834909781 	
0.999999674307175 	
0 	
0.999999834909781 	
0.999999632186113 	
0 	
1.74999891107388 	
0 	
0.999999151454652 	
0 	
0 	
3.99999633121856 	
0 	
0.999999632186113 	
3.74999601230337 	
1.99999828192451 	
0.999999834909781 	
0 	
2.99999889655834 	
0.999999834909781 	
1.99999871739625 	
0 	
3.99999695236828 	
2.99999890404468 	
2.99999817778914 	
0.999999632186113 	
0 	
0 	
1.99999871739625 	
0 	
0 	
0 	
2.99999855923089 	
0.999999632186113 	
1.99999896250186 	
0.999999674307175 	
0 	
4.74999595831562 	
2.9999980945367 	
0.999999703628503 	
