0.999999955750158 	
0 	
0 	
0 	
2.99999817778914 	
0.999999674307175 	
0 	
0 	
0.999999955750158 	
1.99999854355623 	
0 	
0 	
0.999999320815288 	
0.999999955750158 	
0.999999703628503 	
0 	
0 	
0 	
1.49999955366899 	
0 	
1.99999925090085 	
0 	
1.49999955366899 	
0 	
0 	
0 	
0 	
0 	
0.999999481250932 	
1.49999945202234 	
0 	
3.09374647569254 	
0 	
0 	
2.99999872598333 	
1.99999872969113 	
0 	
0 	
0 	
0 	
0.999999674307175 	
0.999999632186113 	
0.999999674307175 	
0 	
2.41666549643645 	
1.99999918908834 	
0 	
0 	
0 	
0 	
0.999999632186113 	
0 	
0 	
1.99999874987833 	
0.999999955750158 	
2.99999836630281 	
0 	
0.999999481250932 	
0 	
0.999999533150113 	
0 	
0 	
0 	
1.99999900820924 	
0 	
0 	
0 	
0.999999632186113 	
0.999999834909781 	
2.99999855923089 	
0 	
0 	
0 	
0 	
0.999999632186113 	
0.999999834909781 	
0 	
0.999999632186113 	
0 	
0 	
0.999999834909781 	
0 	
0.999999481250932 	
0 	
0 	
0 	
0 	
0 	
0 	
0 	
0.999999481250932 	
0 	
0.999999955750158 	
0 	
0.999999632186113 	
0.999999674307175 	
0 	
1.99999872969113 	
0 	
0 	
0 	
0 	
