0 	
0.999999632186113 	
0.999999632186113 	
0 	
0 	
1.99999896152289 	
0.999999874489039 	
0.999999481250932 	
0.999999834909781 	
0 	
0 	
2.9999979085922 	
0 	
1.74999890756746 	
2.49999882447257 	
0.999999481250932 	
3.91666123281214 	
4.41666127740947 	
0.999999481250932 	
0.999999151454652 	
1.49999945202234 	
0.999999358698125 	
0.999999674307175 	
0 	
1.99999926437223 	
0 	
1.99999868409949 	
0.999999834909781 	
0 	
0 	
0.999999674307175 	
1.99999896250186 	
0.999999834909781 	
0.999999674307175 	
0 	
0.999999834909781 	
0.999999834909781 	
0.999999955750158 	
0 	
0.999999674307175 	
1.99999840465054 	
0.999999834909781 	
0 	
0 	
0 	
0 	
0 	
0.999999834909781 	
1.99999935032798 	
1.49999876307492 	
0 	
2.74999873621326 	
1.99999935032798 	
1.4999989542961 	
3.41666411668171 	
0.999999955750158 	
0 	
0 	
0.999999674307175 	
1.99999934861435 	
2.99999836630281 	
0.999999625291197 	
0.999999481250932 	
0 	
0.999999955750158 	
0.999999632186113 	
4.24999667098919 	
0 	
0 	
1.99999854355623 	
0.999999075432228 	
0.999999632186113 	
0 	
0 	
0 	
0 	
4.99999660458382 	
0 	
2.99999817778914 	
0 	
2.99999844228434 	
0.999999625450423 	
1.99999934861435 	
0 	
1.99999872969113 	
3.62499751860365 	
0.999999358698125 	
0.999999481250932 	
1.49999955366899 	
1.9999991944008 	
0 	
0.999999674307175 	
1.99999872969113 	
0 	
0 	
2.83333024039194 	
0 	
1.99999846070846 	
0 	
3.99999788208931 	
