0 	
0.999999674307175 	
1.99999846070846 	
1.74999890756746 	
0 	
0 	
0.999999481250932 	
0.999999358698125 	
0.999999834909781 	
0 	
0.999999151454652 	
0.999999632186113 	
0.999999075432228 	
0.999999151454652 	
0.999999632186113 	
2.49999868701623 	
0 	
0 	
0 	
0 	
0.999999674307175 	
0.999999834909781 	
1.99999818104543 	
2.74999759530079 	
1.99999849322372 	
0 	
0 	
0 	
0.999999632186113 	
0.999999362001564 	
0.999999674307175 	
2.41666505837747 	
0 	
2.99999754788487 	
0.999999674307175 	
1.74999891107388 	
0.999999674307175 	
1.99999807596109 	
0 	
0.999999533150113 	
4.12499563224345 	
3.99999603556995 	
0 	
0 	
0 	
0 	
2.99999720622528 	
2.99999855923089 	
0.999999703628503 	
0.999999533150113 	
0 	
0.999999481250932 	
0.999999674307175 	
0 	
3.74999601230337 	
0.999999632186113 	
0.999999481250932 	
0.999999481250932 	
0 	
0 	
1.87499881589612 	
0.999999632186113 	
1.99999934861435 	
4.49999563508388 	
2.24999871399747 	
0 	
0 	
0 	
0.999999674307175 	
0.999999834909781 	
0 	
3.99999687991168 	
0.999999358698125 	
0 	
0 	
2.9999979085922 	
1.99999934861435 	
3.31249664365618 	
0.999999632186113 	
2.9999979085922 	
2.72916372886962 	
0.999999834909781 	
2.41666432871774 	
1.99999800312993 	
0 	
0.999999955750158 	
0 	
3.99999736277906 	
1.99999935032798 	
1.99999784602461 	
0.999998905533304 	
0 	
0.999999955750158 	
0.999999674307175 	
1.99999896250186 	
2.99999817778914 	
0 	
0 	
0 	
0 	
0 	
0.999999834909781 	
1.49999860311264 	
0.999999625291197 	
1.99999966981956 	
0 	
3.49999737141461 	
0 	
0 	
1.4999991831514 	
0.999999632186113 	
2.74999797201045 	
0 	
0.999999151454652 	
2.83333078669555 	
2.99999720622528 	
1.99999918908834 	
0.999999834909781 	
2.49999892545067 	
0 	
4.12499563224345 	
2.99999841113596 	
0 	
0 	
0 	
0.999999481250932 	
0.999999632186113 	
0 	
0.999999358698125 	
0.999999632186113 	
0.999999632186113 	
0 	
0 	
2.72916416317328 	
2.99999676903692 	
2.49999849379397 	
0 	
3.37499785192424 	
0 	
0.999999674307175 	
0 	
1.99999896152289 	
1.87499915466699 	
1.99999926437223 	
0 	
1.99999854355623 	
1.99999871739625 	
0.999999151454652 	
1.99999934861435 	
1.99999896152289 	
1.99999818104543 	
0 	
0 	
0.999999632186113 	
1.99999900820924 	
1.99999781106661 	
0.999998905533304 	
0.999999674307175 	
4.49999684789212 	
0.999999674307175 	
0 	
0 	
0.999999674307175 	
1.99999896250186 	
0.999999674307175 	
0 	
0.999999703628503 	
0 	
0.999999834909781 	
0 	
0 	
2.99999781533434 	
0 	
2.99999660161867 	
0 	
1.99999934861435 	
0.999999533150113 	
1.99999865872454 	
0 	
0 	
2.49999931067901 	
1.74999903519047 	
0.999999358698125 	
1.99999904112638 	
0.999999632186113 	
0.999999151454652 	
0.999999358698125 	
0.999999481250932 	
0 	
0 	
0 	
2.99999844228434 	
0 	
3.09374647569254 	
1.99999871739625 	
0.999999674307175 	
0 	
3.83332734067868 	
2.99999887635127 	
0.999999674307175 	
4.87499348116571 	
