0 	
1.99999871739625 	
2.99999590784052 	
2.49999840848296 	
1.99999896250186 	
0 	
0 	
2.49999875736744 	
0.999999481250932 	
0.999999358698125 	
2.41666466903027 	
0.999999481250932 	
0 	
1.99999871739625 	
2.49999875736744 	
3.12499833757579 	
0 	
0 	
1.99999871739625 	
0 	
0 	
0 	
0.999999481250932 	
0 	
0.999999358698125 	
0.999999834909781 	
0 	
0.999999358698125 	
0.999999674307175 	
1.99999871739625 	
0 	
0.999999674307175 	
0.999999834909781 	
0.999999481250932 	
1.99999818104543 	
2.74999839465536 	
1.99999934861435 	
1.74999864733229 	
4.87499467942036 	
0 	
0 	
3.31249527305215 	
0 	
3.31249598832212 	
0 	
0.999999674307175 	
0 	
0.999999632186113 	
0 	
0.999999151454652 	
2.99999855923089 	
2.49999875736744 	
1.99999854355623 	
0.999999955750158 	
0.999999674307175 	
2.49999845850451 	
2.99999745151624 	
3.99999582774631 	
0 	
4.74999505225142 	
0 	
0 	
0.999999834909781 	
0 	
0.999999632186113 	
1.9999991944008 	
1.99999871739625 	
3.87499723959595 	
2.99999902292153 	
1.4999991831514 	
0 	
0.999999834909781 	
2.9999980945367 	
0 	
0 	
3.99999720678024 	
0 	
0.999999834909781 	
4.87499467942036 	
0 	
0.999999834909781 	
0 	
0.999999834909781 	
0 	
0 	
1.99999896250186 	
2.99999746275688 	
0 	
0 	
0 	
0 	
0.999999834909781 	
2.99999752614984 	
0.999999481250932 	
0.999999151454652 	
1.99999966981956 	
1.99999872969113 	
0 	
0.999999358698125 	
0.999999481250932 	
