0 	
0 	
0.999999674307175 	
0 	
0 	
2.9999980945367 	
0 	
0.999999834909781 	
0.999999955750158 	
1.99999918908834 	
0 	
0.999999955750158 	
0 	
0 	
0 	
0.999999746982215 	
0 	
1.99999872969113 	
0 	
0 	
0 	
0 	
0 	
0 	
0 	
0 	
0 	
0 	
0.999999955750158 	
0 	
0 	
0 	
0 	
0 	
0.999999834909781 	
0 	
0.999999674307175 	
0 	
0 	
0 	
0 	
0 	
0 	
0.999999955750158 	
0.999999674307175 	
0 	
0 	
0 	
0 	
0 	
0 	
0 	
0 	
0.999999481250932 	
1.49999955366899 	
0 	
0 	
0 	
0 	
0 	
0 	
0 	
0 	
0 	
0 	
0 	
1.99999918908834 	
0 	
0.999999955750158 	
0 	
0 	
0 	
0.999999834909781 	
0 	
0 	
0 	
0.999999632186113 	
0.999999834909781 	
0 	
0 	
0 	
0 	
0 	
0 	
0 	
0 	
0 	
0 	
0.999999834909781 	
0 	
0 	
0.999999834909781 	
0.999999674307175 	
0 	
0 	
0 	
0 	
0 	
2.99999887635127 	
0.999999955750158 	
0.999999674307175 	
0 	
0 	
0 	
