0 	
0 	
0 	
2.20833198067495 	
0 	
0 	
0.999999834909781 	
0 	
0 	
0 	
0.999999632186113 	
0 	
0 	
0 	
0 	
0 	
0 	
0.999999746982215 	
0.999999674307175 	
0.999999075432228 	
0 	
0 	
0 	
0 	
0 	
0 	
0 	
0 	
0 	
0 	
0.999999481250932 	
0 	
0 	
0 	
1.99999894104466 	
0 	
0 	
1.99999896152289 	
0 	
1.99999872969113 	
0 	
0 	
0 	
0.999999834909781 	
0 	
0 	
0 	
0 	
0 	
0 	
0.999999632186113 	
0.999999674307175 	
0 	
0 	
0 	
0 	
0 	
0 	
0 	
0.999999632186113 	
0 	
0 	
0 	
1.99999896152289 	
0.999999674307175 	
0 	
0.999999674307175 	
0 	
0 	
0 	
1.99999896152289 	
0 	
0 	
0 	
0 	
0 	
0.999999834909781 	
0 	
0 	
0 	
0 	
0 	
0 	
1.49999955366899 	
0 	
0 	
0 	
0.999999632186113 	
0.999999480761447 	
0.999999834909781 	
0.999999955750158 	
0 	
0.999999625450423 	
0.999999834909781 	
0.999999834909781 	
0 	
0 	
1.99999966981956 	
1.99999925090085 	
0.999999955750158 	
1.99999925090085 	
