0 	
0 	
0 	
1.49999955366899 	
2.99999872598333 	
0 	
0.999999632186113 	
1.99999900820924 	
0.999999834909781 	
4.4999966005373 	
0.999999632186113 	
0 	
0 	
0 	
0 	
0 	
0.999999632186113 	
0.999999481250932 	
0.999999480761447 	
0.999999481250932 	
0 	
0 	
0 	
0 	
0 	
0 	
0.999999632186113 	
0 	
0 	
0 	
0 	
0 	
0.999999632186113 	
0 	
0.999999632186113 	
0.999999834909781 	
0 	
0 	
2.99999887635127 	
0.999999151454652 	
0.999999625291197 	
0 	
1.99999935032798 	
0 	
0 	
1.99999949396443 	
0.999999151454652 	
0 	
0 	
0 	
0 	
0.999999834909781 	
1.49999945202234 	
1.99999816560928 	
0.999999674307175 	
0 	
0 	
0 	
0 	
0 	
0 	
0 	
0 	
0 	
0.999999674307175 	
0 	
0.999999481250932 	
0 	
0 	
0.999999674307175 	
1.99999818104543 	
0 	
0 	
0 	
0.999999481250932 	
0.999999358698125 	
0.999999834909781 	
0 	
0.999999625450423 	
0 	
0.999999674307175 	
0 	
0 	
0 	
0 	
1.99999896152289 	
1.4999989542961 	
0.999999674307175 	
0.999999632186113 	
0.999999674307175 	
0 	
0.999999674307175 	
0 	
2.99999887635127 	
0.999999632186113 	
2.99999855923089 	
0 	
0.999999834909781 	
1.99999926437223 	
0.999999955750158 	
0.999999834909781 	
