1.74999903519047 	
2.49999931067901 	
5.99999406691598 	
3.99999684441715 	
4.74999467306 	
0 	
3.49999605368857 	
2.99999643466591 	
1.74999938758003 	
2.99999759120835 	
1.4999989542961 	
4.74999691902283 	
2.4999972404062 	
0 	
1.99999896250186 	
2.99999895380229 	
2.99999895380229 	
2.99999857011487 	
1.99999937108649 	
0 	
0 	
2.99999846823145 	
1.99999910565601 	
4.66665943477194 	
1.99999937108649 	
0.999999481250932 	
1.49999830080934 	
1.99999853570796 	
3.49999826699734 	
0.999999834909781 	
0.999999834909781 	
3.49999710188591 	
2.99999726132073 	
0 	
3.99999620317569 	
2.99999741740124 	
1.99999853570796 	
0 	
0 	
0 	
3.99999729672148 	
2.9999984437528 	
3.74999545062969 	
1.74999938758003 	
2.99999820959017 	
1.99999853570796 	
4.49999562534467 	
2.99999741740124 	
0.999999955750158 	
2.99999890404468 	
2.99999726132073 	
2.49999892545067 	
2.99999797290209 	
3.99999620317569 	
2.99999682540789 	
2.99999797290209 	
2.99999902292153 	
0.999999151454652 	
2.99999902292153 	
1.99999842241134 	
0 	
0.999999271778113 	
0 	
0 	
5.24999509700216 	
0 	
1.99999810182898 	
2.99999726132073 	
1.4999991831514 	
2.99999682540789 	
4.99999511026751 	
0 	
1.99999816560928 	
1.74999938758003 	
3.99999562213321 	
0 	
2.99999857011487 	
4.99999406837476 	
4.99999594058535 	
0.999999481250932 	
2.99999846823145 	
0 	
2.49999931067901 	
0 	
0 	
0 	
1.99999925212376 	
3.99999663097204 	
3.49999826699734 	
3.99999780803911 	
0 	
1.99999937108649 	
3.74999804944191 	
0 	
0.999999955750158 	
0 	
0 	
1.99999910565601 	
1.99999926437223 	
1.99999812706581 	
2.99999741740124 	
2.49999931067901 	
0 	
0 	
1.99999896596004 	
0 	
1.99999896250186 	
2.99999684174833 	
1.99999842241134 	
2.99999759120835 	
3.99999729672148 	
2.99999726132073 	
2.49999760690388 	
2.99999820959017 	
2.99999726132073 	
1.99999744871148 	
2.74999825663029 	
5.49999348188346 	
3.24999836234866 	
1.99999889527422 	
4.49999468353145 	
2.99999846823145 	
0 	
3.99999663097204 	
0 	
2.99999741740124 	
2.99999587236755 	
0 	
1.99999937108649 	
0.999999674307175 	
0.999999632186113 	
2.99999846823145 	
1.99999910565601 	
3.49999677604913 	
1.99999937108649 	
1.99999853570796 	
3.49999826699734 	
0 	
4.49999513383831 	
0 	
1.99999889527422 	
1.74999903519047 	
3.41666145630875 	
2.99999890404468 	
1.99999853570796 	
2.99999759120835 	
0.999999834909781 	
0.999999271778113 	
2.99999820959017 	
3.99999604640137 	
0 	
1.49999980424771 	
2.99999836630281 	
2.99999703121867 	
1.99999812706581 	
1.99999934861435 	
3.24999783091737 	
0.999999632186113 	
0.999999834909781 	
1.99999934861435 	
0 	
2.99999726132073 	
4.24999680706205 	
1.99999925212376 	
1.74999891107388 	
4.99999543092963 	
1.99999925212376 	
0 	
0 	
3.99999663097204 	
0.999999834909781 	
2.99999911337028 	
1.99999853570796 	
5.77082507736324 	
1.99999925212376 	
0.999999955750158 	
2.99999911337028 	
3.62499744167809 	
1.4999991831514 	
0.999999674307175 	
3.7499958785104 	
0 	
2.49999931067901 	
3.99999620317569 	
2.99999846823145 	
3.74999636570373 	
1.4999989542961 	
2.99999671659991 	
3.74999699402152 	
2.41666327413271 	
2.99999911337028 	
1.49999955366899 	
0.999999834909781 	
0 	
1.99999966981956 	
0.999999271778113 	
0.999998750375256 	
1.99999889527422 	
2.99999726132073 	
2.99999759120835 	
3.99999553958337 	
