0 	
0 	
0 	
0.999999955750158 	
0 	
0 	
0 	
0 	
0.999999955750158 	
0.999999955750158 	
0.999999955750158 	
1.99999861524161 	
0 	
0 	
0 	
0 	
0.999999955750158 	
0 	
0 	
0 	
0 	
0.999999358698125 	
0 	
0 	
0 	
0 	
0 	
0 	
0 	
0 	
0 	
0 	
0 	
0 	
0 	
0 	
0 	
0 	
0 	
0 	
0 	
0 	
0.999999955750158 	
0.999999955750158 	
0 	
0 	
0 	
0 	
0 	
0 	
1.49999955366899 	
0 	
0 	
0 	
0 	
0 	
0 	
0 	
0 	
0 	
1.99999908898271 	
0 	
0 	
0 	
0 	
0 	
0 	
0 	
0 	
0.999999358698125 	
0 	
0 	
0 	
0 	
0 	
0 	
0 	
0.999999834909781 	
0 	
0 	
0 	
1.99999908898271 	
0 	
2.99999820959017 	
0 	
0.999999834909781 	
0.999999364845566 	
0 	
0.999999955750158 	
0 	
0 	
0 	
0 	
0.999999834909781 	
0.999999480761448 	
0 	
0 	
0 	
0.999999480761448 	
0 	
0 	
0 	
0.999999632186113 	
0 	
0 	
0 	
0 	
0 	
0 	
0 	
