0 	
0 	
0 	
2.72916434409834 	
0 	
0.999999834909781 	
0 	
1.99999966981956 	
2.83333106099166 	
0 	
0 	
0 	
0.999999955750158 	
0 	
1.74999953715819 	
0.999999955750158 	
0 	
0 	
0 	
0.999999955750158 	
0 	
0 	
0.999999834909781 	
0.999999955750158 	
0 	
0.999999834909781 	
3.31249748138276 	
0.999999955750158 	
0.999999955750158 	
0 	
0.999999955750158 	
3.17129371524061 	
0 	
1.99999966981956 	
2.12499896926022 	
2.83333106099166 	
0 	
4.24999464442093 	
0.999999834909781 	
0 	
0 	
0 	
0.999999955750158 	
0 	
0 	
0 	
2.41666404551102 	
0.999999955750158 	
2.31249835371385 	
0.999999955750158 	
0 	
0 	
0.999999955750158 	
0 	
0.999999955750158 	
0 	
0 	
0.999999834909781 	
0.999999834909781 	
0 	
2.99999890404468 	
0 	
1.99999918908834 	
0 	
0.999999955750158 	
0 	
0.999999955750158 	
0 	
0.999999834909781 	
0.999999834909781 	
0 	
0 	
0.999999834909781 	
0 	
0.999999834909781 	
0 	
0.999999955750158 	
0 	
0 	
1.99999966981956 	
0.999999955750158 	
0 	
0 	
0 	
0.999999834909781 	
0 	
0.999999955750158 	
0 	
3.58795911129703 	
0 	
0 	
0 	
0 	
0 	
1.99999896596004 	
1.99999896596004 	
0 	
0.999999834909781 	
2.83333106099166 	
0 	
