0.999999955750158 	
0.999999955750158 	
0.999999955750158 	
0 	
0 	
0 	
0 	
0.999999834909781 	
0 	
0.999999955750158 	
2.20833198067495 	
0 	
1.99999935032798 	
0.999999955750158 	
0 	
2.41666549643645 	
0 	
0 	
0 	
0 	
0.999999955750158 	
0 	
0 	
0 	
0 	
0 	
0 	
0 	
0 	
0.999999955750158 	
0 	
0 	
0.999999834909781 	
0 	
0 	
0 	
0 	
0 	
0 	
0 	
0 	
0 	
0 	
2.20833198067495 	
0 	
0 	
0 	
0.999999955750158 	
0 	
1.99999966981956 	
0 	
0 	
0 	
0.999999955750158 	
0 	
0 	
0 	
0.999999955750158 	
0 	
0 	
0.999999955750158 	
3.62499755186586 	
0 	
0 	
1.99999966981956 	
0 	
0 	
0 	
1.49999955366899 	
1.49999955366899 	
0.999999955750158 	
0 	
0 	
0 	
0 	
0 	
0.999999955750158 	
0 	
0 	
0 	
2.83333106099166 	
0 	
0 	
0 	
0 	
0 	
0 	
0.999999834909781 	
0.999999955750158 	
0 	
0.999999955750158 	
0 	
0 	
0 	
0 	
0.999999834909781 	
0 	
0 	
0.999999955750158 	
0 	
0.999999955750158 	
0 	
