2.49999875736744 	
7.74998737162222 	
4.49999513383831 	
3.99999699418254 	
5.24998955728226 	
3.99999667274963 	
2.99999684174833 	
3.99999685295864 	
5.52082564749375 	
5.77082445254244 	
5.24999452282297 	
6.62499064630137 	
1.9999981659238 	
2.99999857011487 	
0.999999674307175 	
7.16665711065311 	
1.87499752694722 	
7.12498843707278 	
7.49998605714429 	
3.74999464498676 	
5.93749199260537 	
4.99999455068348 	
6.91665457259778 	
4.66666220004259 	
2.99999846823145 	
5.74999381393968 	
5.74999353927748 	
6.49998947765583 	
3.99999510378348 	
5.27082778884215 	
3.99999274777956 	
6.24999140695504 	
4.9999948197585 	
8.37498536295265 	
1.87499881589612 	
6.99998874195076 	
3.66666205857014 	
3.74999767240702 	
4.99999545097487 	
3.99999663097204 	
3.74999637991943 	
5.99999161777384 	
4.99999455068348 	
4.74999426667506 	
4.99999455068348 	
4.99999543092963 	
2.87499778276863 	
3.99999459096243 	
6.49999010131476 	
6.14582129690767 	
2.99999726132073 	
5.99999271183 	
5.74999309558492 	
0.999999358698125 	
5.49999237231285 	
4.99999250152717 	
2.9999958345855 	
3.99999729672148 	
3.74999465830425 	
5.99999203409557 	
4.49999513383831 	
4.6666587039976 	
9.02081810271062 	
3.99999663097204 	
2.99999726132073 	
2.74999868578572 	
4.66665999416365 	
2.99999889655834 	
4.24999483729656 	
3.99999604640137 	
2.99999726132073 	
2.93749734434539 	
5.24999431108585 	
7.49998566825465 	
4.99999545097487 	
7.87498885898474 	
1.99999812706581 	
3.91666279540138 	
2.74999646750849 	
3.49999581917481 	
4.74999474175036 	
4.62499585433597 	
5.9999917708413 	
5.49999188286873 	
1.99999812706581 	
4.99999250152717 	
3.99999449637028 	
1.99999812706581 	
5.99999104869411 	
1.99999970759252 	
3.99999586442533 	
0 	
3.99999512555013 	
4.99999681696592 	
4.66665956939238 	
4.74999260487461 	
1.99999842241134 	
2.99999680207726 	
2.99999820959017 	
3.99999508807843 	
