0.999999674307175 	
0 	
0 	
0 	
0 	
0 	
0 	
0 	
0 	
0.999999358698125 	
1.4999991831514 	
0 	
0 	
0 	
0 	
1.99999918908834 	
2.99999820959017 	
0 	
0 	
0 	
0 	
3.49999716981809 	
0 	
0.999999955750158 	
0 	
0.999999834909781 	
0 	
0 	
0.999999674307175 	
0.999999834909781 	
0 	
0 	
0 	
0 	
0.999999632186113 	
0 	
0 	
0.999999632186113 	
0 	
0 	
0 	
1.49999980424771 	
0 	
1.99999889527422 	
1.99999908898271 	
0 	
1.49999955366899 	
0.999999834909781 	
0 	
1.99999889527422 	
0 	
0 	
0 	
0 	
1.99999853570796 	
0 	
0 	
0 	
0 	
0 	
0 	
0 	
0 	
0 	
0 	
0.999999271778113 	
0 	
0.999999674307175 	
1.99999925212376 	
0 	
0 	
0 	
0 	
0 	
0 	
0 	
1.99999889527422 	
0 	
0.999999364845566 	
0 	
0 	
1.49999955366899 	
0 	
1.99999970759252 	
2.49999931067901 	
0.999999955750158 	
0 	
1.99999925212376 	
0 	
1.99999908898271 	
0.999999955750158 	
0 	
0 	
0 	
0 	
0 	
0.999999674307175 	
1.99999889527422 	
0 	
0 	
0.999999364845566 	
0.999999834909781 	
0 	
2.99999895380229 	
0 	
0.999999674307175 	
0 	
0 	
