1.99999933545574 	
3.74999545062969 	
2.49999892545067 	
1.99999926437223 	
0.999998905533304 	
2.99999846823145 	
0 	
0.999999674307175 	
0 	
5.24999205103045 	
3.74999545062969 	
4.6666581938445 	
4.74999493596007 	
2.9999964162479 	
1.99999925212376 	
2.99999820959017 	
4.99999436766093 	
0.999999271778113 	
3.49999833158347 	
1.99999925212376 	
1.99999889527422 	
0 	
1.99999882108138 	
0.999999632186113 	
2.99999820959017 	
2.24999713503357 	
2.49999840848296 	
3.99999527427503 	
1.99999810182898 	
1.49999945202234 	
1.74999938758003 	
2.66666348991644 	
1.99999853570796 	
1.99999889527422 	
3.77082932056262 	
0.999999674307175 	
1.99999925212376 	
3.99999667274963 	
4.49999442202471 	
4.41665877197185 	
4.99999371991413 	
0.999999674307175 	
3.74999545062969 	
1.99999937108649 	
1.99999910565601 	
1.99999937108649 	
2.41666466903027 	
0.999999481250932 	
2.99999735977231 	
3.24999599538629 	
0.999999632186113 	
0 	
2.99999752614984 	
2.99999684174833 	
1.99999926437223 	
3.99999574894017 	
1.74999938758003 	
2.99999895380229 	
3.99999780803911 	
2.99999820959017 	
2.66666456433558 	
2.99999682540789 	
3.74999464498676 	
5.66665723552137 	
0.999999834909781 	
1.99999842241134 	
2.99999741740124 	
2.99999735977231 	
5.24999567705994 	
4.2499973664427 	
0.999999632186113 	
1.49999945202234 	
1.49999955366899 	
1.99999833751845 	
1.99999937108649 	
2.49999760690388 	
1.99999810182898 	
1.74999903519047 	
4.24999587006275 	
0.999999834909781 	
2.74999788667356 	
1.74999891107388 	
2.99999759120835 	
2.99999682540789 	
1.99999842241134 	
2.99999895380229 	
2.49999800989876 	
0 	
4.74999467306 	
2.87499609414783 	
3.99999740344817 	
0.999999632186113 	
3.49999826699734 	
2.99999726132073 	
4.99999240222648 	
2.99999735977231 	
4.4999952994352 	
1.99999853570796 	
0 	
4.24999349187934 	
1.99999853570796 	
1.99999842241134 	
4.4999950843166 	
6.16665738275229 	
1.99999937108649 	
1.49999945202234 	
1.99999908898271 	
2.74999676206347 	
2.99999890404468 	
0 	
1.99999934861435 	
0 	
2.74999868578572 	
2.99999895380229 	
4.2499949720463 	
2.99999741740124 	
2.41666466903027 	
1.87499881589612 	
0 	
5.24999479475246 	
3.49999629851282 	
1.99999889527422 	
2.49999892545067 	
2.99999797290209 	
5.24999104429221 	
5.41666075944203 	
2.99999820959017 	
3.99999857917373 	
1.99999937108649 	
0.999999151454652 	
2.99999759120835 	
3.99999604640137 	
2.74999636630144 	
2.49999892545067 	
1.99999937108649 	
2.99999797290209 	
3.49999683356843 	
3.99999604640137 	
2.99999762131516 	
0 	
0.999999674307175 	
2.99999735977231 	
2.6666621491749 	
4.49999562534467 	
3.99999459096243 	
2.99999759120835 	
2.99999895380229 	
1.99999937108649 	
4.6666623714815 	
0.999999632186113 	
4.99999502968536 	
6.62499373132472 	
4.49999711625434 	
2.99999846823145 	
2.74999825663029 	
1.99999908898271 	
2.74999788667356 	
0 	
0 	
7.49999080363879 	
2.99999680207726 	
0 	
1.74999802114021 	
0 	
0.999999834909781 	
2.99999846823145 	
3.49999862848395 	
5.74999294175719 	
0.999999834909781 	
3.62499658466402 	
0 	
3.49999605368857 	
0.999999834909781 	
1.74999938758003 	
4.49999568712669 	
2.99999857011487 	
4.49999636346943 	
2.99999797290209 	
3.7499958785104 	
0.999999674307175 	
3.9999969127622 	
3.49999862848395 	
4.49999562534467 	
0 	
1.99999896250186 	
4.99999543092963 	
2.99999846823145 	
2.99999741740124 	
1.74999891107388 	
0.999999834909781 	
1.99999910565601 	
1.99999934861435 	
2.49999875736744 	
2.99999684174833 	
2.99999680207726 	
2.99999820959017 	
4.99999386272793 	
1.99999842241134 	
2.99999902292153 	
4.24999583490083 	
3.99999620317569 	
1.99999918908834 	
0.999999481250932 	
3.49999729466457 	
2.41666264163848 	
3.99999604640137 	
1.99999937108649 	
1.99999926437223 	
1.99999889527422 	
2.99999911337028 	
3.41666088527435 	
4.2499973664427 	
3.24999783091737 	
2.99999895380229 	
1.49999955366899 	
0.999999632186113 	
2.99999759120835 	
3.74999598187378 	
3.99999459096243 	
4.74999570811775 	
1.99999934861435 	
2.99999846823145 	
3.49999605368857 	
2.99999807609438 	
0 	
3.99999857917373 	
0 	
4.99999455068348 	
3.74999637991943 	
1.49999860311264 	
2.7499967291899 	
0 	
1.99999925212376 	
0 	
1.99999833751845 	
0.999998905533304 	
2.99999741740124 	
3.99999663097204 	
2.93749776981178 	
0 	
0.999998750375256 	
0 	
0 	
2.99999759120835 	
1.99999889527422 	
2.49999931067901 	
3.49999677604913 	
2.99999895380229 	
4.2499973664427 	
1.99999910565601 	
1.99999833751845 	
