1.99999919989308 	
0.999999834909781 	
2.74999646750849 	
4.99999313370565 	
5.49999104144637 	
3.99999459096243 	
0.999999090522717 	
4.74999264954157 	
7.2499902787228 	
3.99999663097204 	
3.74999699402152 	
0.999999834909781 	
6.24999071724783 	
6.24998934925384 	
5.24999294609528 	
5.74999353927748 	
1.74999785042716 	
0 	
1.99999926437223 	
3.74999767240702 	
2.99999846823145 	
2.99999616332007 	
4.9166621463865 	
2.9999979085922 	
3.99999663097204 	
2.99999726132073 	
1.99999937108649 	
2.49999875736744 	
3.74999740660213 	
0.999999364845566 	
3.49999605368857 	
3.99999857917373 	
7.14582240848791 	
5.74999446076701 	
5.74999294175719 	
5.9999949684085 	
3.99999663097204 	
5.24999360089879 	
2.99999846823145 	
5.99999112503458 	
5.41666167583244 	
4.749994244062 	
5.74999182183513 	
1.74999903519047 	
6.99998852298391 	
4.6666587039976 	
3.99999553539824 	
3.99999338630077 	
5.37499009461345 	
3.99999604640137 	
2.99999820959017 	
6.24998934925384 	
0.999999632186113 	
2.99999846823145 	
4.99999626498999 	
0.999999364845566 	
2.99999741740124 	
0.999999151454652 	
1.99999846070846 	
1.99999896250186 	
0 	
4.74999340809311 	
4.249995543287 	
6.49998940637539 	
4.24999698346378 	
6.74999243218157 	
1.99999842241134 	
3.87499471634479 	
2.41666308304129 	
3.99999620317569 	
1.99999937108649 	
5.49999234575297 	
1.99999842241134 	
6.66665743679394 	
2.99999726132073 	
3.99999857917373 	
2.99999718558233 	
3.49999765027731 	
4.49999684789212 	
2.99999846823145 	
0.999998905533304 	
3.74999545062969 	
5.62499389549903 	
1.4999991831514 	
4.87499552478862 	
6.74999243218157 	
4.24999377402139 	
4.2499935211078 	
6.24999021273315 	
4.74999602184467 	
5.74999381393968 	
5.37499518302846 	
5.24999260221553 	
4.99999444065607 	
7.2499902787228 	
2.74999685556169 	
2.99999726132073 	
3.99999328153341 	
3.9999975598799 	
2.87499821440985 	
