0 	
0 	
0.999999689805359 	
1.49999955366899 	
0.999999834909781 	
3.4166633880893 	
0 	
0 	
0 	
0 	
0 	
0.999999674307175 	
3.49999605368857 	
1.99999926437223 	
0.999999632186113 	
0 	
0 	
1.99999970759252 	
0.999999090522717 	
1.99999970759252 	
2.74999676206347 	
0.999999364845566 	
0 	
0 	
0 	
0.999999271778113 	
3.49999581917481 	
0 	
1.49999945202234 	
0.999999481250932 	
0.999999481250932 	
2.99999741740124 	
0 	
1.99999908898271 	
0.999999151454652 	
0.999999674307175 	
0.999999674307175 	
0.999999674307175 	
1.99999966981956 	
1.99999919989308 	
3.74999699402152 	
0 	
2.49999892545067 	
1.4999991831514 	
2.49999931067901 	
1.99999908898271 	
1.99999889527422 	
2.99999741740124 	
0.999999674307175 	
0.999999834909781 	
0 	
2.99999820959017 	
2.99999797290209 	
1.99999853570796 	
0 	
3.99999663097204 	
4.66666072146302 	
4.49999454432242 	
1.99999937108649 	
1.99999724917676 	
1.99999937108649 	
0 	
2.99999911337028 	
0 	
0 	
0 	
0 	
0 	
1.99999937108649 	
4.49999652693091 	
0 	
1.99999937108649 	
1.99999937108649 	
0.999999632186113 	
0.999999674307175 	
2.74999825663029 	
1.99999889527422 	
1.99999910565601 	
0 	
1.99999889527422 	
0.999999358698125 	
2.99999752614984 	
2.99999741740124 	
0.999999834909781 	
0.999999364845566 	
2.99999726132073 	
0 	
0.999999632186113 	
0 	
2.99999846823145 	
1.99999889527422 	
0 	
0.999999151454652 	
2.24999713503357 	
1.99999900820924 	
2.99999895380229 	
0 	
0 	
2.99999682540789 	
1.99999815086445 	
0.999999632186113 	
1.99999970759252 	
1.99999889527422 	
4.99999543092963 	
