0 	
0.999999834909781 	
0 	
0 	
0 	
1.99999970759252 	
0.999999364845566 	
0.999999674307175 	
1.99999937108649 	
0 	
0 	
0 	
0 	
0 	
0 	
0 	
0.999999955750158 	
0.999999834909781 	
0 	
0 	
0 	
0.999999955750158 	
0 	
0.999999834909781 	
0 	
0 	
0 	
0 	
0 	
0 	
1.99999970759252 	
0 	
0 	
0 	
0 	
0 	
0.999999480761448 	
0 	
0 	
0 	
0 	
0 	
0 	
0 	
0 	
1.99999937108649 	
0 	
0 	
0 	
0 	
0 	
0 	
0 	
0 	
0 	
0.999999834909781 	
0 	
0.999999955750158 	
0 	
0 	
0 	
1.99999925212376 	
0 	
1.99999889527422 	
0 	
0 	
0 	
1.99999970759252 	
0 	
0 	
0 	
0 	
0 	
0.999999151454652 	
0 	
0 	
0 	
0 	
0 	
0 	
0.999999834909781 	
0 	
0 	
0 	
0 	
0 	
0 	
0 	
0 	
0 	
0 	
0 	
0 	
1.49999980424771 	
0 	
0.999999834909781 	
0 	
0 	
0 	
1.99999908898271 	
0 	
0 	
0 	
0 	
0 	
