0.999999632186113 	
1.74999903519047 	
1.49999955366899 	
1.99999937108649 	
1.99999918908834 	
1.99999910565601 	
0.999999632186113 	
1.74999903519047 	
4.49999711625434 	
0 	
1.99999889527422 	
0 	
1.99999908898271 	
2.99999797290209 	
0 	
0.999999674307175 	
0 	
0.999999151454652 	
0.999999834909781 	
0.999999674307175 	
1.99999861524161 	
0.999999674307175 	
0.999999271778113 	
0.999999955750158 	
0.999999151454652 	
1.99999910565601 	
0 	
0.999999674307175 	
0 	
3.9999969127622 	
0 	
0 	
1.49999955366899 	
4.49999490242801 	
0.999999075432228 	
3.49999677604913 	
2.99999902292153 	
0 	
1.49999945202234 	
0 	
1.99999910565601 	
0.999999834909781 	
2.99999726419193 	
2.99999846823145 	
1.99999937108649 	
2.99999759120835 	
1.99999889527422 	
0 	
0 	
0.999999632186113 	
3.49999716981809 	
1.99999937108649 	
1.99999937108649 	
0 	
0.999999632186113 	
3.49999826699734 	
0 	
0 	
0 	
0 	
1.99999853570796 	
1.99999853570796 	
1.99999833751845 	
0.999999955750158 	
0 	
0 	
2.99999820959017 	
0 	
2.24999871399747 	
2.99999806020818 	
0 	
0.999999090522717 	
1.99999853570796 	
0.999999481250932 	
0 	
1.99999781106661 	
1.99999934861435 	
0 	
0.999999955750158 	
0 	
1.99999937108649 	
0.999999632186113 	
0.999999090522717 	
0.999999955750158 	
0 	
1.74999938758003 	
0 	
1.99999889527422 	
1.99999918908834 	
2.9999979085922 	
0.999999674307175 	
2.99999911337028 	
1.74999953715819 	
1.99999918908834 	
0 	
0 	
0 	
2.24999713503357 	
1.99999970759252 	
0 	
1.74999841678422 	
0.999999674307175 	
4.4999952994352 	
0 	
2.99999820959017 	
1.99999937108649 	
0.999999632186113 	
3.99999586442533 	
2.99999735977231 	
0.999999075432228 	
2.99999895380229 	
0 	
0.999999674307175 	
1.99999889527422 	
0.999999632186113 	
3.99999663097204 	
2.99999741740124 	
3.49999677604913 	
1.49999955366899 	
0 	
0.999999955750158 	
0 	
1.99999853570796 	
1.99999925212376 	
1.4999991831514 	
0 	
1.49999955366899 	
0.999999364845566 	
1.99999925212376 	
0 	
1.99999937108649 	
2.24999854858827 	
0.999999358698125 	
0 	
0.999999151454652 	
0 	
1.99999853570796 	
0.999999834909781 	
0 	
0 	
2.99999741740124 	
4.41666053303875 	
0.999999834909781 	
2.4999969801509 	
1.99999925212376 	
0 	
1.99999853570796 	
1.99999934861435 	
0 	
1.99999934861435 	
0 	
0.999999674307175 	
0.999999955750158 	
0 	
2.49999892545067 	
0 	
0 	
0 	
2.99999797290209 	
0.999999481250932 	
3.99999586442533 	
1.99999937108649 	
0 	
0.999999632186113 	
0 	
1.99999781106661 	
1.99999925212376 	
0 	
0 	
4.99999451198168 	
0 	
4.4999956527219 	
1.49999955366899 	
1.49999876307492 	
0 	
3.99999620317569 	
0 	
0 	
2.99999759120835 	
0 	
1.99999934861435 	
2.99999759120835 	
2.99999682540789 	
0.999999151454652 	
1.99999853570796 	
2.99999820959017 	
0 	
0.999999955750158 	
0.999999090522717 	
1.49999980424771 	
2.99999820959017 	
1.99999926437223 	
1.49999860311264 	
0 	
0 	
0 	
0.999999358698125 	
2.99999735977231 	
1.99999925212376 	
0 	
0 	
1.99999833751845 	
0 	
