4.9999936554916 	
0 	
2.74999825663029 	
0.999999632186113 	
4.49999628922476 	
4.99999652061467 	
2.74999868578572 	
3.99999780803911 	
2.9999984437528 	
6.74999053316521 	
1.99999926437223 	
0 	
3.49999503224941 	
1.99999871739625 	
1.74999903519047 	
3.62499495732446 	
4.41666058547153 	
4.74999328513137 	
5.99999353491749 	
1.99999842241134 	
1.99999937108649 	
3.49999765027731 	
4.24999498612954 	
1.99999853570796 	
2.74999582990421 	
3.99999729672148 	
3.99999509106163 	
2.4999972404062 	
0.999999075432228 	
1.99999781106661 	
3.99999663097204 	
3.49999833158347 	
2.99999759120835 	
1.99999853570796 	
3.49999833158347 	
1.49999860311264 	
0.999999834909781 	
5.4999915943123 	
0 	
2.99999759120835 	
2.99999718558233 	
6.66665680527644 	
1.99999896250186 	
4.9999948197585 	
0 	
5.74999299507656 	
2.49999875736744 	
1.49999945202234 	
3.24999519577497 	
3.74999688419923 	
4.99999312713219 	
2.99999857011487 	
4.99999594058535 	
3.99999667274963 	
1.98437293369434 	
4.749993339448 	
0 	
3.99999553539824 	
1.74999785042716 	
2.99999846823145 	
2.99999643466591 	
7.66665436516731 	
1.99999889527422 	
1.99999937108649 	
1.99999970759252 	
2.99999741740124 	
5.24999509700216 	
3.49999605368857 	
1.99999910565601 	
3.99999740344817 	
4.49999636346943 	
1.99999925212376 	
4.99999543092963 	
1.49999945202234 	
4.99999594058535 	
5.4999956429866 	
5.4999932888943 	
3.99999660814628 	
2.99999889655834 	
2.74999700393145 	
0.999999834909781 	
3.24999790316899 	
3.99999729672148 	
0.999999674307175 	
0.999999364845566 	
4.49999749749811 	
1.99999937108649 	
0 	
1.99999889527422 	
3.99999604640137 	
2.99999820959017 	
1.99999934861435 	
3.99999663097204 	
7.49999080363879 	
5.41665916275877 	
1.99999853570796 	
3.99999459096243 	
4.49999711625434 	
1.99999719818003 	
2.99999797290209 	
2.99999741740124 	
1.99999937108649 	
3.49999677604913 	
0.999999834909781 	
0.999999364845566 	
4.74999472698287 	
1.49999945202234 	
4.99999543092963 	
0 	
0.999999834909781 	
2.66666380504444 	
1.99999853570796 	
3.99999660814628 	
4.4999956527219 	
3.99999604640137 	
3.74999464498676 	
3.99999620317569 	
1.99999896250186 	
4.74999691902283 	
1.9999983029093 	
5.99999241217112 	
1.99999815086445 	
0 	
5.66665984270413 	
3.74999797370754 	
0.999999481250932 	
0.999999632186113 	
2.99999759120835 	
3.99999729672148 	
0.999999271778113 	
0 	
2.99999820959017 	
1.99999815086445 	
3.99999620317569 	
3.99999663097204 	
2.99999820959017 	
5.99999353491749 	
1.99999842241134 	
0.999999632186113 	
0 	
4.24999397593591 	
2.24999854858827 	
3.99999660814628 	
2.7499967291899 	
1.99999889527422 	
3.49999415051995 	
4.4999952994352 	
2.99999857011487 	
3.99999794051884 	
3.99999660814628 	
6.49999366660476 	
2.99999735977231 	
2.2499991836716 	
1.99999908898271 	
3.9999975598799 	
3.99999663097204 	
2.99999820959017 	
2.99999660161867 	
1.87499898690288 	
3.74999767240702 	
3.99999780803911 	
0.999999271778113 	
2.4999972404062 	
7.77082156251869 	
1.99999970759252 	
0.999999834909781 	
2.99999846823145 	
2.7499962896887 	
3.24999737093562 	
1.99999842241134 	
1.99999910565601 	
4.99999652061467 	
3.24999697756257 	
2.99999762131516 	
0 	
2.99999759120835 	
2.99999806020818 	
5.49999237035987 	
3.49999833761148 	
6.24999300496826 	
4.74999691902283 	
4.99999582420428 	
0.999999632186113 	
0.999999075432228 	
6.41665617995466 	
2.99999741740124 	
2.99999889655834 	
2.99999911337028 	
1.99999810182898 	
0.999999674307175 	
2.99999911337028 	
0.999999632186113 	
3.49999826699734 	
0 	
2.99999820959017 	
3.74999767240702 	
0 	
4.74999391240291 	
3.99999729672148 	
5.24999479475246 	
1.99999926437223 	
2.24999850852381 	
0.999999955750158 	
1.99999910565601 	
0.999999364845566 	
1.99999833751845 	
0.999999674307175 	
0.999999358698125 	
3.77083050271851 	
1.99999889527422 	
3.49999826699734 	
4.74999574239582 	
2.99999820959017 	
3.49999710779927 	
2.99999889655834 	
0.999999632186113 	
2.99999759120835 	
2.99999682540789 	
1.4999991831514 	
3.24999737093562 	
3.74999685519768 	
0 	
1.99999926437223 	
2.99999820959017 	
2.99999741740124 	
3.99999586442533 	
1.99999833751845 	
2.99999846823145 	
5.74999470224745 	
0.999999481250932 	
2.99999741740124 	
3.99999433577172 	
1.99999925212376 	
1.99999925212376 	
3.24999538564732 	
2.99999889655834 	
3.99999780803911 	
4.41666325073093 	
3.99999663097204 	
2.99999735977231 	
4.41666002185542 	
0.999999481250932 	
2.99999759120835 	
1.99999853570796 	
0 	
7.62498957427668 	
1.99999744871148 	
3.99999604640137 	
3.99999857917373 	
5.49999234575297 	
