3.99999571073811 	
2.99999726132073 	
2.99999846823145 	
2.74999788667356 	
3.24999538564732 	
2.99999741740124 	
2.99999759120835 	
2.99999846823145 	
4.74999434742934 	
4.87499589113531 	
4.49999749749811 	
1.99999908898271 	
1.99999925212376 	
3.9999936779298 	
4.4999952994352 	
3.66666327245936 	
0.999999364845566 	
3.74999767240702 	
2.4999972404062 	
3.99999553539824 	
4.9999958472318 	
3.74999598187378 	
3.24999836459272 	
2.99999759120835 	
0.999999674307175 	
5.49999585523172 	
2.99999726132073 	
3.99999638220378 	
0.999999674307175 	
3.99999604640137 	
4.74999574239582 	
3.99999740344817 	
4.87499456338039 	
5.49999348188346 	
3.99999620317569 	
2.99999735977231 	
4.24999397593591 	
3.99999857917373 	
4.49999636346943 	
6.16665828632197 	
1.99999812706581 	
5.74999353927748 	
3.9999975598799 	
3.66666051109341 	
3.9999963288494 	
4.93749294140017 	
4.49999468353145 	
1.99999871739625 	
4.62499585433597 	
1.74999785042716 	
2.999997744912 	
2.41666308304129 	
0.999999834909781 	
4.99999652061467 	
3.99999509106163 	
1.99999910565601 	
1.99999861524161 	
1.74999953715819 	
4.4999948606094 	
4.99999312713219 	
4.99999543092963 	
3.74999688419923 	
1.99999910565601 	
4.66665999416365 	
2.99999726132073 	
4.99999371991413 	
3.99999663097204 	
1.99999790099917 	
2.74999726695012 	
5.74999447317539 	
3.24999538564732 	
2.99999684174833 	
5.74999284302256 	
4.24999660229773 	
3.4166638146045 	
3.49999605368857 	
0 	
3.66666169916435 	
3.99999729672148 	
1.99999966981956 	
3.99999780803911 	
0 	
5.49999372418073 	
0.999999834909781 	
3.4166638146045 	
2.99999741740124 	
3.24999783091737 	
2.99999741740124 	
2.99999726132073 	
0 	
2.99999735977231 	
4.4999956527219 	
4.4999952994352 	
1.99999815086446 	
7.16665607980928 	
2.87499841732467 	
2.99999836630281 	
1.74999864733229 	
3.99999553539824 	
3.49999765027731 	
4.4999952994352 	
1.99999842241134 	
1.99999937108649 	
0.999999364845566 	
5.49999620659025 	
5.16665956583568 	
6.24999392692281 	
2.99999682540789 	
1.99999871739625 	
4.16666224827172 	
4.24999304756661 	
4.99999455068348 	
4.66665980773129 	
4.99999455068348 	
1.99999889527422 	
5.49999372418073 	
2.99999726132073 	
5.74999294175719 	
2.99999726132073 	
2.99999735977231 	
0.999999151454652 	
1.74999864733229 	
3.4166638146045 	
2.49999892545067 	
4.74999340809311 	
0 	
2.7499989252341 	
4.749994244062 	
2.99999726132073 	
2.99999895380229 	
2.66666348991644 	
5.64582563599804 	
4.99999376986825 	
4.74999574239582 	
1.99999910565601 	
2.99999797290209 	
2.99999846823145 	
2.99999762131516 	
2.99999846823145 	
4.87499383262945 	
4.49999711625434 	
3.74999464498676 	
3.74999548938541 	
4.49999454432242 	
3.4166633880893 	
3.7499958785104 	
4.99999312713219 	
3.74999740660213 	
2.49999840848296 	
3.99999586442533 	
