0.999999834909781 	
0.999999742657051 	
0 	
0 	
0 	
1.99999925212376 	
0 	
1.99999970759252 	
0 	
0 	
2.99999741740124 	
0.999999834909781 	
0.999999674307175 	
0 	
0.999999955750158 	
0.999999480761448 	
2.24999871399747 	
0 	
0.999999834909781 	
0 	
1.99999908898271 	
0 	
0 	
0 	
0.999999480761448 	
0.999999834909781 	
1.99999937108649 	
0.999999674307175 	
0 	
1.99999889527422 	
0 	
0.999999834909781 	
2.99999911337028 	
0 	
0 	
1.99999853570796 	
1.99999925212376 	
0 	
0.999999151454652 	
2.99999797290209 	
0 	
0.999999364845566 	
0 	
0 	
0 	
0 	
2.49999931067901 	
0 	
0.999999674307175 	
0 	
0 	
0.999999632186113 	
0 	
1.99999908898271 	
2.99999797290209 	
1.4999991831514 	
0 	
1.99999853570796 	
0.999999834909781 	
2.99999759120835 	
0 	
1.74999938758003 	
1.74999938758003 	
0.999999834909781 	
1.99999889527422 	
0 	
0 	
1.99999937108649 	
2.66666456433558 	
1.99999937108649 	
0 	
1.99999966981956 	
0 	
1.99999935032798 	
2.99999820959017 	
0 	
0 	
1.4999991831514 	
1.99999937108649 	
0 	
0.999999834909781 	
0 	
0.999999632186113 	
0 	
2.99999741740124 	
0 	
0 	
0 	
1.99999889527422 	
0 	
0 	
0 	
0 	
0.999999834909781 	
0 	
3.99999660814628 	
0 	
1.99999896596004 	
0 	
1.99999925212376 	
1.99999889527422 	
1.99999937108649 	
0 	
0 	
