0 	
0 	
0 	
0.999999674307175 	
0 	
0.999999834909781 	
0.999999834909781 	
0 	
0 	
3.24999836459272 	
0 	
0 	
0.999999955750158 	
0 	
0 	
0 	
1.99999918908834 	
1.99999900820924 	
0 	
0 	
1.99999970759252 	
3.99999729672148 	
0 	
0.999999834909781 	
0 	
1.99999908898271 	
1.99999889527422 	
0 	
1.99999937108649 	
0 	
0 	
0 	
0.999999834909781 	
1.99999861524161 	
0 	
0 	
0.999999834909781 	
0 	
0 	
0 	
0 	
0 	
1.99999842241134 	
1.99999937108649 	
0 	
2.99999846823145 	
0 	
0 	
0 	
0 	
0 	
0 	
0 	
0.999999834909781 	
0 	
0 	
0 	
0 	
0.999999480761448 	
1.99999889527422 	
0.999999834909781 	
0.999999151454652 	
2.99999797290209 	
0 	
0 	
1.99999970759252 	
0 	
0 	
0.999999834909781 	
0 	
0.999999955750158 	
1.99999853570796 	
0.999999834909781 	
0 	
1.99999925212376 	
0 	
0 	
0 	
0 	
0 	
0 	
0 	
1.99999910565601 	
0 	
0 	
0.999999364845566 	
0 	
0 	
0 	
0 	
0 	
0 	
0 	
0 	
0 	
0.999999632186113 	
0.999999075432228 	
0 	
0.999999151454652 	
0 	
0 	
0 	
0.999999834909781 	
0.999999364845566 	
2.99999726132073 	
0 	
0.999999632186113 	
0 	
0 	
