4.99999455068348 	
2.99999619315917 	
1.99999910565601 	
4.4999956527219 	
6.77082201058956 	
5.77082775656505 	
3.49999677604913 	
4.0156176756207 	
2.74999825663029 	
4.49999711625434 	
2.9999958345855 	
5.24999452282297 	
4.49999257558135 	
5.74999126806167 	
6.77082215620574 	
5.99999270480928 	
6.24999143370735 	
6.77082290267654 	
2.7499962896887 	
2.7499989252341 	
5.99999260453399 	
4.74999434742934 	
5.99998912567958 	
5.49999234575297 	
6.74998875613283 	
5.49999063216852 	
4.2499973664427 	
2.99999735977231 	
5.93749064210227 	
4.62499632871986 	
2.41666466903027 	
1.99999842241134 	
1.74999785042716 	
4.99999455068348 	
3.99999459096243 	
7.74998783736142 	
3.99999620317569 	
4.49999468353145 	
4.41666260040022 	
4.6249921837102 	
6.24999300496826 	
0.999999358698125 	
3.99999729672148 	
3.99999685295864 	
5.16665862828151 	
5.49998867865413 	
6.62499064630137 	
3.99999586442533 	
0 	
1.99999910565601 	
2.99999846823145 	
3.9999929797435 	
0.999999090522717 	
1.49999945202234 	
5.27082778884215 	
3.49999578205948 	
2.99999684174833 	
1.99999810182898 	
2.2499991836716 	
6.24999154388323 	
6.49998839600004 	
5.4999924266411 	
5.99998979083025 	
5.62499052731961 	
6.49999189677456 	
1.99999882108138 	
2.99999911337028 	
4.99999455068348 	
2.99999820959017 	
2.99999726132073 	
3.99999604640137 	
2.99999772204389 	
5.74999139117336 	
5.99999278236096 	
1.99999966981956 	
4.74999434742935 	
4.4999952994352 	
6.99998706175418 	
1.99999759579571 	
5.66665723552137 	
5.9999949684085 	
3.7499958785104 	
0 	
4.49999508431661 	
5.68749127865087 	
7.49998730015052 	
3.99999586442533 	
5.4166599226611 	
5.74999567977962 	
1.99999853570796 	
0 	
5.96874194706311 	
4.49999636346943 	
2.99999857011487 	
4.74999691902283 	
6.14582307617475 	
2.99999682540789 	
2.99999820959017 	
5.99999241217112 	
4.74999328513137 	
