2.99999846823145 	
1.99999853570796 	
1.99999861524161 	
3.99999719258118 	
1.74999785042716 	
1.99999937108649 	
2.99999759120835 	
1.99999926437223 	
3.99999663097204 	
5.49999500555998 	
2.99999752614984 	
2.24999762219184 	
0 	
2.99999911337028 	
4.74999493596007 	
0.999999632186113 	
2.99999895380229 	
3.74999464498676 	
3.66666327245936 	
1.99999896250186 	
4.99999543092963 	
0 	
3.99999604640137 	
0 	
2.99999759120835 	
0.999999632186113 	
0.999999674307175 	
5.49999234575297 	
4.74999628249854 	
2.99999741740124 	
3.24999737093562 	
0.999999632186113 	
0.999999834909781 	
0.999999834909781 	
0.999999151454652 	
3.99999553539824 	
1.74999891107388 	
1.99999790099917 	
3.99999604640137 	
0.999999358698125 	
1.99999966981956 	
0 	
0 	
1.74999750156197 	
2.9999979085922 	
0 	
1.99999857684425 	
0 	
0 	
2.99999726132073 	
1.99999853570796 	
1.99999937108649 	
0.999999481250932 	
1.99999816560928 	
3.99999604640137 	
1.99999910565601 	
0.999999151454652 	
1.99999966981956 	
1.99999889527422 	
0 	
3.24999599538629 	
2.74999825663029 	
1.74999903519047 	
0.999999674307175 	
1.99999900820924 	
2.49999800989876 	
1.99999868409949 	
3.24999549758515 	
2.99999741740124 	
3.99999604640137 	
1.49999945202234 	
3.74999767240702 	
0 	
1.99999918908834 	
4.99999543092963 	
3.77082967278003 	
2.99999895380229 	
2.99999741740124 	
1.99999896596004 	
1.99999846070846 	
1.49999876307492 	
0.999999090522717 	
1.99999925212376 	
2.99999726132073 	
0.999999674307175 	
0 	
4.74999602184467 	
3.99999620317569 	
1.74999891107388 	
1.74999903519047 	
3.49999605368857 	
0.999998923012306 	
0 	
1.99999853570796 	
2.74999726695012 	
4.49999636346943 	
6.24999072464189 	
1.99999842241134 	
1.74999938758003 	
0.999999674307175 	
0.999999090522717 	
1.99999925212376 	
1.74999938758003 	
0.999999834909781 	
0.999999674307175 	
1.99999937108649 	
2.99999820959017 	
3.41666302262854 	
0.999999364845566 	
3.99999574894017 	
0 	
2.74999788667357 	
2.99999846823145 	
0 	
3.49999677604913 	
1.74999903519047 	
0.999999674307175 	
0 	
1.99999970759252 	
1.99999846070846 	
3.49999677604913 	
1.99999937108649 	
1.99999925212376 	
1.99999889527422 	
3.99999459096243 	
3.49999765027731 	
0 	
2.74999868578572 	
2.7499989252341 	
0.999999632186113 	
0.999999955750158 	
3.99999604640137 	
0.999999674307175 	
0 	
6.41665674227953 	
3.74999699402152 	
1.99999853570796 	
1.99999810182898 	
1.99999937108649 	
0 	
3.74999767240702 	
3.99999729672148 	
0 	
2.99999735977231 	
0.999999632186113 	
0 	
0 	
0.999999955750158 	
3.74999767240702 	
2.49999760363629 	
4.99999455068348 	
0.999999358698125 	
2.99999846823145 	
1.74999903519047 	
2.99999895380229 	
2.66666456433558 	
2.49999811683676 	
0.999999674307175 	
1.74999903519047 	
2.99999741740124 	
1.99999925212376 	
0.999999674307175 	
2.7499989252341 	
1.99999790099917 	
0.999999358698125 	
2.49999691685917 	
3.99999604640137 	
4.99999371991413 	
2.99999759120835 	
3.99999857917373 	
2.49999760363629 	
2.99999846823145 	
0.999999632186113 	
4.49999468353145 	
0.999999364845566 	
3.66666039724025 	
0.999999632186113 	
0 	
1.99999842241134 	
0 	
1.99999934861435 	
3.99999663097204 	
0.999999834909781 	
2.99999726132073 	
3.49999782214776 	
1.99999926437223 	
0.999999674307175 	
0.999999674307175 	
2.99999820959017 	
2.99999684174833 	
2.99999722629668 	
0.999999075432228 	
0.999999955750158 	
4.74999602184467 	
4.99999455068348 	
0 	
1.99999937108649 	
2.49999875736744 	
3.99999660814628 	
5.41665916275877 	
1.99999934861435 	
2.99999820959017 	
1.74999903519047 	
0 	
0.999999834909781 	
0 	
1.99999853570796 	
0.999999674307175 	
2.74999646750849 	
0.999999481250932 	
4.99999551858698 	
0 	
3.49999765027731 	
1.99999889527422 	
1.99999833751845 	
3.99999553539824 	
1.99999970759252 	
1.74999750156197 	
2.99999741740124 	
3.24999783091737 	
3.91666372682789 	
2.99999741740124 	
4.77082611035815 	
0 	
2.99999797290209 	
0 	
3.99999663097204 	
2.99999726132073 	
4.41666185390873 	
2.99999726132073 	
4.99999594058535 	
3.99999620317569 	
4.49999628922476 	
1.99999970759252 	
1.99999934861435 	
1.49999945202234 	
1.99999925212376 	
0 	
4.74999602184467 	
1.99999896250186 	
1.49999945202234 	
1.49999955366899 	
1.99999910565601 	
6.24999145977467 	
5.91666044370003 	
2.24999819708486 	
4.74999691902283 	
1.49999945202234 	
3.24999538564732 	
1.74999891107388 	
