0.999999884905103 	
0 	
0 	
0 	
0.999999834909781 	
0 	
0.999999151454652 	
4.24999698346378 	
0 	
2.99999895380229 	
0 	
0 	
1.99999937108649 	
0.999999674307175 	
0.999999834909781 	
3.93749525413507 	
0 	
1.99999925212376 	
0 	
0.999999834909781 	
0.999999632186113 	
0 	
1.99999908898271 	
0 	
3.99999799924455 	
0.999999834909781 	
0 	
0.999999674307175 	
2.49999892545067 	
0.999999674307175 	
1.99999935032798 	
0 	
0 	
1.99999970759252 	
1.99999935032798 	
1.99999853570796 	
0.999999955750158 	
1.74999903519047 	
1.99999889527422 	
0.999999834909781 	
0.999999075432228 	
1.99999925212376 	
1.99999925212376 	
1.99999781106661 	
0 	
0 	
1.99999937108649 	
0.999999674307175 	
0.999999151454652 	
2.49999800989876 	
0 	
0 	
0 	
0.999999834909781 	
0.999999674307175 	
1.49999860311264 	
1.99999815086446 	
0 	
2.99999741740124 	
0 	
0 	
2.99999741740124 	
0.999999834909781 	
1.49999945202234 	
1.99999842241134 	
0 	
0 	
0 	
1.99999889527422 	
1.99999842241134 	
0.999999632186113 	
3.49999716981809 	
3.74999767240702 	
1.99999910565601 	
0 	
0 	
2.99999759120835 	
0 	
2.99999895380229 	
0.999999674307175 	
1.99999970759252 	
1.99999937108649 	
0 	
2.99999857011487 	
0.999999955750158 	
0.999999075432228 	
0.999999358698125 	
3.49999855763678 	
0.999999480761448 	
0.999999674307175 	
0 	
0.999999834909781 	
1.99999937108649 	
0 	
2.99999726419193 	
0 	
1.49999955366899 	
0 	
0.999999674307175 	
0 	
2.99999682540789 	
0.999999834909781 	
1.99999937108649 	
0 	
0 	
0 	
0.999999481250932 	
0 	
0 	
1.99999842241134 	
1.99999900820924 	
0 	
1.49999955366899 	
0 	
2.99999846823145 	
0 	
0.999999955750158 	
0 	
1.99999918908834 	
0 	
0 	
0 	
1.99999937108649 	
0.999999834909781 	
0.999999834909781 	
2.99999797290209 	
1.99999937108649 	
0 	
3.99999663097204 	
1.49999955366899 	
0 	
2.99999857011487 	
2.99999846823145 	
1.99999842241134 	
0 	
0 	
0 	
0 	
1.99999889527422 	
2.99999895380229 	
1.99999910565601 	
0 	
1.99999868409949 	
0 	
4.99999594058535 	
1.99999889527422 	
0 	
0.999999834909781 	
0.999999834909781 	
1.99999896596004 	
0.999999674307175 	
0.999999075432228 	
2.99999741740124 	
3.49999682992312 	
0 	
1.49999876307492 	
0 	
0 	
0 	
0 	
1.99999815086445 	
1.99999810182898 	
0.999999674307175 	
2.99999902292153 	
0 	
0 	
0 	
1.99999970759252 	
1.99999868409949 	
0 	
2.99999895380229 	
1.99999934861435 	
0 	
0 	
2.41666549643645 	
3.99999663097204 	
0 	
1.99999896250186 	
0.999999955750158 	
0 	
0 	
0.999999271778113 	
3.49999765027731 	
0 	
0 	
0.999999955750158 	
0 	
0 	
0 	
0 	
0 	
1.99999937108649 	
0 	
1.99999970759252 	
0.999999151454652 	
0 	
0.999999834909781 	
0 	
1.49999955366899 	
0.999999364845566 	
0 	
0.999999834909781 	
0 	
