0 	
0 	
1.99999864104431 	
0 	
1.99999864104431 	
0 	
0 	
0 	
0 	
0 	
1.99999873116473 	
0 	
0 	
0 	
0.999999365582363 	
2.99999838481446 	
0.999999955750158 	
0 	
0 	
0 	
0 	
0.999999461604821 	
3.99999733513549 	
0 	
0 	
0 	
0 	
0.999999365582363 	
1.99999892320964 	
0 	
0 	
0 	
0 	
0 	
0 	
2.99999838481446 	
0 	
0.999999461604821 	
1.99999892320964 	
1.99999892320964 	
0 	
1.99999892320964 	
0 	
0 	
0 	
0 	
0 	
0 	
0 	
0 	
0 	
0 	
0.999999461604821 	
0 	
1.99999892320964 	
1.99999892320964 	
0.999999955750158 	
0 	
0 	
0 	
0 	
0 	
0 	
0 	
0.999999461604821 	
0 	
0.999999461604821 	
0 	
0 	
1.99999892320964 	
0 	
0 	
0 	
0 	
0 	
0 	
0 	
0.999999461604821 	
0 	
0 	
1.99999892320964 	
0 	
0 	
0 	
0 	
0 	
0 	
0 	
0 	
0 	
0 	
2.99999809674709 	
0 	
0 	
0.999999461604821 	
0 	
0 	
0 	
0 	
0 	
