0.999999549635667 	
0
0 	
0 	
1.83333140030011 	
2.66666054802911 	
6.99995316428714 	
11.9999747167337 	
10.9686557433368 	
0 	
1.99999931396183 	
0 	
10.9686900702741 	
11.9686649809023 
2.66666206729063 	
0 	
0 	
12.9804506480747 	
11.9686812417543 	
11.9608598881389 	
0 	
0 	
0 	
0 	
0.999999839305458 	
0 	
0 	
0 	
0 	
0 	
12.9804466046557 	
11.9608411772497 	
11.9608598881389 	
0 	
0.999999839305458 	
1.83333140030011 	
0 	
0 	
12.9804506480747 	
0.999999901248782 	
0 	
0 	
11.960864403731 	
11.9686886704475 	
0.999999951310903 	
0 	
0 	
0 	
0.999999951310903 	
0 	
0 	
0 	
12.468665298493 	
10.9686747758293 	
11.9999728889163 	
7.99994561555203 	
11.9999728889163 	
0 	
10.9686728243116 	
10.9686900702741 	
11.9999750578957 	
11.9999223824112 	
3.49999678850408 	
0 	
0 	
12.9999356943491 	
0 	
0 	
11.9608439545705 	
0 	
11.9686649809023 	
3.49999779237127 	
0 	
0 	
3.49999725680793 	
4.99998245862303 	
10.9686707378139 	
8.00386534570471 	
11.960862868263 	
11.9686598771552 	
0 	
0 	
0 	
0.999999455388931 	
0 	
0 	
0 	
0 	
10.9686700205812 	
11.9999728889163 	
10.9686735903901 	
0 	
0 	
0 	
0 	
0 	
0 	
0 	
0.999999838281405 	
0 	
10.9686747758293 	
5.99996611592259 	
11.9608439545705 	
0 	
0 	
3.49999725680793 	
0 	
11.9608418185108 	
11.960861363268 	
0 	
11.9999750578957 	
11.9608418185108 	
3.49999779237127 	
0 	
0.999999838281405 	
0 	
11.9686910801807 	
11.960862868263 	
0.999995852829398 	
0.999999834909781 	
11.9608439545705 	
0 	
0 	
0 	
10.9686735903901 	
0 	
0 	
0 	
0 	
10.9686738705607 	
0 	
11.960864403731 	
11.960862868263 	
10.9686999513422 	
6.99997417291626 	
10.9686900702741 	
6.99998816962084 	
0 	
0 	
6.99997626422765 	
6.99997626422765 	
0 	
0 	
1.83333140030011 	
2.66666054802911 	
6.99995316428714 	
11.9999747167337 	
10.9686557433368 	
0 	
1.99999931396183 	
0 	
10.9686900702741 	
11.9686649809023 	
2.66666206729063 	
0 	
0 	
12.9804506480747 	
11.9686812417543 	
11.9608598881389 	
0 	
0 	
0 	
0 	
12.9804466046557 	
11.9608411772497 	
11.9608598881389 	
0
