1.99999854355623 	
0 	
1.99999949396443 	
0 	
0.999999625450423 	
0 	
0.999999481250932 	
0 	
0 	
0 	
1.99999854355623 	
0 	
0.999999625450423 	
0 	
0 	
1.99999934861435 	
0 	
0 	
0 	
0 	
0 	
0.999999480761447 	
0.999999955750158 	
0 	
0 	
0 	
0 	
0.999999834909781 	
1.99999925090085 	
0 	
0 	
0.999999955750158 	
0 	
1.99999894104466 	
0 	
0.999999480761447 	
0 	
1.49999955366899 	
0.999999481250932 	
0 	
0 	
0 	
0.999999632186113 	
0 	
0 	
0 	
0 	
0.999999834909781 	
0 	
0 	
0 	
0 	
0 	
0 	
0 	
0 	
0 	
0 	
0 	
0 	
0 	
0 	
0 	
0 	
0.999999955750158 	
0 	
0 	
0.999999481250932 	
0 	
0 	
0 	
0 	
0 	
0.999999834909781 	
0 	
0 	
0 	
0.999999632186113 	
0 	
0 	
0 	
0 	
0 	
0 	
0 	
0 	
1.99999925090085 	
0 	
0 	
0.999999687472308 	
0.999999955750158 	
1.49999945202234 	
0 	
0 	
0 	
0.999999834909781 	
0 	
0.999999834909781 	
0 	
0.999999955750158 	
0 	
0 	
0 	
0 	
0.999999746982215 	
0 	
0.999999674307175 	
1.74999891107388 	
0.999999955750158 	
0.999999834909781 	
0.999999674307175 	
0 	
0 	
0 	
