0.999999746982215 	
0 	
0.999999632186113 	
0 	
0.999999955750158 	
1.99999926437223 	
1.99999896152289 	
1.99999896152289 	
0 	
0 	
0.999999480761447 	
0 	
0 	
2.49999875736744 	
1.99999894104466 	
1.99999966981956 	
1.99999949396443 	
1.99999861524161 	
1.99999934861435 	
0.999999834909781 	
2.49999845876156 	
0 	
0 	
0.999999674307175 	
1.49999955366899 	
0 	
0 	
0.999999834909781 	
1.99999872969113 	
0.999999687472308 	
1.99999896250186 	
0.999999834909781 	
0.999999327545693 	
0.999999834909781 	
1.99999934861435 	
0.999999480761447 	
0.999999746982215 	
0 	
0.999999632186113 	
2.99999758204806 	
0 	
0 	
0.999999955750158 	
1.99999894104466 	
0.999999674307175 	
1.99999926437223 	
1.99999925090085 	
0 	
0.999999834909781 	
0.999999834909781 	
0.999999834909781 	
0.999999834909781 	
0.999999674307175 	
2.99999758204806 	
0 	
0 	
3.99999805797361 	
0 	
0 	
0 	
0 	
0.999999625450423 	
0 	
0.999999480761447 	
0 	
0.999999955750158 	
0.999999674307175 	
2.49999845876156 	
0 	
0.999999358698125 	
1.49999980424771 	
0.999999674307175 	
0 	
0.999999480761447 	
0.999999481250932 	
0 	
0.999999955750158 	
0.999999834909781 	
0.999999955750158 	
0.999999955750158 	
0 	
1.49999955366899 	
2.99999805990419 	
1.49999955366899 	
0 	
0.999999955750158 	
0 	
0.999999632186113 	
0 	
0.999999955750158 	
0 	
0.999999632186113 	
0.999999834909781 	
0 	
0.999999834909781 	
1.99999934861435 	
0.999999364845566 	
1.99999925090085 	
1.74999903519047 	
2.49999931067901 	
0 	
0 	
2.49999892545067 	
0.999999364845566 	
0 	
0 	
0.999999426058267 	
0 	
0 	
0 	
