1.99999833751845 	
0 	
0 	
0 	
0 	
0 	
0 	
0.999999358698125 	
2.49999837456189 	
0.999999746982215 	
0 	
0 	
0 	
0 	
0 	
0 	
0 	
0.999999834909781 	
0 	
1.49999955366899 	
0.999999834909781 	
0 	
0 	
1.99999934861435 	
0.999999834909781 	
0.999999834909781 	
0.999999834909781 	
0.999999834909781 	
0 	
0 	
0 	
0 	
0 	
0 	
0.999999632186113 	
0.999999481250932 	
0 	
0 	
0.999999746982215 	
0 	
0.999999834909781 	
1.99999872969113 	
0.999999955750158 	
0.999999955750158 	
0.999999632186113 	
0 	
0 	
0 	
0 	
0 	
1.74999841678421 	
0.999999955750158 	
0.999999834909781 	
0 	
0.999999625450423 	
0 	
0 	
0 	
2.49999931067901 	
0.999999955750158 	
0.999999955750158 	
0 	
0.999999955750158 	
0 	
0 	
0 	
0.999999834909781 	
0.999999834909781 	
0.999999674307175 	
0 	
0 	
1.99999894104466 	
0 	
0 	
0 	
0.999999834909781 	
0.999999834909781 	
0.999999746982215 	
0 	
1.99999872969113 	
0 	
1.99999894104466 	
0.999999955750158 	
0 	
0 	
0.999999480761447 	
0.999999632186113 	
0 	
0 	
0 	
0.999999480761447 	
0.999999834909781 	
0 	
0.999999834909781 	
0.999999632186113 	
0 	
0 	
1.99999925090085 	
0 	
0.999999625450423 	
0 	
0.999999674307175 	
1.99999925090085 	
0 	
0 	
0.999999955750158 	
2.99999924094665 	
1.99999925090085 	
0.999999364845566 	
0 	
