1.99999871739625 	
4.49999457702884 	
1.99999829856198 	
1.99999926437223 	
1.99999830693778 	
2.99999729695313 	
2.99999902292153 	
0.999999674307175 	
2.99999844228434 	
4.49999610323917 	
1.99999854355623 	
3.49999782214776 	
5.24999493039614 	
1.74999864733229 	
5.49999464973103 	
2.49999892545067 	
3.99999608700193 	
0.999999632186113 	
3.99999852874445 	
3.49999833761148 	
3.99999608700193 	
3.99999620620093 	
4.74999491096645 	
2.99999840600825 	
2.99999855923089 	
1.99999934861435 	
4.74999567996786 	
2.99999811297737 	
1.9999991170001 	
0.999999480761447 	
