0.999999271778113 	
0.999999480761447 	
3.99999723048323 	
2.99999829692271 	
0.999999834909781 	
0 	
0 	
2.74999828691575 	
0.999999834909781 	
0.999999884905103 	
0 	
0 	
1.99999934861435 	
1.99999934861435 	
0.999999674307175 	
0.999999746982215 	
0 	
1.99999896250186 	
1.99999894104466 	
0 	
0.999999480761447 	
2.9999979852231 	
0 	
0.999999834909781 	
0.999999480761447 	
1.99999934861435 	
1.99999925090085 	
1.99999854355623 	
0 	
0.999999674307175 	
0.999999364845566 	
0 	
1.49999876307492 	
1.9999983029093 	
0.999999625450423 	
0 	
1.49999945202234 	
0 	
0 	
0 	
0 	
0 	
1.99999925090085 	
0.999999364845566 	
2.49999845876156 	
1.49999955366899 	
1.99999904926977 	
0.999999674307175 	
4.49999718720329 	
0 	
0 	
0.999999481250932 	
0.999999632186113 	
1.99999966981956 	
0.999999834909781 	
0 	
0 	
0 	
0.999999834909781 	
0.999999426058267 	
0.999999955750158 	
1.9999991170001 	
0.999999076496691 	
1.99999896152289 	
3.99999783041119 	
0 	
0 	
0 	
0.999999625450423 	
0 	
1.99999861524161 	
1.99999934861435 	
0.999999426058267 	
2.99999841113596 	
0.999999834909781 	
2.99999872598333 	
0 	
0.999999955750158 	
1.49999955366899 	
0.999999632186113 	
0 	
0.999999364845566 	
0 	
0.999999955750158 	
0.999999625450423 	
0.999999834909781 	
0 	
2.49999910463391 	
0 	
1.9999992858887 	
0 	
1.99999896152289 	
0.999999358698125 	
1.99999861524161 	
0.999999674307175 	
1.74999903519047 	
0.999999632186113 	
0.999999955750158 	
0 	
0 	
0 	
0 	
3.99999777926127 	
2.74999815330529 	
0 	
0.999999834909781 	
2.99999745896876 	
0.999999545184678 	
1.99999904301064 	
0.999999632186113 	
