4.49999610323917 	
0 	
0.999999632186113 	
1.49999899063666 	
1.99999949396443 	
1.99999933545574 	
0 	
0.999999625450423 	
1.99999894104466 	
0 	
3.49999743388527 	
0.999999834909781 	
0.999999625450423 	
0.999999834909781 	
0 	
1.99999876031075 	
0.999999364845566 	
1.99999926437223 	
0 	
0.999999834909781 	
1.49999980424771 	
0 	
0.999999674307175 	
0 	
0 	
0.999999632186113 	
0.999999834909781 	
0 	
0 	
1.99999934861435 	
0 	
0 	
0.999999834909781 	
0.999999834909781 	
0.999999834909781 	
0.999999625450423 	
0 	
0 	
0 	
0 	
0.999999625450423 	
0 	
0 	
0.999999955750158 	
0.999999480761447 	
0.999999480761447 	
1.99999934861435 	
0 	
1.4999989542961 	
0 	
1.99999934861435 	
0 	
0.999999364845566 	
1.99999931263766 	
0 	
0.999999364845566 	
0.999999834909781 	
0.999999834909781 	
0 	
0.999999834909781 	
0.999999834909781 	
0.999999955750158 	
0 	
3.74999594394787 	
1.99999925090085 	
1.99999861524161 	
0 	
0.999999632186113 	
1.99999926437223 	
0.999999834909781 	
0 	
0.999999625450423 	
2.24999871399747 	
1.99999934861435 	
0 	
0 	
1.9999983029093 	
0.999999358698125 	
2.99999872598333 	
0 	
0.999999481250932 	
1.99999926437223 	
0.999999834909781 	
1.99999872969113 	
0.999999480761447 	
0 	
0.999999955750158 	
0.999999674307175 	
0.999999426058267 	
1.99999931263766 	
0 	
0.999999625450423 	
0.999999632186113 	
0.999999746982215 	
0 	
0.999999481250932 	
1.99999931263766 	
1.99999894104466 	
1.99999934861435 	
0.999999834909781 	
2.49999870819152 	
0 	
0 	
0 	
0 	
0 	
0.999999834909781 	
0 	
0.999999674307175 	
0.999999625450423 	
1.99999925090085 	
0.999999834909781 	
0.999999480761447 	
1.99999931263766 	
0.999999834909781 	
0 	
1.99999931263766 	
0 	
0.999999625450423 	
0 	
0.999999955750158 	
2.49999870819152 	
0.999999955750158 	
0 	
0 	
0 	
0.999999834909781 	
0.999999955750158 	
0 	
2.99999872598333 	
0.999999955750158 	
0 	
0.999999480761447 	
0.999999674307175 	
0 	
1.99999925090085 	
0.999999625450423 	
0.999999834909781 	
0.999999955750158 	
0 	
1.99999966981956 	
0.999999955750158 	
0 	
0.999999674307175 	
0 	
1.99999949396443 	
0.999999625450423 	
0.999999834909781 	
1.49999945202234 	
0 	
0.999999674307175 	
0 	
0.999999674307175 	
0 	
1.99999894104466 	
0.999999834909781 	
0 	
0 	
0 	
0.999999674307175 	
0 	
1.99999931263766 	
0.999999674307175 	
0 	
0.999999481250932 	
0.999999364845566 	
0.999999746982215 	
0.999999955750158 	
0 	
1.99999931263766 	
0.999999674307175 	
0.999999955750158 	
0 	
1.49999860311264 	
0 	
1.99999894104466 	
0.999999955750158 	
1.99999894104466 	
0 	
1.74999938758003 	
0 	
0.999999632186113 	
0.999999364845566 	
1.99999948254491 	
0 	
0 	
0.999999625450423 	
1.99999894104466 	
0 	
0 	
0.999999955750158 	
0.999999955750158 	
0 	
0.999999834909781 	
0 	
0.999999674307175 	
0 	
0 	
0.999999481250932 	
2.49999840848296 	
0.999999481250932 	
0 	
0.999999955750158 	
0 	
0 	
1.49999945202234 	
0 	
0 	
1.99999925090085 	
0.999999625450423 	
0 	
