0.999999834909781 	
0 	
1.9999983029093 	
0.999999426058267 	
0 	
0 	
0 	
0 	
0 	
1.9999992858887 	
0.999999834909781 	
1.49999955366899 	
1.49999955366899 	
2.99999742773353 	
0 	
1.99999926437223 	
0.999999480761447 	
0.999999545184678 	
0 	
0.999999834909781 	
1.99999810182898 	
0 	
0 	
0 	
1.99999894104466 	
2.49999821734847 	
1.99999934861435 	
0 	
0 	
3.49999833158347 	
0.999999955750158 	
0.999999545184678 	
0.999999364845566 	
2.74999786919503 	
0 	
2.99999889655834 	
0 	
1.49999945202234 	
0 	
2.99999855923089 	
1.99999926437223 	
0.999999075432228 	
0.999999674307175 	
1.99999931263766 	
3.9999972132209 	
0 	
0 	
1.99999894104466 	
3.99999608437385 	
2.2499978898268 	
2.49999769744751 	
0.999999674307175 	
0.999999674307175 	
0.999999955750158 	
1.99999833751845 	
0 	
0.999999687472308 	
0.999999674307175 	
0 	
0 	
0.999999834909781 	
1.99999931263766 	
0 	
0 	
1.99999966981956 	
0 	
1.99999934861435 	
0 	
0.999999955750158 	
2.49999892545067 	
0 	
0.999999834909781 	
0.999999834909781 	
0.999999632186113 	
0.999999955750158 	
3.99999723048323 	
1.99999854016626 	
1.99999894104466 	
0.999999632186113 	
0.999999674307175 	
2.74999860645227 	
0.999999632186113 	
0.999999625450423 	
0 	
2.99999855923089 	
0.999999481250932 	
0.999999955750158 	
2.99999722897122 	
0.999999625450423 	
1.99999925090085 	
0 	
0.999999834909781 	
0.999999955750158 	
0.999999834909781 	
0.999999955750158 	
0 	
0 	
1.99999854016626 	
2.99999836630281 	
1.99999966981956 	
1.49999980424771 	
2.49999875736744 	
1.9999983029093 	
1.99999931263766 	
1.99999872969113 	
0.999999674307175 	
1.49999945202234 	
1.99999926437223 	
0.999999480761447 	
0 	
