0 	
0.999999834909781 	
1.99999926437223 	
0 	
0 	
0 	
0 	
0.999999834909781 	
0.999999480761447 	
0 	
0 	
0 	
0.999999625450423 	
1.99999934861435 	
0 	
1.99999833751845 	
0 	
2.99999924094665 	
1.99999896152289 	
0 	
0 	
0.999999834909781 	
0 	
0.999999625450423 	
0.999999834909781 	
0.999999625450423 	
0.999999480761447 	
0.999999746982215 	
2.49999931067901 	
0 	
0 	
0.999999955750158 	
0 	
0 	
0.999999955750158 	
0.999999632186113 	
0 	
2.24999871399747 	
0 	
0 	
0.999999834909781 	
0.999999075432228 	
0 	
0 	
0 	
0 	
0 	
0 	
0.999999955750158 	
1.99999926437223 	
0 	
0 	
0 	
1.99999934861435 	
0.999999746982215 	
0 	
0.999999834909781 	
0 	
0.999999480761447 	
0 	
0 	
1.99999934861435 	
0.999999834909781 	
0 	
0.999999834909781 	
0 	
0 	
0 	
0 	
0 	
0 	
0 	
0 	
0.999999746982215 	
0.999999674307175 	
0 	
1.99999931263766 	
0 	
0 	
0.999999674307175 	
1.99999934861435 	
0 	
0 	
0 	
1.99999966981956 	
0.999999834909781 	
0 	
0 	
0 	
0 	
0.999999834909781 	
0.999999834909781 	
0.999999746982215 	
0 	
0 	
0.999999746982215 	
0.999999834909781 	
0 	
0.999999674307175 	
0 	
2.49999840848296 	
0 	
0 	
0 	
0 	
0 	
0.999999955750158 	
0.999999834909781 	
0.999999625450423 	
0 	
1.99999833751845 	
0.999999632186113 	
1.99999948254491 	
0.999999746982215 	
0.999999834909781 	
0.999999632186113 	
0.999999834909781 	
0 	
0 	
0.999999481250932 	
0.999999955750158 	
0 	
0 	
0.999999746982215 	
0 	
0.999999364845566 	
0 	
0 	
0 	
1.49999945202234 	
3.24999754936899 	
0.999999674307175 	
0 	
0.999999480761447 	
1.99999925090085 	
0 	
0 	
0 	
0.999999674307175 	
0.999999426058267 	
0 	
0 	
0 	
3.49999832724642 	
0 	
0.999999674307175 	
0 	
0 	
0.999999834909781 	
1.49999955366899 	
0 	
0 	
0 	
0 	
0 	
2.99999864425523 	
0.999999955750158 	
0 	
0.999999625450423 	
0 	
0 	
0.999999955750158 	
1.99999934861435 	
0 	
1.49999980424771 	
0 	
0.999999834909781 	
0.999999632186113 	
0 	
0.999999834909781 	
0.999999480761447 	
0 	
0.999999632186113 	
0.999999480761447 	
0.999999625450423 	
0 	
0 	
0 	
1.99999934861435 	
1.99999934861435 	
1.49999955366899 	
0.999999674307175 	
2.99999810553855 	
0 	
0.999999625450423 	
0.999999955750158 	
0 	
0.999999480761447 	
0 	
0 	
0 	
0 	
0.999999746982215 	
0 	
1.99999934861435 	
0 	
0.999999481250932 	
0 	
0.999999834909781 	
0 	
0 	
0 	
1.99999934861435 	
0 	
0 	
0 	
0.999999834909781 	
1.49999955366899 	
0.999999834909781 	
1.49999955366899 	
1.99999934861435 	
0 	
