0 	
0.999999632186113 	
1.99999903214041 	
0 	
1.49999949753796 	
1.49999868021577 	
0 	
0 	
1.66666613094462 	
0 	
0 	
0 	
0 	
0.999999552828006 	
0 	
0 	
0 	
4.81944115963396 	
0 	
0 	
0 	
3.37499657130173 	
1.49999945202234 	
0.999999077353539 	
0 	
1.99999970759252 	
0 	
2.99999810135173 	
0 	
1.49999949753796 	
0 	
0.999999410540692 	
1.99999756874787 	
1.7499986785797 	
2.49999783437964 	
1.49999980424771 	
5.99999322505226 	
1.99999900820924 	
0 	
0 	
0.999999674307175 	
0 	
2.2499974818565 	
1.99999798262039 	
0 	
5.17447229245241 	
0 	
2.49999836169689 	
0.999999632186113 	
0 	
0 	
2.24999849070057 	
2.74999831046756 	
1.99999932899716 	
0 	
1.49999858215085 	
0 	
0 	
0 	
0 	
1.49999973592541 	
0 	
0 	
0.999999955750158 	
0 	
0 	
0 	
2.49999915160878 	
0 	
2.24999869415451 	
1.99999894378058 	
1.49999956887986 	
0 	
0 	
0 	
0 	
0 	
0.999999674307175 	
0 	
0 	
0.999999955750158 	
2.08333169730937 	
0 	
0.999999955750158 	
2.24999864837405 	
3.49999761696436 	
0 	
3.99999613812414 	
0.999999834909781 	
0 	
0 	
0.999999481250932 	
0 	
0 	
0 	
1.99999894378058 	
1.99999857983407 	
0 	
0 	
0 	
0 	
3.49999795907647 	
4.49999464719392 	
0.999999358698125 	
2.74999853367808 	
0 	
1.49999949753796 	
1.99999925212376 	
4.74999645031055 	
2.49999900670956 	
0 	
