0 	
1.66666577077729 	
0 	
0 	
0 	
1.99999910565601 	
0 	
1.66666613094462 	
0.999999500812446 	
0 	
0 	
3.4999977321856 	
0 	
0 	
2.99999599068811 	
1.99999815449391 	
3.74999814256127 	
0 	
0 	
0 	
0 	
0 	
0 	
0.999999481250932 	
1.499999440046 	
1.99999937108649 	
0 	
0 	
2.4999980776936 	
0.999999632186113 	
0 	
0 	
0 	
3.20833051277085 	
0 	
0 	
1.99999925212376 	
0 	
0 	
0 	
0 	
0 	
0 	
0 	
0 	
0 	
0 	
1.49999819346348 	
0 	
0.999999632186113 	
0.999999664498579 	
0.999999674307175 	
1.99999936122043 	
3.49999676624597 	
0 	
0.999999834909781 	
1.99999937006216 	
0 	
0 	
0 	
0 	
0 	
0.999999834909781 	
0 	
1.99999925212376 	
0 	
0 	
0 	
0 	
0 	
3.49999766668953 	
0 	
2.99999857700556 	
0.999999481250932 	
0 	
1.99999910565601 	
1.49999926114479 	
0 	
0 	
0 	
0 	
1.99999970759252 	
2.24999816309945 	
3.99999693939371 	
3.2499973571594 	
0 	
0.999999955750158 	
0 	
0.999999075432228 	
2.49999783437964 	
0 	
1.49999973592541 	
0 	
4.49999663889142 	
0 	
1.99999882108138 	
1.99999925212376 	
1.99999798262039 	
0.999999955750158 	
1.99999925212376 	
1.99999936122043 	
1.49999926114479 	
0 	
0 	
0 	
2.24999849070057 	
0 	
0 	
0 	
0 	
1.99999970759252 	
0 	
