0 	
0 	
0 	
0 	
1.99999937006216 	
0.999999673059296 	
0 	
0 	
0.999999552828006 	
1.99999866827126 	
0 	
0 	
0 	
0.999999674307175 	
2.49999915160878 	
1.49999926114479 	
0 	
0 	
0.999999685543246 	
0 	
3.24999768895686 	
0 	
0 	
0.999999834909781 	
1.99999970759252 	
4.62499390498421 	
0 	
0 	
0 	
1.99999910565601 	
0 	
0 	
0 	
0 	
0.999999674307175 	
0 	
0 	
0 	
0 	
2.7499989960642 	
3.49999816132328 	
1.49999929000486 	
0 	
0 	
0 	
0 	
0.999999955750158 	
0 	
0 	
0 	
3.49999765987032 	
0 	
0.999999834909781 	
0 	
0.999999481250932 	
0 	
0 	
0 	
0 	
0 	
0 	
0 	
2.49999859665474 	
0 	
4.74999600791694 	
0 	
0 	
1.99999936122043 	
0 	
0 	
3.58333119929887 	
0.999999632186113 	
2.49999832048613 	
0 	
0 	
0 	
0 	
0 	
2.99999780610714 	
0 	
0.999999301953929 	
0 	
0 	
0 	
0 	
2.49999828342188 	
0 	
0 	
3.37499679572222 	
0 	
0 	
0 	
0.999999674307175 	
0 	
0.999999301953929 	
0 	
0 	
0 	
3.33333061642644 	
0 	
0 	
1.99999882108138 	
0 	
0 	
0 	
0 	
0 	
0 	
2.74999711086996 	
0 	
0.999999834909781 	
1.99999970759252 	
0 	
