0.99999914290829 	
0.999999884905103 	
0 	
0 	
4.74999470331296 	
0 	
0 	
0 	
0 	
0.99999962606188 	
0.999999674307175 	
0 	
0 	
0 	
0.999999674307175 	
0 	
0 	
4.49999620293108 	
1.87499921541987 	
0.999999288422125 	
1.99999925212376 	
0 	
0 	
1.99999882108138 	
0 	
0 	
5.24999440073378 	
1.74999831134102 	
0 	
0 	
1.99999937108649 	
0 	
3.37499702495668 	
0 	
3.74999600166939 	
1.99999970759252 	
0 	
1.99999882108138 	
0.999999481250932 	
0 	
0 	
0 	
3.99999755925741 	
0 	
1.99999857684425 	
1.74999937116504 	
4.99999529819821 	
1.99999910565601 	
0 	
0.999999674307175 	
1.49999973592541 	
0 	
0 	
0 	
0.999999552828006 	
0 	
6.37498919474772 	
0.999999674307175 	
0 	
1.4999991831514 	
0 	
1.99999857684425 	
1.49999889648845 	
0 	
1.49999935476027 	
0 	
1.99999970759252 	
1.99999803250281 	
3.99999752787185 	
0 	
0 	
0 	
0 	
0 	
3.49999675207199 	
0 	
1.99999882108138 	
0 	
0 	
0 	
0 	
0 	
1.99999925212376 	
0 	
2.74999806837219 	
0.999999955750158 	
2.64583047977676 	
0 	
3.06249470860609 	
3.08333131680752 	
0 	
0 	
5.49999494516498 	
0 	
0 	
0 	
2.08333221892247 	
0 	
0 	
0 	
1.9999981544939 	
1.99999925212376 	
0 	
2.24999882694246 	
1.99999932899716 	
0 	
1.99999970759252 	
2.49999753920731 	
1.99999815449391 	
1.99999894378058 	
