0 	
4.74999037579841 	
0.999999884905103 	
3.49999482437431 	
0 	
0 	
5.71613591489799 	
0 	
0.999999151454652 	
0 	
0 	
1.49999929000486 	
5.11110369281202 	
0 	
0 	
0 	
0 	
0 	
0 	
0 	
0 	
0 	
0 	
0 	
1.99999918908834 	
6.74999159076773 	
0 	
5.33332775394565 	
0 	
1.99999936122043 	
0 	
2.99999790492049 	
0 	
0 	
1.49999949753796 	
0 	
4.74999639097169 	
1.99999910565601 	
0.999999358698125 	
0.999999955750158 	
1.99999910565601 	
2.99999777408672 	
0.999999674307175 	
3.9999971536885 	
3.87499759064253 	
0 	
0 	
0.999999674307175 	
4.24999689872403 	
0 	
1.99999882108138 	
2.99999772204389 	
3.49999676624597 	
3.3749975818118 	
1.99999937108649 	
3.499995114883 	
0 	
0 	
4.12499623848697 	
5.24999310618423 	
4.37499613525844 	
0 	
0 	
2.99999777827406 	
0 	
0 	
0.999999674307175 	
4.24999623215814 	
1.99999926437223 	
3.99999821623885 	
4.87499552328849 	
0.999999955750158 	
0 	
2.49999843474885 	
0 	
3.99999644251656 	
0 	
0.999999358698125 	
0 	
0 	
0 	
1.49999956887986 	
4.37499625968249 	
0 	
3.4999967816397 	
1.99999937108649 	
4.14582867208122 	
1.49999973592541 	
2.7499972264436 	
2.74999831046756 	
0.999999674307175 	
0 	
1.99999970759252 	
2.99999797999058 	
0 	
3.24999848763219 	
0 	
0 	
1.99999775040471 	
1.99999900820924 	
3.49999710779926 	
2.49999915160878 	
2.49999885878323 	
0 	
1.49999860311264 	
2.74999756009324 	
0 	
0.999999151454652 	
0 	
0 	
0 	
