0 	
1.99999554668746 	
0 	
0 	
0.999999839622151 	
0 	
0 	
0.999999518430837 	
0 	
0 	
0.999999552828006 	
0 	
0 	
0.999999632186113 	
0 	
0 	
0.999999632186113 	
0 	
0 	
0 	
0.999999674307175 	
0 	
0.999999481250932 	
1.99999925212376 	
0.999999674307175 	
0.999999834909781 	
0 	
0 	
0 	
0 	
1.99999926437223 	
0 	
1.99999926437223 	
0 	
1.99999896250186 	
0 	
0.999999834909781 	
0.999999632186113 	
0 	
0.999999632186113 	
2.9999980775029 	
0.999999834909781 	
0 	
0 	
0 	
0 	
1.99999937108649 	
1.9999981544939 	
0 	
0 	
0.999999288422125 	
0 	
0.999999674307175 	
0.999999481250932 	
0.999999674307175 	
0 	
0.999999632186113 	
0 	
1.9999983029093 	
0.999999632186113 	
0 	
0 	
1.99999896250186 	
0.999999834909781 	
0.999999674307175 	
0.999999834909781 	
0.999999834909781 	
0 	
0 	
0.999999358698125 	
0 	
1.99999871739625 	
0 	
0 	
0.999999632186113 	
1.99999937108649 	
0 	
0 	
0 	
0.99999962606188 	
0 	
1.99999871739625 	
0 	
1.99999926437223 	
0 	
0.99999985379626 	
0.999999481250932 	
0.999999955750158 	
0.999999481250932 	
0 	
0.999999834909781 	
0.999999674307175 	
4.49999684789212 	
0 	
0.999999632186113 	
0.999999674307175 	
0 	
0 	
0 	
1.99999926437223 	
1.99999934861435 	
0.999999632186113 	
1.99999966981956 	
0 	
0 	
0 	
0 	
0.999999834909781 	
0.999999632186113 	
1.99999896250186 	
