0 	
0 	
0 	
0.999998905533303 	
0 	
0 	
0 	
0.999999287989574 	
1.99999932435562 	
1.99999669880781 	
0.999998534342837 	
0 	
0 	
0.999999674307175 	
0.999999703628503 	
0 	
0.999999955750158 	
0.999999674307175 	
0 	
0 	
0 	
0.999999834909781 	
0 	
0.99999962606188 	
0.999999674307175 	
0.999999834909781 	
0.999999674307175 	
0 	
0 	
0 	
0 	
2.9999984437528 	
0.999999674307175 	
0 	
0.99999962606188 	
0.999999481250932 	
1.99999928958687 	
0.999999674307175 	
1.99999896250186 	
0.999999552828006 	
0 	
0 	
0 	
1.99999926437223 	
0.999999632186113 	
0 	
0.999999481250932 	
0 	
0.999999674307175 	
0 	
0.999999674307175 	
1.99999934861435 	
0 	
0.999999834909781 	
0 	
1.99999934861435 	
0 	
0 	
0.999999481250932 	
0.999999674307175 	
0 	
0.999999358698125 	
0 	
0.999999552828006 	
0 	
0.999999674307175 	
1.99999874892738 	
0.999999685543246 	
1.99999896250186 	
0 	
0 	
0 	
0 	
0.999999358698125 	
0 	
0.999999834909781 	
0.999999481250932 	
0 	
0 	
0.999999674307175 	
0 	
0 	
1.99999926437223 	
0.999999552828006 	
0.999999358698125 	
0 	
0 	
0.999999674307175 	
0.999999533150113 	
0 	
0 	
0 	
0 	
0 	
0 	
0 	
0 	
1.99999934861435 	
0 	
0 	
0.999999358698125 	
1.99999934861435 	
0.999999834909781 	
0 	
0 	
1.99999897409985 	
0.999999632186113 	
0 	
0 	
0 	
0.999999834909781 	
