1.99999933545574 	
0.999999781653919 	
0 	
0 	
0 	
0 	
0 	
0 	
0 	
0.99999993340406 	
0 	
0 	
0 	
0 	
0 	
0 	
0.999999674307175 	
0 	
0.999999632186113 	
0 	
0.999999834909781 	
0 	
0 	
0 	
0.999999955750158 	
0.999999834909781 	
1.99999934861435 	
1.99999966981956 	
0 	
0 	
0 	
0 	
0 	
0 	
0.999999288422125 	
0.999999481250932 	
0 	
0 	
0 	
0 	
0 	
0 	
0.999999632186113 	
0 	
0 	
0.999999481250932 	
0 	
0.999999834909781 	
0 	
0.999999685543246 	
0 	
0.999999674307175 	
0 	
0 	
0 	
0 	
0 	
0 	
0.999999834909781 	
0 	
0 	
0.999999674307175 	
0 	
1.4999991831514 	
1.99999896250186 	
0.999999674307175 	
1.99999934861435 	
0.999999674307175 	
0.99999962606188 	
0 	
0.999999955750158 	
0 	
0 	
0 	
0 	
0 	
0 	
1.99999966981956 	
1.99999877993995 	
0 	
0 	
0 	
0.999999674307175 	
0 	
0 	
0 	
0 	
0.999999955750158 	
1.99999882108138 	
0 	
2.49999892545067 	
1.99999926437223 	
0.999999481250932 	
0 	
0 	
0 	
0 	
0 	
0 	
0 	
0.999999481250932 	
2.49999931067901 	
0.999999834909781 	
0 	
0.999999955750158 	
1.99999926437222 	
0 	
1.99999890401956 	
0.999999151454652 	
0 	
0.999999834909781 	
0 	
