1.99999919989308 	
1.49999944158655 	
0 	
0.999999874489039 	
0.999999955750158 	
0.999999955750158 	
1.49999944158655 	
1.99999902976316 	
1.49999980424771 	
2.24999856450321 	
0 	
0 	
1.49999959300891 	
0.999999743847612 	
2.49999808979242 	
1.74999935938636 	
0 	
2.24999902976266 	
1.49999959300891 	
2.24999856450321 	
0.999999874489039 	
1.49999959300891 	
1.49999959300891 	
1.74999921219077 	
0.999999874489039 	
1.49999959300891 	
1.49999944158655 	
0 	
0 	
0 	
0 	
0 	
0 	
0 	
0 	
0 	
0.999999743847612 	
2.24999902976266 	
1.49999980424771 	
0 	
0 	
0 	
1.49999959300891 	
0 	
1.74999935938636 	
0 	
0 	
0 	
1.74999953715819 	
0.999999955750158 	
0 	
1.99999919989308 	
0 	
0 	
0 	
0 	
2.2499991836716 	
0 	
2.2499991836716 	
0 	
0 	
1.99999919989308 	
0.999999874489039 	
0 	
1.49999980424771 	
2.24999902976266 	
0.999999743847612 	
2.2499991836716 	
1.49999959300891 	
0 	
0 	
0 	
1.99999902976316 	
1.74999921219077 	
0 	
0 	
0 	
0 	
0 	
2.49999870221434 	
0 	
2.49999843734711 	
0 	
2.74999808359428 	
0 	
0 	
0 	
0 	
0.999999955750158 	
0.999999955750158 	
1.49999944158655 	
2.74999819992227 	
0 	
0 	
0 	
0 	
0 	
0 	
0 	
0 	
0 	
0 	
1.99999919989308 	
1.49999980424771 	
1.49999980424771 	
1.49999959300891 	
0 	
2.2499991836716 	
0 	
1.49999959300891 	
