0 	
0 	
0 	
0 	
0 	
1.49999959300891 	
1.74999935938636 	
0 	
0.999999955750158 	
0 	
0 	
0 	
0 	
1.74999953715819 	
0 	
0 	
0 	
0 	
0 	
0.999999874489039 	
0 	
0 	
0.999999955750158 	
0 	
0.999999955750158 	
0 	
0.999999955750158 	
0 	
0.999999955750158 	
0 	
0 	
0 	
0 	
0 	
0 	
0 	
1.49999980424771 	
2.24999902976266 	
0.999999955750158 	
0 	
0.999999874489039 	
0 	
0 	
0 	
0 	
0 	
0 	
0 	
0 	
0 	
0 	
0 	
0 	
0 	
0.999999874489039 	
0 	
0 	
0 	
0 	
0.999999874489039 	
1.49999980424771 	
0 	
0 	
0 	
1.49999959300891 	
0 	
0 	
0 	
1.49999980424771 	
0 	
0 	
0 	
2.2499991836716 	
0 	
0 	
0 	
0 	
0 	
0 	
1.99999935032798 	
0 	
0 	
0 	
0 	
0 	
0 	
0 	
0 	
0 	
1.99999935938627 	
0 	
1.49999980424771 	
0 	
0 	
0 	
0 	
0.999999955750158 	
0.999999743847612 	
0 	
0 	
0 	
0 	
0.999999743847612 	
0 	
1.49999980424771 	
0 	
0 	
0 	
0 	
0 	
