0.999999874489039 	
0 	
0 	
0 	
0 	
0 	
0 	
0 	
0.999999874489039 	
1.49999980424771 	
0 	
1.49999980424771 	
0 	
2.24999872414642 	
0 	
1.74999953715819 	
0 	
0 	
0 	
0 	
0 	
0.999999743847612 	
0 	
0 	
0 	
0 	
0.999999955750158 	
0.999999874489039 	
0 	
1.49999944158655 	
0.999999955750158 	
0 	
1.49999959300891 	
0 	
0 	
0 	
0 	
0 	
0 	
0 	
0 	
0 	
0 	
1.49999980424771 	
1.49999944158655 	
0.999999874489039 	
0.999999955750158 	
0 	
1.99999935032798 	
0 	
1.49999980424771 	
0 	
1.74999953715819 	
0 	
1.49999959300891 	
0 	
0 	
0 	
0 	
0 	
0 	
0 	
0 	
0 	
2.24999869268311 	
0 	
0.999999874489039 	
0 	
0 	
0 	
0 	
0 	
0 	
1.99999902976316 	
0 	
0 	
0.999999955750158 	
1.99999919989308 	
0 	
0 	
0 	
0.999999955750158 	
0.999999874489039 	
0 	
0.999999955750158 	
1.74999953715819 	
0 	
0.999999874489039 	
1.99999902976316 	
2.2499991836716 	
0 	
0 	
0 	
1.49999959300891 	
0.999999955750158 	
0.999999955750158 	
1.49999980424771 	
0 	
1.99999919989308 	
0 	
0 	
0 	
0 	
0.999999955750158 	
0 	
1.74999935938636 	
1.74999935938636 	
1.49999980424771 	
0 	
0.999999955750158 	
0.999999955750158 	
1.49999980424771 	
1.74999921219077 	
0 	
0 	
0.999999955750158 	
0 	
0 	
0 	
0 	
0 	
0 	
0.999999955750158 	
0 	
1.74999935938636 	
0 	
1.99999919989308 	
0 	
0 	
0 	
0 	
0 	
0.999999874489039 	
0 	
1.99999919989308 	
0.999999955750158 	
0 	
0 	
0 	
0 	
0 	
0 	
0 	
0 	
0 	
0 	
0 	
0 	
1.49999959300891 	
0 	
0 	
2.2499991836716 	
0 	
0.999999955750158 	
0 	
0 	
0 	
0 	
0 	
1.74999935938636 	
0 	
0.999999955750158 	
0 	
0 	
0.999999874489039 	
0 	
0 	
0 	
1.99999879906156 	
0.999999955750158 	
0 	
0 	
0.999999955750158 	
0 	
0 	
0 	
0 	
0 	
2.2499991836716 	
2.2499991836716 	
0 	
0 	
0 	
2.24999902976266 	
0.999999874489039 	
0 	
0 	
0 	
0 	
0 	
0 	
0 	
0 	
0 	
0 	
0 	
1.49999980424771 	
2.24999902976266 	
0 	
0 	
0 	
0 	
0 	
0 	
0 	
0 	
0 	
0 	
1.74999935938636 	
1.49999944158655 	
