0.999999955750158 	
1.49999980424771 	
1.99999919989308 	
1.49999959300891 	
0 	
1.49999980424771 	
0.999999743847612 	
2.24999872414642 	
0 	
0 	
0 	
0.999999955750158 	
0 	
0 	
0 	
1.49999980424771 	
0.999999874489039 	
2.2499991836716 	
0 	
2.24999902976266 	
0 	
0 	
0 	
1.49999959300891 	
1.99999919989308 	
1.49999980424771 	
0 	
0 	
0.999999955750158 	
1.49999959300891 	
0 	
2.74999819992227 	
0 	
0 	
0 	
0 	
0 	
0 	
0.999999955750158 	
0 	
0 	
0 	
0 	
1.49999980424771 	
0.999999874489039 	
0 	
0 	
0 	
1.99999919989308 	
2.2499991836716 	
0 	
0.999999955750158 	
0 	
1.99999935938627 	
1.49999980424771 	
0.999999955750158 	
2.49999870221434 	
1.49999959300891 	
0 	
0 	
1.99999919989308 	
2.2499991836716 	
1.49999980424771 	
2.2499991836716 	
0 	
0 	
0.999999743847612 	
0 	
0 	
0.999999743847612 	
0 	
2.49999870221434 	
1.49999959300891 	
0 	
0.999999955750158 	
0.999999874489039 	
0 	
1.49999980424771 	
0 	
0 	
0 	
0 	
0.999999874489039 	
0.999999955750158 	
0.999999874489039 	
0 	
0 	
0.999999955750158 	
2.2499991836716 	
0.999999874489039 	
0 	
1.74999935938636 	
0.999999874489039 	
0.999999874489039 	
0 	
0 	
1.49999980424771 	
0 	
0 	
0 	
2.2499991836716 	
1.99999902976316 	
2.24999902976266 	
0.999999955750158 	
0 	
0 	
0 	
1.49999980424771 	
1.74999953715819 	
1.49999980424771 	
