0 	
0 	
0 	
1.49999980424771 	
0 	
0 	
0 	
1.49999959300891 	
0 	
1.49999944158655 	
0.999999874489039 	
0 	
0 	
0 	
0 	
0 	
0 	
0 	
0 	
0 	
0 	
0 	
0 	
0 	
0 	
0 	
0 	
0 	
0 	
0 	
0 	
0 	
0 	
0 	
0 	
1.49999980424771 	
1.74999953715819 	
0.999999874489039 	
0 	
0 	
0 	
0 	
0 	
0 	
0 	
0 	
0 	
0 	
0 	
0 	
0 	
0 	
0 	
0 	
0.999999955750158 	
0 	
0 	
0 	
0 	
0 	
0 	
0.999999955750158 	
0.999999874489039 	
1.49999959300891 	
0 	
0 	
0 	
0 	
0.999999874489039 	
0 	
0.999999955750158 	
0 	
0 	
0 	
0 	
1.74999953715819 	
0 	
0 	
0 	
0 	
0 	
0 	
0 	
0 	
0 	
0 	
0 	
0 	
0 	
0.999999955750158 	
0 	
0 	
0 	
0 	
0 	
0 	
1.49999959300891 	
1.99999902976316 	
0.999999955750158 	
0.999999955750158 	
1.74999953715819 	
0 	
0 	
0 	
1.49999959300891 	
0 	
0 	
0 	
0 	
1.74999935938636 	
