1.49999980424771 	
0.999999874489039 	
0 	
0 	
0 	
0 	
0 	
1.74999953715819 	
0.999999955750158 	
0 	
0.999999874489039 	
0 	
0 	
0.999999955750158 	
0 	
0 	
0 	
0 	
1.99999935032798 	
0 	
1.49999980424771 	
0 	
0 	
0 	
0 	
0 	
0 	
0 	
0.999999874489039 	
0 	
0 	
0 	
0.999999874489039 	
1.49999980424771 	
0 	
0 	
0 	
0.999999955750158 	
0 	
0 	
0 	
0 	
1.49999959300891 	
0 	
0 	
0 	
0 	
0 	
0 	
1.49999980424771 	
0 	
0 	
0 	
0 	
0 	
0 	
0 	
0 	
0.999999874489039 	
0 	
0 	
0 	
0 	
0 	
0 	
1.74999953715819 	
0 	
1.99999919989308 	
0 	
0 	
0 	
0 	
1.49999959300891 	
0 	
0 	
0.999999743847612 	
0 	
0 	
0 	
0 	
0 	
0.999999955750158 	
0 	
0 	
0 	
0.999999955750158 	
0 	
0 	
0 	
0 	
0 	
0 	
1.49999980424771 	
0 	
0 	
0 	
1.49999980424771 	
0 	
0 	
0 	
0 	
0 	
0 	
1.74999953715819 	
0 	
1.74999953715819 	
0 	
0.999999955750158 	
0 	
0 	
0 	
0 	
0 	
0 	
