0 	
1.99999944585635 	
1.99999890401956 	
2.49999901334407 	
0 	
0 	
0.999999834909781 	
0.999999834909781 	
2.99999895380229 	
2.99999895380229 	
0.999999674307175 	
1.99999928958687 	
1.99999925212376 	
0.999999955750158 	
1.99999928206219 	
2.99999911337028 	
0.999999674307175 	
1.99999925212376 	
1.99999928958687 	
0.999999834909781 	
1.99999948254491 	
0.999999955750158 	
1.99999970759252 	
0.999999674307175 	
0.99999962606188 	
2.99999911337028 	
2.99999833166541 	
1.99999934861435 	
1.99999928958687 	
1.99999934861435 	
0.999999955750158 	
0 	
1.99999934861435 	
0.999999955750158 	
1.49999980424771 	
2.99999833166541 	
0 	
2.49999842879065 	
0.999999955750158 	
0.999999552828006 	
0.999999685543246 	
0.999999552828006 	
1.99999944585635 	
1.99999877993995 	
0.99999962606188 	
1.99999944585635 	
1.99999944585635 	
2.49999901334407 	
1.99999928958687 	
1.99999928206219 	
0.999999834909781 	
2.99999842137629 	
2.9999984437528 	
1.49999980424771 	
1.99999944585635 	
1.99999928958687 	
2.9999989755954 	
0.999999481250932 	
0.999999955750158 	
1.99999944585635 	
1.49999980424771 	
0 	
0.999999834909781 	
1.99999928958687 	
0.99999962606188 	
0.999999834909781 	
0.999999955750158 	
0.999999674307175 	
1.99999944585635 	
2.99999842137629 	
1.99999926437223 	
1.99999937108649 	
0.999999955750158 	
1.99999934861435 	
1.99999934861435 	
2.99999846823145 	
2.99999895380229 	
2.99999846823145 	
2.9999989755954 	
0 	
0.999999834909781 	
1.99999937108649 	
1.4999989542961 	
1.99999966981956 	
1.99999966981956 	
1.99999928958687 	
1.99999937108649 	
2.99999833166541 	
2.99999880760855 	
1.49999955366899 	
2.99999833166541 	
1.99999966981956 	
1.99999934861435 	
1.99999928206219 	
1.99999928958687 	
1.99999928958687 	
1.99999928206219 	
1.99999966981956 	
0.999999834909781 	
0 	
