0 	
1.99999944585635 	
0.999999674307175 	
0.999999685543246 	
0.999999685543246 	
0.99999985379626 	
0.999999955750158 	
0 	
0.999999955750158 	
0 	
0.999999955750158 	
0 	
0.999999685543246 	
1.99999937108649 	
0.99999962606188 	
2.99999842137629 	
0.999999674307175 	
0.999999955750158 	
0 	
0.999999834909781 	
1.99999928958687 	
1.99999928958687 	
1.99999928958687 	
0.999999552828006 	
0.999999834909781 	
0.999999834909781 	
0 	
1.99999904301064 	
0.999999955750158 	
0 	
0.999999674307175 	
0.999999632186113 	
0 	
0.999999955750158 	
0.999999685543246 	
0.999999674307175 	
0 	
1.99999944585635 	
1.99999928958687 	
0.999999955750158 	
0.999999674307175 	
1.49999955366899 	
0.99999962606188 	
0.999999834909781 	
2.99999895380229 	
0.999999834909781 	
0 	
0 	
0.999999834909781 	
1.99999925212376 	
0 	
1.99999937108649 	
0.999999834909781 	
0.999999955750158 	
0.999999834909781 	
0.999999955750158 	
0 	
0 	
0.999999674307175 	
0.999999955750158 	
0 	
0 	
1.99999934861435 	
0 	
0 	
0 	
1.99999966981956 	
0.999999685543246 	
0 	
1.99999944585635 	
1.99999944585635 	
0 	
0.999999834909781 	
0.999999834909781 	
0 	
0 	
0 	
0 	
1.99999944585635 	
0 	
0 	
0.999999674307175 	
1.99999890401956 	
1.99999937108649 	
0.999999834909781 	
0.999999834909781 	
0.999999834909781 	
1.99999934861435 	
0 	
0.999999834909781 	
0.999999834909781 	
1.99999966981956 	
0.999999674307175 	
0.999999674307175 	
1.99999928958687 	
0.999999685543246 	
1.99999925212376 	
0.999999685543246 	
0.999999674307175 	
0 	
2.99999911337028 	
0.999999674307175 	
2.49999931067901 	
2.99999911337028 	
0.999999955750158 	
0.999999674307175 	
1.99999944585635 	
0.999999834909781 	
0.999999834909781 	
0.999999834909781 	
1.99999970759252 	
0 	
0 	
0.999999674307175 	
0 	
0 	
1.99999928958687 	
1.99999937108649 	
0 	
0.99999985379626 	
0.99999962606188 	
0.999999674307175 	
0 	
0.999999674307175 	
0.999999674307175 	
0.999999674307175 	
0.999999834909781 	
0.999999674307175 	
0.999999685543246 	
0.999999955750158 	
0 	
0 	
1.49999980424771 	
1.99999966981956 	
2.49999901334407 	
1.99999966981956 	
0.999999834909781 	
2.99999911337028 	
0.999999955750158 	
0.999999955750158 	
0.999999834909781 	
0.999999955750158 	
0.999999552828006 	
0.99999985379626 	
0.999999955750158 	
0.999999955750158 	
0 	
0 	
0.999999834909781 	
0 	
1.99999966981956 	
0.999999685543246 	
0.999999834909781 	
0.999999834909781 	
1.49999980424771 	
1.99999937108649 	
0.999999674307175 	
1.49999955366899 	
0.999999674307175 	
1.99999948254491 	
0.999999674307175 	
0 	
0.999999674307175 	
0 	
0 	
0.99999962606188 	
0 	
0.999999674307175 	
0.99999962606188 	
0.99999962606188 	
0 	
0 	
0 	
0 	
0.99999962606188 	
0 	
0 	
0 	
0.999999834909781 	
0.99999962606188 	
0 	
1.99999934861435 	
1.99999890401956 	
0 	
1.99999937108649 	
0 	
0.999999955750158 	
0.999999955750158 	
0 	
1.99999926437223 	
0.999999674307175 	
1.99999966981956 	
0.999999955750158 	
0 	
0 	
1.99999937108649 	
0 	
0 	
0.999999955750158 	
0.999999834909781 	
0 	
