0 	
0.999999955750158 	
0 	
1.49999980424771 	
0 	
0 	
0.999999834909781 	
0.999999632186113 	
0.999999674307175 	
0 	
0 	
0 	
0 	
0.99999985379626 	
0.999999632186113 	
0.999999955750158 	
0.999999955750158 	
0.999999685543246 	
0 	
0 	
0 	
0.999999685543246 	
0.999999834909781 	
0 	
0 	
0 	
0 	
0 	
1.99999944585635 	
0.999999955750158 	
0 	
0 	
0 	
1.99999944585635 	
0 	
0.999999632186113 	
0 	
0 	
0 	
0 	
0 	
0.999999632186113 	
0.999999685543246 	
0.99999985379626 	
0 	
0 	
0 	
0.999999674307175 	
1.99999928958687 	
0 	
0.999999955750158 	
0 	
0.999999834909781 	
0.999999955750158 	
0.999999834909781 	
0.999999481250932 	
0.999999955750158 	
0.999999674307175 	
0 	
0 	
0.999999955750158 	
0.999999685543246 	
0 	
0 	
0.999999955750158 	
0 	
1.99999970759252 	
0.999999955750158 	
0 	
0 	
0.999999632186113 	
0 	
0 	
0.999999674307175 	
0 	
0.999999834909781 	
0.999999955750158 	
1.99999937108649 	
0 	
0 	
0 	
0.99999962606188 	
0.999999955750158 	
0.999999834909781 	
0.999999955750158 	
0.99999962606188 	
0 	
0 	
0 	
1.49999980424771 	
0 	
0.999999674307175 	
0.999999834909781 	
0 	
0 	
0.99999962606188 	
1.99999944585635 	
0 	
0 	
0 	
0 	
0.999999955750158 	
0 	
