1.99999835846966 	
0 	
0.999999884905103 	
0 	
0 	
0 	
0 	
0 	
0.999999481250932 	
0 	
0 	
1.49999945202234 	
0 	
0 	
0 	
0.999999075432228 	
0 	
0.999999077353539 	
1.99999926437223 	
0 	
0.999999674307175 	
1.49999945202234 	
0 	
0.999999834909781 	
0 	
0 	
0 	
0 	
0 	
1.99999865224598 	
0 	
0 	
0 	
0.999999674307175 	
0 	
0 	
0.999999077353539 	
0 	
0 	
0.999999674307175 	
0.999999664498579 	
0 	
0 	
0 	
0 	
0.999999358698125 	
0.999998923078964 	
0 	
0 	
0 	
1.9999981260745 	
0 	
0.999999632186113 	
1.99999863237226 	
0.999999632186113 	
0.999999834909781 	
0 	
4.49999622547286 	
0.999999632186113 	
0 	
0 	
0.999999481250932 	
0 	
0.999999326122993 	
0.999999151454652 	
0.999999834909781 	
1.49999955366899 	
0 	
0 	
1.74999938758003 	
0 	
0.999999834909781 	
0 	
0 	
0 	
0 	
0.999999834909781 	
0 	
0.999999534702219 	
0.999999834909781 	
0.999999326122992 	
0.999999632186113 	
0 	
1.49999945202234 	
0.999999664498579 	
0 	
0 	
0 	
0 	
0.999999326122992 	
0 	
0 	
0.999999674307175 	
0.999999834909781 	
1.99999926437223 	
0.999999632186113 	
0 	
0 	
0 	
2.99999745436395 	
0 	
0.999999834909781 	
0 	
1.99999906940444 	
0 	
2.99999760360247 	
1.99999934861435 	
0 	
0 	
0 	
0 	
2.49999840848296 	
