0 	
0.999999834909781 	
0 	
0 	
0.999999674307175 	
0.999999326122993 	
0.999999834909781 	
0 	
0 	
1.99999885957908 	
0 	
0 	
0 	
0 	
0 	
0 	
0 	
0 	
1.99999863237226 	
0 	
0 	
0 	
0 	
0 	
0 	
0 	
0 	
0 	
0 	
0 	
0.999999674307175 	
0.999999674307175 	
1.4999991831514 	
0.999999674307175 	
0 	
0.999999834909781 	
0 	
0 	
0 	
0.999999674307175 	
0.999999674307175 	
0 	
0.999999955750158 	
0.999999632186113 	
0 	
0 	
0 	
0 	
0 	
0 	
0 	
0 	
0.999999834909781 	
0 	
0 	
0 	
0.999999674307175 	
0 	
0 	
0 	
0.999999955750158 	
0 	
0 	
0 	
0 	
0.999999834909781 	
0 	
0.999999632186113 	
0 	
0 	
0 	
0 	
1.99999865224598 	
0 	
0 	
0.999999955750158 	
0 	
1.99999932899716 	
0.999999834909781 	
0 	
0 	
0 	
0.999999534702219 	
0 	
0 	
0.999999955750158 	
0.999999834909781 	
0 	
0 	
0 	
2.99999812520056 	
0 	
0 	
0 	
0 	
0.999999632186113 	
0 	
0 	
0 	
0 	
0 	
0 	
0.999999481250932 	
1.9999983029093 	
0 	
0 	
1.49999980424771 	
0 	
0 	
0 	
0 	
0 	
0 	
