1.99999895379353 	
0.999999632186113 	
0 	
0 	
0.999999326122992 	
1.99999813822455 	
0 	
0 	
1.49999889648845 	
0 	
0 	
0 	
0 	
0 	
0 	
0 	
0 	
0.999999674307175 	
1.99999865224599 	
0 	
0.999999632186113 	
0 	
0.999999247119337 	
0.999999674307175 	
0 	
1.99999863237226 	
0.999999834909781 	
0.999999834909781 	
0 	
0.999999674307175 	
0 	
0 	
0.999999674307175 	
0 	
0 	
0 	
0 	
0 	
0 	
0 	
0 	
0.999999955750158 	
0 	
0 	
0.999999834909781 	
0.999999674307175 	
0 	
1.99999835846966 	
2.99999852228959 	
0 	
0 	
0 	
0 	
0 	
0 	
0.999999674307175 	
0 	
0.999999534702219 	
0 	
0 	
0.999999632186113 	
0 	
0 	
0 	
0.999999834909781 	
0.999999632186113 	
0 	
0.999999534702219 	
3.24999836459272 	
0 	
0 	
0 	
0.999999674307175 	
0.999999674307175 	
0 	
0 	
0.999999481250932 	
0 	
0.999999834909781 	
1.49999955366899 	
0.999999674307175 	
0 	
0 	
1.49999980424771 	
0.999999632186113 	
0 	
0.999999674307175 	
0.999999955750158 	
0 	
0 	
0 	
0 	
2.49999832048613 	
0 	
0.999999955750158 	
0 	
0 	
0 	
0 	
0.999999674307175 	
0 	
1.49999955366899 	
0.999999674307175 	
0.999999834909781 	
0.999999834909781 	
0 	
0 	
1.99999906940444 	
0.999999674307175 	
0 	
0.999999674307175 	
