0 	
0 	
0.999999674307175 	
0.999999834909781 	
0 	
1.4999991831514 	
0 	
0.999999834909781 	
0 	
0 	
0 	
0 	
0 	
0.999999674307175 	
0 	
0 	
0.999999674307175 	
0.999999674307175 	
2.49999807476462 	
1.99999926437223 	
1.4999989542961 	
0.999999632186113 	
0 	
0 	
0 	
0 	
0 	
0 	
0 	
0 	
0 	
0 	
2.49999762037436 	
0 	
2.49999846908513 	
0 	
0.999999834909781 	
0 	
0 	
0 	
0 	
0 	
0.999999075432228 	
0 	
0 	
0.999999534702219 	
0 	
0.999999632186113 	
0 	
0.999999481250932 	
0 	
0.999999674307175 	
0 	
1.49999945202234 	
0 	
0 	
0.999999674307175 	
0 	
0 	
0 	
0.999999632186113 	
0 	
0 	
0 	
0 	
0 	
1.74999903519047 	
1.99999906940444 	
0.999999955750158 	
0 	
0 	
0 	
0 	
0 	
0 	
0.999999674307175 	
0 	
0 	
0 	
0 	
0.999999834909781 	
0 	
0 	
0 	
0 	
0 	
0 	
0.999999674307175 	
0.999999664498579 	
0 	
0 	
0.999999674307175 	
0.999999834909781 	
0 	
0 	
0 	
0 	
0 	
0.999999955750158 	
0.999999534702219 	
0 	
0.999999358698126 	
0 	
0 	
0.999999955750158 	
0 	
0 	
0.999999632186113 	
0 	
0 	
0.999999834909781 	
0 	
