0 	
0.999999287989574 	
1.66666577077729 	
0.999999674307175 	
0.999999358698126 	
0 	
0 	
0.999999674307175 	
0 	
0 	
1.99999921140241 	
0.999999534702219 	
0.999999674307175 	
2.49999840848296 	
0 	
2.49999725994258 	
0 	
0.999999632186113 	
0.999999834909781 	
0 	
0.999999674307175 	
4.24999503117556 	
1.74999912020685 	
0 	
0 	
0.999999674307175 	
0 	
0 	
1.4999991831514 	
1.49999955366899 	
0 	
0.999999834909781 	
0.999999955750158 	
0.999999834909781 	
0 	
0 	
0.999999834909781 	
0.999999955750158 	
0.999999151454652 	
0 	
0.999999674307175 	
0.999999955750158 	
0 	
0 	
0 	
0 	
1.99999895379353 	
0 	
0 	
0.999999955750158 	
0 	
0 	
0 	
0 	
0.999999664498579 	
0 	
0 	
0 	
0 	
0 	
0.999999955750158 	
0 	
0 	
0 	
0.999999632186113 	
0 	
0 	
0 	
0.999999632186113 	
0.999999358698126 	
0.999999674307175 	
0 	
0 	
0 	
0 	
0 	
3.74999740660213 	
0 	
0 	
0 	
0 	
0 	
0 	
0.999999674307175 	
0 	
0 	
0.999999834909781 	
0.999999955750158 	
0 	
0 	
0.999999834909781 	
0 	
0 	
0.999999534702219 	
0 	
0.999999326122992 	
0 	
1.4999989542961 	
0 	
0.999999834909781 	
0.999999674307175 	
0.999999674307175 	
0 	
0.999999834909781 	
0 	
0.999999834909781 	
0.999999834909781 	
0.999999534702219 	
0.999999674307175 	
0.999999075432228 	
0 	
