2.99999455396472 	
4.99999018132352 	
4.99999092327454 	
0 	
0 	
2.99999338172243 	
2.99999290412197 	
2.99999410879411 	
3.99999273861963 	
3.99999126203272 	
1.99999607252941 	
0 	
4.99998947397333 	
0 	
0.999999834909781 	
5.99998821758822 	
0 	
6.24998126199101 	
0.999999955750158 	
3.99999214505881 	
3.99999214505881 	
0.999999834909781 	
2.99999368438399 	
0.999999834909781 	
0 	
2.99999368438399 	
0 	
1.99999934861435 	
0.999999834909781 	
4.99998905691053 	
0 	
1.99999578958933 	
2.99999410879411 	
5.99998910792944 	
0 	
1.99999473548656 	
5.99998821758822 	
0.999999834909781 	
0 	
3.99999273861963 	
1.99999896596004 	
2.99999368438399 	
0.999999955750158 	
5.99998629266969 	
2.99999410879411 	
0 	
3.49999116549483 	
0.999999955750158 	
2.99999368438399 	
0 	
0.999999834909781 	
2.99999368438399 	
1.99999896596004 	
0.999999834909781 	
0 	
1.49999955366899 	
0.999999674307175 	
5.99998586873978 	
1.99999578958933 	
3.99999126203272 	
0 	
4.99999018132352 	
4.99998905691053 	
0 	
5.49998549871287 	
1.99999919989308 	
6.99998455490479 	
1.49999955366899 	
0.999999834909781 	
0 	
0 	
0.999999674307175 	
2.99999410879411 	
6.99998625385292 	
2.99999290412197 	
0.999999834909781 	
5.99998586873978 	
1.99999607252941 	
0.999999955750158 	
5.99998736876799 	
6.24998267828919 	
4.99999018132352 	
6.99998455490479 	
5.99998821758822 	
0 	
0 	
2.99999410879411 	
2.99999368438399 	
4.99998905691053 	
4.99999092327454 	
6.99998729258435 	
1.99999607252941 	
4.99998799686693 	
0 	
0.999999955750158 	
5.99998489905796 	
2.99999338172243 	
3.99999157917866 	
3.99999157917866 	
4.99999018132352 	
