6.74998078211663 	
3.49999855763678 	
1.99999966981956 	
3.74999007372345 	
5.99998736876799 	
5.99998586873978 	
7.99998018706571 	
3.99999157917866 	
4.99999018132352 	
8.24997656711287 	
3.99999126203272 	
6.99998336073303 	
4.49998888786564 	
5.9999847774254 	
5.99998656055124 	
6.99998112814627 	
5.99998910792944 	
7.99998547723926 	
5.99998821758822 	
7.99998136089689 	
5.99998580824395 	
2.24999810215954 	
7.74997824931292 	
4.24999584317196 	
0.999999834909781 	
3.999989843621 	
1.99999934861435 	
1.74999953715819 	
5.24998542148609 	
8.24997352219052 	
0.999999834909781 	
1.99999934861435 	
8.4999768534316 	
3.99999214505881 	
5.9999847774254 	
3.99999126203272 	
5.99998586873978 	
6.99998010328295 	
0.999999834909781 	
7.99998136089688 	
6.99998625385292 	
7.99998259530841 	
3.99999029945276 	
8.99997557557875 	
6.99998143550975 	
5.99998586873978 	
7.99998018706571 	
0 	
5.99998656055124 	
6.99998336073303 	
8.24997422577589 	
6.99998336073303 	
7.99998259530841 	
5.99998629266969 	
0 	
5.99998736876799 	
5.99998586873978 	
0.999999674307175 	
5.74998434600198 	
0.999999834909781 	
5.99998629266969 	
8.24997500062206 	
6.99998340705339 	
6.99998221881084 	
1.74999938758003 	
8.99997685083382 	
4.99999018132352 	
5.99998821758822 	
6.74998315119049 	
8.24997500062206 	
6.99998526356267 	
0.999999834909781 	
7.99997947946081 	
2.99999902292153 	
6.99998455490479 	
1.99999896596004 	
7.99998136089688 	
9.99997499601896 	
6.99998336073303 	
3.99999273861963 	
7.99998136089689 	
5.99998821758822 	
8.49997810395647 	
7.99997599940465 	
6.99998165166546 	
6.99998432064312 	
0.999999834909781 	
6.99998336073303 	
3.99999740344817 	
7.99997968724199 	
5.99998821758822 	
4.99998799686693 	
10.8749647139965 	
0.999999674307175 	
6.99998221881084 	
5.99998489905796 	
0 	
6.9999824863091 	
6.99998221881084 	
7.99998136089689 	
