0.999999901248782 	
0.999998320920205 	
0 	
4.99998905691053 	
0.999999955750158 	
0 	
0 	
5.99998821758822 	
0 	
3.99999273861963 	
0 	
0 	
0 	
4.99999018132352 	
1.99999636930981 	
3.99999273861963 	
0 	
2.49999931067901 	
0 	
0 	
4.99998880045937 	
0 	
0 	
1.99999607252941 	
0.999998036264703 	
0.999998036264703 	
2.99999368438399 	
0 	
0 	
0.999999955750158 	
2.99999290412197 	
3.99999273861963 	
0 	
0 	
2.99999410879411 	
2.99999455396472 	
4.99999092327454 	
0.999999632186113 	
0.999999834909781 	
3.99999157917866 	
0 	
0 	
3.99999214505881 	
0 	
1.99999636930981 	
2.99999368438399 	
0 	
0 	
0.999997580150678 	
3.99999273861963 	
2.99999410879411 	
0.999997520552696 	
0 	
4.99999018132352 	
0.999999834909781 	
3.99999214505881 	
2.99999338172243 	
0.999998184654908 	
0 	
0 	
0.999998184654908 	
2.99999368438399 	
0 	
4.99998799686693 	
1.99999578958933 	
0.999999834909781 	
3.99999214505881 	
0.999999834909781 	
4.99999018132352 	
2.99999410879411 	
5.99998821758822 	
5.99998629266969 	
0 	
2.99999455396472 	
3.99999273861963 	
3.99999273861963 	
0.999999955750158 	
4.99999018132352 	
0 	
2.99999455396472 	
0 	
0.999998036264703 	
5.99998821758822 	
0 	
2.99999455396472 	
0 	
0 	
0 	
4.99999092327454 	
1.99999636930981 	
0.999997760091874 	
0 	
0 	
0 	
0 	
0 	
1.99999607252941 	
2.99999455396472 	
3.99999273861963 	
0 	
0 	
0 	
4.99999092327454 	
