0 	
0 	
0.999998320920205 	
2.99999338172243 	
0 	
2.99999410879411 	
0.999997894794665 	
1.99999578958933 	
0 	
5.99998736876799 	
6.99998729258435 	
0.999999834909781 	
4.99998947397333 	
5.99998910792944 	
0 	
4.99999092327454 	
0 	
0 	
0 	
0 	
2.99999455396472 	
0.999999674307175 	
1.99999489239809 	
1.74999953715819 	
2.99999410879411 	
0.999997894794665 	
1.99999552018375 	
5.99998910792944 	
2.99999368438399 	
0 	
0 	
1.99999578958933 	
3.99999060550478 	
0 	
2.99999328027562 	
2.99999328027562 	
0 	
3.99999157917866 	
3.99999273861963 	
6.99998336073303 	
0.999997767409885 	
0 	
2.99999455396472 	
0 	
2.99999290412197 	
4.99999092327454 	
3.99999273861963 	
3.99999273861963 	
1.99999607252941 	
1.99999607252941 	
0.999999955750158 	
0.999999834909781 	
1.99999636930981 	
5.99998821758822 	
0 	
3.99999273861963 	
0.999997894794665 	
1.74999953715819 	
0 	
0 	
0.999999834909781 	
3.99999214505881 	
3.999989843621 	
3.99999214505881 	
2.99999290412197 	
3.49999150336333 	
0 	
0.999999955750158 	
1.99999530275239 	
1.99999919989308 	
0.999997894794665 	
3.99999104036749 	
1.99999636930981 	
3.99999126203272 	
3.999989843621 	
0 	
0.999999955750158 	
4.99999092327454 	
4.99999092327454 	
3.99999126203272 	
2.99999368438399 	
4.99999092327454 	
1.99999578958933 	
1.99999607252941 	
5.99998910792944 	
1.99999549106367 	
0 	
3.99999126203272 	
0.999999955750158 	
0 	
2.99999368438399 	
2.99999368438399 	
0 	
0 	
1.99999636930981 	
0 	
0.999999834909781 	
0.999999955750158 	
0.999998036264702 	
4.99998905691053 	
2.99999410879411 	
4.99999092327454 	
3.99999214505881 	
0.999999834909781 	
0 	
4.99998799686693 	
3.99999214505881 	
2.99999368438399 	
1.99999489239809 	
4.99998947397333 	
1.74999953715819 	
0 	
0 	
0 	
1.99999578958933 	
4.99998947397333 	
4.99999092327454 	
4.99999092327454 	
3.99999157917866 	
0 	
4.99999018132352 	
0 	
0 	
0 	
3.99999126203272 	
1.99999578958933 	
5.99998629266969 	
0 	
0 	
0.999999834909781 	
0 	
4.99998756709951 	
0 	
0 	
5.99998736876799 	
0.999999955750158 	
0 	
0 	
2.99999410879411 	
0 	
2.99999455396472 	
3.99999214505881 	
2.99999410879411 	
0 	
4.99999092327454 	
0.999999674307175 	
0.999999834909781 	
3.99999157917866 	
1.99999607252941 	
1.99999636930981 	
0 	
3.99999126203272 	
0.999999834909781 	
0 	
0 	
1.9999940664032 	
4.99998799686693 	
2.99999410879411 	
0 	
0 	
1.99999578958933 	
0.999999834909781 	
3.99999214505881 	
2.99999455396472 	
1.99999578958933 	
2.99999410879411 	
2.99999410879411 	
0 	
1.99999896596004 	
0 	
2.99999410879411 	
0 	
0 	
1.49999980424771 	
0 	
4.99999018132352 	
3.99999007443115 	
3.99999273861963 	
0 	
0.999999834909781 	
0.999999955750158 	
1.99999896596004 	
0 	
0 	
0 	
0 	
0 	
2.99999368438399 	
0.999999955750158 	
0.999999955750158 	
0.999999674307175 	
0.999999955750158 	
3.99999104036749 	
1.99999578958933 	
2.74999812401344 	
0 	
0 	
3.74999055157101 	
4.99998947397333 	
2.99999290412197 	
3.99999273861963 	
2.99999290412197 	
2.99999410879411 	
