0 	
0 	
0 	
0 	
0 	
0 	
0 	
0 	
0 	
0 	
0 	
0 	
0 	
0 	
0.999998184654908 	
0 	
0 	
0 	
1.99999607252941 	
0 	
0 	
0 	
1.99999636930981 	
0 	
0 	
0 	
0 	
0 	
3.99999273861963 	
0.999998036264702 	
0 	
1.99999636930981 	
0 	
0 	
1.99999636930981 	
0 	
0 	
0 	
0 	
0 	
1.99999636930981 	
0 	
0 	
2.99999338172243 	
0 	
0 	
0 	
0 	
0 	
0 	
0.999999955750158 	
0 	
0 	
0 	
0 	
1.99999636930981 	
0 	
0 	
0 	
0.999999955750158 	
0 	
0 	
0 	
0 	
0 	
0 	
0 	
0 	
0.999998184654908 	
0 	
0 	
0 	
0 	
0 	
0 	
0 	
0 	
0 	
0.999998184654908 	
0.999998184654908 	
0 	
0 	
2.99999338172243 	
0 	
3.99999273861963 	
2.99999368438399 	
0.999999955750158 	
0 	
0 	
0 	
0 	
0 	
1.99999636930981 	
1.99999607252941 	
0.999999955750158 	
0 	
0 	
0 	
1.99999607252941 	
0 	
0 	
0 	
0 	
0.999999955750158 	
0 	
0 	
0 	
