5.99998821758822 	
8.99997911910942 	
5.74998465421183 	
4.99998947397333 	
6.99998336073303 	
4.99999018132352 	
0 	
3.99999104036749 	
0 	
3.99999214505881 	
3.99999157917866 	
0 	
2.99999839157395 	
4.99998905691053 	
0.999999674307175 	
5.99998821758822 	
0 	
3.99999214505881 	
4.99999092327454 	
0.999999955750158 	
5.99998580824395 	
0.999999955750158 	
4.99998880045937 	
4.99998799686693 	
1.99999966981956 	
1.99999934861435 	
3.99999214505881 	
0 	
3.99999214505881 	
6.49998364631478 	
1.99999966981956 	
4.99998947397333 	
6.99998455490479 	
1.49999955366899 	
0.999999674307175 	
0.999999955750158 	
2.49999931067901 	
0 	
5.99998580824395 	
0.999999955750158 	
6.99998248630909 	
4.99999018132352 	
0.999999955750158 	
7.99998136089689 	
6.249980633609 	
3.99999029945276 	
0 	
3.24999027382501 	
5.24998277978277 	
1.99999966981956 	
0.999999834909781 	
2.74999868578572 	
2.99999368438399 	
6.99998625385292 	
1.49999980424771 	
4.99998905691053 	
7.99998018706571 	
3.999989843621 	
6.99998340705339 	
0 	
3.99999029945277 	
2.99999368438399 	
5.99998586873978 	
8.49997865144928 	
5.99998910792944 	
5.99998821758822 	
0 	
3.999989843621 	
7.99998136089688 	
3.99999214505881 	
5.9999847774254 	
4.99999018132352 	
6.99998030906873 	
1.99999966981956 	
4.99998880045937 	
5.99998910792944 	
1.99999857983407 	
6.99998221881084 	
7.24997876151544 	
6.99998625385292 	
6.99998340705339 	
0.999999834909781 	
5.99998821758822 	
1.99999934861435 	
5.99998821758822 	
5.99998629266969 	
0 	
6.99998336073303 	
3.99998941663843 	
7.99997947946081 	
6.99998221881084 	
2.99999368438399 	
6.9999788134553 	
0.999999834909781 	
3.999989843621 	
1.99999934861435 	
1.99999934861435 	
4.87498578895372 	
3.99999273861963 	
4.99999092327454 	
