0 	
0 	
0 	
0 	
0 	
0 	
0 	
0 	
0 	
0 	
0 	
0 	
0 	
0 	
0 	
0 	
0 	
0.999999834909781 	
0 	
0 	
0 	
0 	
0 	
0.999999955750158 	
0 	
0 	
0 	
0 	
0 	
0.999998184654908 	
0 	
0 	
0 	
0.999999955750158 	
0 	
1.99999607252941 	
0 	
0 	
0 	
1.99999636930981 	
0 	
0 	
0 	
0 	
0 	
0 	
0 	
1.99999636930981 	
0 	
0 	
0 	
0 	
0.999999955750158 	
0 	
0 	
0 	
0 	
0 	
1.99999636930981 	
0.999998036264702 	
0 	
0 	
0.999998184654908 	
0 	
0 	
1.99999607252941 	
0 	
1.99999636930981 	
0 	
0 	
0 	
0 	
0 	
0 	
0 	
0 	
0 	
0 	
0 	
0 	
0 	
0 	
0 	
0 	
0 	
0 	
0 	
0 	
0 	
0 	
0 	
0 	
0 	
0 	
1.99999636930981 	
0 	
0 	
0 	
0 	
0 	
0 	
0 	
0 	
0 	
0 	
0 	
0.999997767409885 	
0 	
0 	
0 	
1.99999607252941 	
0 	
0 	
0 	
0 	
0.999998184654908 	
0 	
