1.99999646832383 	
7.99997732654947 	
6.99998455490479 	
7.99997947946081 	
7.74997789862022 	
5.99998586873978 	
4.99998534192959 	
1.74999953715819 	
2.7499989252341 	
4.99998756709951 	
6.99998729258435 	
7.99997968724199 	
7.99998059890553 	
0 	
4.99998658086832 	
3.74998962211006 	
1.99999934861435 	
0.999999674307175 	
0 	
7.99998136089689 	
2.99999368438399 	
5.99998910792944 	
7.99998136089689 	
1.99999857983407 	
0.999999955750158 	
1.99999919989308 	
1.99999607252941 	
5.99998580824395 	
6.99998340705339 	
0 	
5.99998736876799 	
0 	
4.99998947397333 	
4.99998947397333 	
5.99998629266969 	
4.99998799686693 	
5.99998736876799 	
3.99999157917866 	
3.99999273861963 	
5.99998821758822 	
2.99999786792283 	
6.74998215208117 	
0 	
0.999999834909781 	
5.99998586873978 	
3.99999157917866 	
5.99998629266969 	
6.99998336073303 	
4.99998947397333 	
7.99998136089689 	
3.74999007372345 	
2.49999931067901 	
0 	
5.99998629266969 	
7.99998059890553 	
0 	
1.99999966981956 	
5.99998821758822 	
5.99998580824395 	
4.99998905691053 	
7.99998547723926 	
6.99998248630909 	
3.99999104036749 	
4.99998786155984 	
5.99998489905796 	
0.999999834909781 	
4.99999018132352 	
7.99998259530841 	
3.99999214505881 	
6.99998526356267 	
4.99998947397333 	
3.99999157917866 	
3.99999214505881 	
5.99998586873978 	
3.99999214505881 	
0.999999955750158 	
5.9999847774254 	
6.99998221881084 	
5.99998736876799 	
1.99999934861435 	
1.74999953715819 	
1.99999857983407 	
1.99999607252941 	
2.99999328027562 	
8.9999760514165 	
1.99999578958933 	
4.99998757986431 	
4.99998757986431 	
7.99998059890553 	
2.24999850852381 	
2.99999368438399 	
4.99998799686693 	
3.9999887624835 	
6.99998030906873 	
3.99999029945277 	
0.999999955750158 	
0 	
3.99999126203272 	
0.999999955750158 	
6.99998221881084 	
9.49997091036735 	
