3.99999157917866 	
8.74997628512906 	
4.99998799686693 	
3.99999104036749 	
2.99999368438399 	
1.74999903519047 	
0.999999674307175 	
6.99998221881084 	
7.99997732654947 	
3.99999214505881 	
6.99998336073303 	
6.24998126199101 	
4.99998880045937 	
3.99999052769553 	
6.99998455490479 	
8.49997810395647 	
5.99998586873978 	
7.99997870583955 	
6.99998336073303 	
7.99998136089689 	
0 	
4.99998947397333 	
4.99998799686693 	
3.99999214505881 	
9.24997099177305 	
2.99999410879411 	
4.99999018132352 	
2.99999328027562 	
4.99998799686693 	
0.999999674307175 	
7.99998136089689 	
0.999999955750158 	
6.99998625385292 	
3.99999273861963 	
0.999999955750158 	
0.999999834909781 	
1.99999966981956 	
5.99998580824395 	
5.99998821758822 	
6.99998340705339 	
6.99998010328295 	
0.999999674307175 	
2.99999839157395 	
7.99997819908465 	
2.24999850852381 	
6.99998432064312 	
7.99997599940465 	
0.999999834909781 	
3.24999785339355 	
7.49997769049163 	
7.99998136089689 	
7.99997968724199 	
4.99999018132352 	
6.99998226761921 	
5.9999847774254 	
6.99998336073303 	
0 	
5.99998629266969 	
5.99998372720568 	
1.99999926437223 	
7.99998136089689 	
9.99997211775535 	
2.99999839157395 	
4.99998799686693 	
5.99998489905796 	
5.99998586873978 	
6.99998455490479 	
2.74999892230153 	
8.24997656711287 	
7.2499794212877 	
7.2499773378198 	
7.74997824931292 	
5.24998410347422 	
4.99998650674417 	
5.99998736876799 	
7.24997876151544 	
0 	
4.99999018132352 	
6.99998340705339 	
3.99999157917866 	
4.99999018132352 	
0 	
4.99998947397333 	
4.99998799686693 	
4.74998703607338 	
7.99998547723926 	
0.999999955750158 	
5.99998736876799 	
9.99997042364647 	
7.24997878816106 	
1.99999896596004 	
3.24999733444666 	
8.99997911910942 	
7.99998059890553 	
7.99997883327685 	
7.99998136089688 	
4.99999092327454 	
6.99998221881084 	
7.99997968724199 	
0.999999955750158 	
