0 	
0 	
3.999989843621 	
3.99999273861963 	
0 	
6.99998336073303 	
0.999999674307175 	
0 	
3.99999060550478 	
6.99998336073303 	
5.99998910792944 	
8.24997656711287 	
2.99999455396472 	
4.99999092327454 	
3.99999214505881 	
4.99998947397333 	
1.99999896596004 	
3.99999126203272 	
0 	
4.99998947397333 	
1.99999919989308 	
6.9999824863091 	
3.99999214505881 	
4.99998799686693 	
2.99999368438399 	
5.99998821758822 	
5.9999847774254 	
2.99999410879411 	
5.99998821758822 	
0.999999955750158 	
0 	
1.99999636930981 	
0 	
2.99999290412197 	
0 	
3.99999273861963 	
0 	
0 	
0 	
0.999998036264703 	
0 	
2.99999455396472 	
2.99999410879411 	
0.999999955750158 	
0 	
4.99998786155984 	
0.999999955750158 	
6.99998336073303 	
2.99999410879411 	
5.24998410347422 	
3.99999029945277 	
5.99998586873978 	
3.99999214505881 	
0 	
2.99999368438399 	
0.999999834909781 	
1.99999607252941 	
4.99999018132352 	
1.99999504110539 	
4.99998799686693 	
0.999997894794665 	
2.99999410879411 	
3.24999785339355 	
3.49999802975313 	
0 	
1.99999469844768 	
4.99998947397333 	
5.99998586873978 	
5.99998467719428 	
3.99999273861963 	
3.99999126203272 	
2.99999839157395 	
3.99999126203272 	
0 	
5.99998821758822 	
6.99998336073303 	
2.99999368438399 	
0 	
0 	
2.99999368438399 	
5.99998629266969 	
5.99998821758822 	
3.99999214505881 	
0 	
0 	
6.99998625385292 	
6.99998625385292 	
5.49998631446087 	
2.99999410879411 	
0.999998036264703 	
3.99999157917866 	
2.99999455396472 	
1.99999896596004 	
4.99999018132352 	
1.99999636930981 	
0.999999834909781 	
6.99998729258435 	
0 	
2.99999368438399 	
4.99998786155984 	
