0 	
0 	
0 	
0 	
3.99999273861963 	
0 	
0 	
0 	
0 	
0 	
0 	
1.99999578958933 	
0 	
1.99999636930981 	
0 	
0 	
0 	
0.999999955750158 	
0 	
0 	
1.99999919989308 	
0 	
0 	
0.999999834909781 	
6.99998455490479 	
0 	
3.99999273861963 	
0.999999955750158 	
0.999999955750158 	
0 	
1.99999607252941 	
1.99999636930981 	
0 	
0 	
0 	
0 	
0 	
0 	
0 	
0.999998184654908 	
2.99999290412197 	
1.99999607252941 	
4.99998799686693 	
1.99999469844768 	
0.999997894794665 	
0 	
0 	
0.999999834909781 	
0 	
0.999997894794665 	
3.99999157917866 	
3.99999060550478 	
1.99999607252941 	
0 	
2.99999455396472 	
0.999998184654908 	
0 	
0.999998184654908 	
1.99999578958933 	
3.99999214505881 	
0 	
0 	
2.99999410879411 	
0.999999955750158 	
0 	
3.99999273861963 	
0 	
0 	
1.99999636930981 	
0 	
0 	
0 	
0 	
0.999998036264702 	
2.99999338172243 	
0 	
0.999999834909781 	
3.99999214505881 	
0.999999955750158 	
0 	
0.999999834909781 	
3.99999214505881 	
0 	
0 	
0 	
0 	
0 	
5.99998910792944 	
0 	
0.999999834909781 	
0.999999834909781 	
0.999999955750158 	
0 	
0 	
0.999998036264703 	
0 	
0.999999834909781 	
0.999998184654908 	
0 	
0 	
3.99999157917866 	
0 	
0 	
1.99999578958933 	
