0.999999955750158 	
3.49999860266289 	
5.17128754628279 	
3.99999852774278 	
5.99999465761433 	
0.999999874489039 	
7.4999879623952 	
6.24998790940961 	
0.999999481250932 	
0 	
0 	
6.22915311256279 	
2.74999868028227 	
3.99999699197437 	
1.99999854355623 	
5.99999085631956 	
0 	
3.99999726353013 	
0 	
1.99999931263766 	
5.4166576620703 	
3.99999852774278 	
0.999999834909781 	
5.99999053411732 	
3.99999730449197 	
3.51561923741474 	
4.49999444153557 	
3.49999773424646 	
1.99999795710848 	
2.99999726419193 	
5.74999358921293 	
3.99999794669626 	
8.62497433863035 	
0 	
3.49999619710344 	
4.99999405238584 	
3.49999775116065 	
0.999999834909781 	
6.49998888926458 	
0.999998883927388 	
6.24999097632074 	
1.49999955366899 	
0.999999625450423 	
