3.24999731610164 	
5.49999272227635 	
4.60415406425814 	
2.24999854858827 	
1.49999906191345 	
2.99999684415597 	
0.999999481250932 	
2.49999915209531 	
6.24999352043667 	
2.49999868701623 	
4.45832239494081 	
4.99999672102207 	
5.74999448575361 	
2.9999968066174 	
3.62499479144377 	
6.33331926036759 	
0 	
3.99999445516261 	
5.99999276959472 	
1.99999925090085 	
1.49999926114479 	
0 	
2.49999892615434 	
2.99999776181668 	
6.49999438576276 	
4.24999597172794 	
4.99999007492073 	
6.95831590124718 	
3.83332722883884 	
0 	
0.999999834909781 	
3.99999725796102 	
9.99998269926547 	
0 	
2.49999868701623 	
5.49999432147131 	
3.99999620320629 	
2.99999855923089 	
2.49999799941429 	
4.99999197210976 	
0.999999362001564 	
0.999999703628503 	
0 	
0.999999480761447 	
4.49999661832085 	
