2.49999875318184 	
0 	
0 	
0.999999625450423 	
0.999999625450423 	
0 	
0 	
1.99999894104466 	
5.0025946258177 	
2.83332802951245 	
1.99999816560928 	
0 	
4.49999582713117 	
0.999999090522717 	
0.999999664498579 	
3.99999726353013 	
2.99999810135173 	
2.49999868701623 	
3.99999505626973 	
2.49999822650748 	
0 	
2.99999752614984 	
0.999999834909781 	
4.24999411683624 	
4.99999479430935 	
4.60415949328724 	
3.99999667610995 	
0.999999955750158 	
4.74999562125505 	
2.99999872598333 	
0.999999955750158 	
0.999999746982215 	
2.76562189827211 	
4.20832749016875 	
0 	
0 	
4.49999580678284 	
1.99999909405555 	
3.49999713166787 	
2.99999890404468 	
1.99999896152289 	
1.49999980424771 	
2.6249982250734 	
1.99999750683481 	
0 	
