0.999999874489039 	
0.999999632186113 	
0 	
0 	
0.999999625450423 	
0 	
0.999999834909781 	
2.99999887635127 	
2.49999811683676 	
1.49999926114479 	
0.999999480761447 	
0 	
3.4999986734051 	
0 	
1.99999932899716 	
2.99999852228959 	
0.999999834909781 	
0 	
0 	
0 	
0.999999834909781 	
3.49999833761148 	
0 	
0.999999480761447 	
1.99999905723905 	
0 	
0 	
2.49999853317017 	
3.12499564681205 	
0 	
0.999999955750158 	
0 	
3.99999647078133 	
0.999999955750158 	
3.499996780534 	
0.999999834909781 	
1.99999925090085 	
1.99999906940444 	
3.99999586681906 	
0 	
0 	
0 	
1.99999896152289 	
1.74999903519047 	
0 	
0 	
0.999999874489039 	
0 	
2.99999684415597 	
0 	
2.49999807476462 	
0.999999625450423 	
0 	
0 	
1.99999835846966 	
2.99999625635259 	
0 	
1.99999865224598 	
2.99999924094665 	
0 	
1.49999893263319 	
1.4999989542961 	
3.99999449835352 	
0 	
0.999999834909781 	
0 	
0 	
1.99999931263766 	
0 	
2.49999787497659 	
0.999999955750158 	
5.49999144230589 	
0 	
0 	
0 	
0 	
0 	
1.99999894104466 	
5.62499475857027 	
0.999999874489039 	
2.99999576059403 	
2.49999825838657 	
0 	
2.20833119462526 	
3.24999754936899 	
0.999999625450423 	
1.49999945202234 	
0.999999955750158 	
0.999999480761447 	
0 	
3.08333054668801 	
0 	
0.999999834909781 	
0 	
1.49999955366899 	
1.49999980424771 	
0.999999746982215 	
0 	
0.999999480761447 	
4.49999707169296 	
0 	
3.49999678053399 	
2.49999859665474 	
3.99999495205569 	
1.49999926114479 	
0 	
0 	
2.49999811683676 	
3.49999656751646 	
0 	
0 	
0 	
0.999999746982215 	
0 	
0 	
1.49999949753796 	
0 	
2.99999855923089 	
0.999999247119337 	
0.999999326122992 	
1.99999935032798 	
0.999999271778113 	
1.49999955366899 	
1.99999857125252 	
3.99999568335583 	
3.49999779237127 	
0 	
1.49999906191345 	
0 	
0.999999534702219 	
0.999999834909781 	
0.999999834909781 	
0.999999625450423 	
3.99999865799432 	
0.999999664498579 	
0.999999534702219 	
2.49999821734847 	
0 	
0 	
0 	
1.99999918908834 	
1.99999949396443 	
2.49999888266728 	
1.99999896152289 	
2.4999978889126 	
0 	
2.49999931067901 	
2.99999844228434 	
3.49999678053399 	
0.999999746982215 	
0.999999834909781 	
0 	
0.999999955750158 	
1.99999896152289 	
0 	
1.49999906191345 	
0 	
1.49999980424771 	
0.999999480761447 	
0.999999834909781 	
1.99999906940444 	
0 	
0 	
1.99999871082045 	
1.99999949396443 	
0 	
0.999999533150113 	
0.999999955750158 	
0 	
0 	
0 	
2.99999860410666 	
3.58332876565225 	
2.49999900890652 	
0 	
0 	
1.99999918908834 	
0.999999077353539 	
2.49999907915258 	
0 	
0.999999632186113 	
0 	
2.74999623666637 	
0 	
0 	
0 	
0 	
1.49999945202234 	
0 	
0 	
0 	
0.999999247119337 	
0.999999480761447 	
0 	
0 	
5.50259230897713 	
2.49999813782426 	
0 	
1.99999865224598 	
0 	
0 	
1.49999980424771 	
