7.99998071774906 	
2.99999748304653 	
6.49998891206106 	
4.24999359900594 	
0 	
1.49999955366899 	
2.99999770705536 	
0.999999326122992 	
0 	
4.99999467815342 	
0 	
6.49998585529593 	
4.24999720955216 	
2.99999797836898 	
3.49999721311114 	
3.41666220250633 	
3.99999811576938 	
2.99999855923089 	
0 	
4.33332477849801 	
2.49999931067901 	
0.999999703628503 	
6.87498792779299 	
2.83332836548409 	
2.49999915209531 	
1.4999991831514 	
3.49999644586819 	
5.49999317483425 	
4.49999707169296 	
2.99999699120466 	
0 	
0 	
1.99999861524161 	
0.999999746982215 	
0 	
1.49999955366899 	
2.99999765452586 	
0.999999480761447 	
0.999999077353539 	
8.41665186827435 	
0 	
1.49999926114479 	
3.9999963318476 	
2.99999852228959 	
4.99999325838132 	
