0 	
0 	
0.999999480761447 	
2.49999757292136 	
0 	
0.999999674307175 	
0 	
0 	
1.99999949396443 	
1.49999955366899 	
0 	
0.999999326122992 	
0 	
0 	
1.99999906940444 	
2.49999859665474 	
1.99999872969113 	
0 	
0.999999955750158 	
3.24999731610164 	
0.999999090522717 	
0 	
0.999999955750158 	
0 	
0 	
0 	
0.999999955750158 	
1.99999928403517 	
0 	
0 	
0.999999874489039 	
0 	
0 	
0.999999077353539 	
0.999999674307175 	
3.49999770804682 	
0 	
0 	
0 	
0 	
1.49999949753796 	
0 	
0 	
0.999999534702219 	
0.999998923012306 	
1.99999905893944 	
1.99999900820924 	
0 	
0 	
0.999999090522717 	
2.99999765452586 	
0 	
0 	
4.49999767085506 	
0 	
0 	
0 	
2.49999757292136 	
0 	
2.99999860410666 	
0.999999834909781 	
2.99999776181668 	
0.999999632186113 	
0 	
0 	
1.99999894104466 	
1.74999884100239 	
0 	
0.999999874489039 	
0 	
0.999999746982215 	
0 	
0 	
0.999999664498579 	
0.999999703628503 	
0 	
0 	
0 	
3.81249583739334 	
0 	
3.49999782214776 	
0 	
0 	
0 	
1.4999991831514 	
0 	
0.999999834909781 	
0 	
0.999999664498579 	
1.49999926114479 	
0 	
2.99999851777518 	
0 	
0 	
3.49999832724642 	
1.49999955366899 	
1.99999895379353 	
0 	
0 	
0 	
0 	
4.12499507726829 	
0 	
0.999999326122992 	
0.999999625450423 	
0.999999632186113 	
0 	
0 	
0 	
0 	
0.999999834909781 	
0 	
0 	
1.49999955366899 	
0 	
0 	
2.49999900890652 	
0 	
0 	
1.99999865224598 	
2.49999900890652 	
0 	
0.999999955750158 	
0.999999625450423 	
0 	
4.49999629356315 	
0 	
1.49999859580474 	
0 	
1.99999816560928 	
0 	
0.999999955750158 	
1.74999903519047 	
0 	
1.49999955366899 	
2.49999888266728 	
0.999999534702219 	
3.74999492507912 	
1.99999918908834 	
0.999999664498579 	
3.99999736819899 	
3.53124563301685 	
0 	
0 	
0 	
0 	
0 	
0 	
0 	
0 	
1.99999895379353 	
1.49999949753796 	
0 	
0.999999632186113 	
3.99999641082807 	
0 	
0.999999834909781 	
0.999999625450423 	
4.49999517009963 	
0 	
0 	
2.99999887635127 	
0.999999534702219 	
0 	
0 	
1.49999943909282 	
1.99999932899716 	
0 	
0 	
1.99999918908834 	
1.49999980424771 	
0 	
0 	
0 	
1.99999865224598 	
0 	
3.4999986734051 	
1.49999980424771 	
2.49999868701623 	
0 	
0 	
0.999999077353539 	
0.999998923078963 	
3.37499594307119 	
0 	
0 	
0 	
0 	
0.999999664498579 	
1.49999932924201 	
0 	
0 	
0.999999326122992 	
0.999999247119337 	
0 	
0 	
2.49999832048613 	
0 	
1.99999792808506 	
0 	
1.99999906940444 	
2.2499991836716 	
