0.999999534702219 	
0.999999834909781 	
1.99999949396443 	
0 	
0.999999625450423 	
5.49999237430531 	
0 	
1.99999909405555 	
0 	
4.21526897998056 	
1.99999865224598 	
2.99999795139358 	
3.49999806647875 	
0 	
4.49999767085506 	
0 	
0 	
5.45831946040544 	
0.999999834909781 	
0 	
0 	
0.999999955750158 	
0 	
0 	
0 	
0.999999874489039 	
6.49999044404667 	
1.99999865224598 	
0 	
3.7499960686668 	
0 	
3.84027024775186 	
3.41666259765009 	
0 	
3.99999725796102 	
0 	
0 	
1.49999906191345 	
0 	
2.99999836630281 	
2.49999822650748 	
3.49999776318851 	
0.999999664498579 	
1.99999909405555 	
0.999999834909781 	
