4.74999423436955 	
8.99998012592051 	
3.4999969879893 	
6.58332032452775 	
3.99999621863168 	
7.20831802555087 	
7.02081595662009 	
5.24999433467613 	
6.9999886537582 	
7.54164705443525 	
0.999999955750158 	
0.999999955750158 	
3.74999697140709 	
3.99999680656051 	
0 	
6.49998748851689 	
5.17128756309679 	
1.9999991944008 	
5.99999407039691 	
0.999999874489039 	
4.41666022570186 	
1.99999900820924 	
1.99999895379353 	
4.49999523579369 	
6.37499111493598 	
6.1249918605577 	
5.99999512917258 	
3.99999459432383 	
3.9999968024008 	
0.999999874489039 	
2.99999887635127 	
4.99999520812841 	
6.49999131802181 	
1.99999909405555 	
0.999999834909781 	
1.99999894104466 	
4.99999558379403 	
6.49999243473558 	
7.62497980633093 	
0.999998883927388 	
0 	
2.99999748870968 	
3.7499968463426 	
