2.99999826501436 	
0 	
4.99999441847262 	
2.49999892615434 	
0 	
1.49999955366899 	
0 	
2.74999747680983 	
1.74999912020685 	
2.49999800989876 	
0.999999625450423 	
0.999999674307175 	
0 	
0 	
4.4999953450107 	
1.99999932899716 	
0.999999358698126 	
1.99999949396443 	
0 	
0 	
0 	
0.999999874489039 	
0.999999746982215 	
0 	
1.49999955366899 	
0 	
0 	
0 	
0 	
0 	
0.999999247119337 	
0.999999955750158 	
0.999999746982215 	
0.999999955750158 	
0 	
0 	
1.99999935032798 	
0.999999674307175 	
0 	
0.999999746982215 	
2.49999802355571 	
2.49999807476462 	
2.49999888266728 	
0 	
3.49999812332951 	
0.999999664498579 	
0 	
0 	
0 	
1.99999905723905 	
0 	
0.999999481250932 	
4.24999595023074 	
6.74999191712936 	
0 	
0.999999481250932 	
5.49999486764189 	
3.99999448173341 	
5.74999455860954 	
0 	
4.9999960619324 	
2.49999825838657 	
0 	
0 	
2.99999853367808 	
3.9999964560284 	
0 	
4.49999750676444 	
0.999999955750158 	
1.99999905723905 	
1.99999949396443 	
0 	
1.99999935032798 	
3.49999770804682 	
0 	
0.999999534702219 	
1.49999945202234 	
0 	
1.99999949396443 	
1.99999900820924 	
0 	
2.67707832906894 	
1.99999918908834 	
0 	
2.74999654018404 	
0.999999480761447 	
0.999999746982215 	
3.83332510969076 	
0.999999746982215 	
0 	
0 	
2.99999765452586 	
0.999999664498579 	
1.99999918908834 	
3.49999886509781 	
0 	
0 	
4.99999581311143 	
0 	
0 	
0.999999077353539 	
0 	
3.99999814381208 	
0 	
0.999999625450423 	
0 	
0 	
0 	
0 	
0.999999534702219 	
0 	
3.4999961108173 	
0.999999955750158 	
1.99999895379353 	
2.49999892615434 	
1.74999938758003 	
1.99999925090085 	
0 	
0.999999955750158 	
1.99999865224598 	
0 	
1.99999931263766 	
0.999999480761447 	
1.99999918908834 	
4.49999248542289 	
2.99999632616026 	
2.24999871399747 	
0 	
0.999999625450423 	
0 	
3.49999770804682 	
2.41666455526179 	
3.49999713166787 	
0.999999625450423 	
1.49999955366899 	
0 	
0 	
0 	
2.49999800989876 	
0.999999534702219 	
0 	
2.49999900890652 	
0.999999874489039 	
0.999999746982215 	
0 	
0 	
1.99999931263766 	
2.99999806833731 	
0 	
0.999999534702219 	
0.999999534702219 	
1.99999906940444 	
1.49999906191345 	
0 	
2.49999825838657 	
0 	
0.999999625450423 	
2.49999859665474 	
0 	
1.49999859580474 	
3.99999633962416 	
0.999999703628503 	
0.999999362001565 	
0 	
0.999999746982215 	
0 	
0.999999480761447 	
1.49999955366899 	
2.2499991836716 	
0 	
1.99999925090085 	
1.99999894104466 	
0.999999746982215 	
0 	
1.49999980424771 	
0.999999664498579 	
0.999999664498579 	
0 	
0 	
2.49999822650748 	
0 	
2.49999900890652 	
0 	
0 	
0 	
0.999999533150113 	
0 	
0 	
2.49999868701623 	
0.999999271778113 	
0 	
1.99999932899716 	
2.49999822650748 	
0 	
0 	
0 	
2.99999748870969 	
0.999998923012306 	
1.99999896250186 	
0.999999534702219 	
2.49999901820232 	
