9.12497238763612 	
7.37498981838089 	
3.4999969879893 	
2.99999748870968 	
0.999999955750158 	
6.92619664732641 	
7.02081595662009 	
2.9999977929769 	
1.99999863237226 	
6.24999267413569 	
1.99999872856566 	
0.999999955750158 	
3.49999723757413 	
0.999999874489039 	
2.99999770705536 	
3.74999685519768 	
6.69724572255193 	
4.49999750676444 	
0.999999703628503 	
2.49999868701623 	
4.83332236091003 	
1.99999894104466 	
4.49999454598175 	
2.99999684415597 	
6.37499111493598 	
4.49999596499424 	
1.99999925090085 	
4.58462259317127 	
0.999999625450423 	
5.49999065097606 	
0 	
7.9999897114207 	
8.4999884165951 	
6.99998859025322 	
2.99999855923089 	
4.20832777185258 	
6.45831885072632 	
1.49999926114479 	
4.99999614952924 	
4.99999682589122 	
2.99999632616026 	
3.99999511943866 	
0 	
