4.95831957604083 	
4.49999658438317 	
4.60415406425814 	
0 	
0 	
2.99999702665085 	
4.83332246732271 	
4.49999466085795 	
3.83332617705515 	
2.99999684415597 	
0.999999834909781 	
3.83332617705515 	
1.99999896152289 	
4.83332180287893 	
1.74999912020685 	
5.99999352422649 	
2.99999887635127 	
0 	
2.99999899507593 	
1.99999931263766 	
3.24999731610164 	
1.99999896152289 	
2.99999872598333 	
2.99999810141313 	
6.99998970338047 	
0 	
2.99999855923089 	
0 	
2.49999888266728 	
4.99999311055542 	
0.999999326122992 	
4.49999466085795 	
4.99999082050992 	
3.51561897350135 	
0.999999625450423 	
2.99999550879647 	
4.99999524074871 	
1.99999865224598 	
2.99999790492049 	
0.999999955750158 	
2.99999699120466 	
6.02082114734268 	
0 	
5.99999325446318 	
1.99999863237226 	
