0.999999552828006 	
1.99999948254491 	
0.999999410540692 	
2.49999874417881 	
0 	
0 	
6.99998792225806 	
2.49999915348231 	
0.999999674307175 	
6.99998792225806 	
0.99999962606188 	
0 	
0.999999632186113 	
0.999999288422125 	
0.999999834909781 	
0.999999358698125 	
0.99999962606188 	
0.99999985379626 	
0.999999834909781 	
1.99999946875454 	
2.99999806020818 	
2.99999757564628 	
0 	
0 	
0.99999985379626 	
0.99999962606188 	
0.99999962606188 	
0.999999674307175 	
0 	
0.999999410540692 	
0 	
0.999999674307175 	
7.99998540441575 	
0 	
0.999999834909781 	
0.99999962606188 	
0.999999674307175 	
1.99999857684425 	
0 	
0 	
2.49999936383076 	
0.999999358698125 	
0 	
0 	
0.999999674307175 	
0 	
0 	
1.99999890401956 	
0.99999962606188 	
0.999999955750158 	
0 	
2.49999915348231 	
1.49999956887986 	
2.49999875736744 	
1.99999934861435 	
0.999999685543246 	
0.999999685543246 	
0 	
0.999999955750158 	
1.99999925212376 	
0 	
0 	
0.99999962606188 	
0.999999834909781 	
0.999999674307175 	
0.999999955750158 	
2.49999868368493 	
0.999999288422125 	
0 	
0.99999985379626 	
0.999999834909781 	
