0 	
3.99999596437667 	
0.999999834909781 	
0 	
0 	
0 	
0 	
0 	
0 	
0.999999955750158 	
0.999999674307175 	
0 	
0 	
0.999999685543246 	
0 	
0.999999632186113 	
0 	
0 	
5.49999533333005 	
0 	
0 	
0.999999955750158 	
0 	
0 	
0 	
0 	
0 	
0 	
0 	
0.99999985379626 	
0.99999985379626 	
0 	
0 	
0 	
0.99999962606188 	
0 	
0 	
3.49999733361329 	
0.999999834909781 	
0 	
0 	
0 	
0 	
4.99999497690212 	
0 	
0.99999962606188 	
0.999999674307175 	
0 	
0 	
0 	
0 	
0.999999552828006 	
0 	
0 	
0 	
2.99999797999058 	
0 	
0 	
0 	
0 	
0 	
0 	
0 	
0 	
5.49999275298561 	
3.99999596437667 	
0 	
0 	
0.999999685543246 	
0 	
0 	
0 	
0 	
0.999999674307175 	
0 	
0 	
0 	
0 	
0 	
0.999999685543246 	
0 	
5.99999296757642 	
0 	
0 	
0.999999552828006 	
0 	
0 	
0 	
3.2499965773273 	
5.99999229133499 	
0 	
0 	
0.999999834909781 	
0.99999962606188 	
0.99999985379626 	
4.99999655940818 	
4.49999606246136 	
0 	
0 	
0.99999962606188 	
0 	
0.999999685543246 	
0 	
4.99999429881861 	
0 	
0 	
0 	
0 	
0 	
0 	
0 	
0 	
0 	
0 	
0.999999955750158 	
0 	
5.49999474751383 	
0 	
0 	
0.999999552828006 	
