1.49999980424771 	
0.999999955750158 	
1.99999890401956 	
0.999999955750158 	
7.49999168171862 	
0 	
0 	
0.99999962606188 	
0 	
0.999999834909781 	
7.49999530761503 	
0 	
1.74999903519047 	
7.4999905843913 	
0.999999552828006 	
1.49999945202234 	
1.99999928206219 	
1.49999955366899 	
2.99999772204389 	
0.999999674307175 	
0.999999410540692 	
1.49999945202234 	
1.49999973592541 	
1.99999922101058 	
0.999999410540692 	
8.49998279623588 	
2.99999842137629 	
0.99999985379626 	
7.99998386749051 	
0 	
1.99999944585635 	
0 	
1.99999926437222 	
1.99999857684425 	
6.9999873428793 	
0 	
0.999999955750158 	
0.99999962606188 	
0 	
1.99999966981956 	
0 	
1.99999928958687 	
0 	
6.49998884714783 	
8.99998219677079 	
0.99999985379626 	
8.49998713797276 	
0.999999685543246 	
0 	
0.999999632186113 	
8.74998279623582 	
2.49999842879065 	
0.999999481250932 	
0.999999674307175 	
7.49999023793291 	
0 	
0 	
1.99999871739625 	
7.49998637364752 	
0 	
0 	
1.9999981544939 	
1.49999980424771 	
0 	
0.99999985379626 	
7.74998485725089 	
0 	
0 	
0.99999962606188 	
1.99999944585635 	
0.999999481250932 	
0 	
0.999999410540692 	
3.49999805181025 	
0 	
6.99998768119458 	
0.999999674307175 	
0 	
0.99999985379626 	
0 	
0 	
0 	
0.999999288422124 	
0.999999410540692 	
0 	
0 	
0.99999962606188 	
0.999999834909781 	
8.49998428791518 	
