3.99999689313985 	
0.999999674307175 	
0 	
0 	
0.999999674307175 	
0.999999674307175 	
0 	
0.99999985379626 	
0 	
0 	
0.999999955750158 	
0 	
0 	
0 	
0 	
0 	
0 	
0.999999955750158 	
0 	
0 	
0 	
0 	
0 	
0 	
0 	
0 	
0.999999955750158 	
0 	
0 	
3.49999733361329 	
4.99999429881861 	
0 	
0 	
0 	
0 	
0 	
0 	
0 	
0.999999410540692 	
0 	
0 	
0 	
0 	
0 	
0 	
0 	
0 	
0 	
0 	
0.999999834909781 	
0 	
0 	
0 	
0 	
0 	
0 	
0 	
0 	
0 	
0 	
0 	
0 	
0 	
0 	
0 	
1.99999948254491 	
0.99999985379626 	
0 	
0.999999674307175 	
0.99999985379626 	
0 	
0 	
3.49999828864559 	
0 	
0 	
0 	
0 	
0.99999985379626 	
0 	
0.999999955750158 	
0 	
0 	
0 	
0 	
3.4999979550643 	
0 	
0 	
0.999999834909781 	
0 	
0.999999674307175 	
0 	
0 	
0 	
0 	
1.99999890401956 	
0 	
3.99999623215815 	
0 	
0 	
0 	
0 	
1.99999952584529 	
0 	
0 	
0.999999955750158 	
4.99999497690212 	
0 	
0 	
0 	
0 	
0 	
0 	
0 	
0 	
3.99999689313985 	
0 	
3.99999689313985 	
0 	
0 	
0 	
