0.99999985379626 	
0.999999685543246 	
0.999999674307175 	
8.49998438673648 	
6.93748601078072 	
1.74999864733229 	
0.999999685543246 	
1.99999944585635 	
0.999999632186113 	
8.74998279623582 	
2.49999760690388 	
2.49999836169689 	
2.49999901334407 	
0 	
2.74999726695012 	
0.999999674307175 	
0.999999834909781 	
0.999999685543246 	
0.99999962606188 	
8.49998279623588 	
7.99998386749051 	
0 	
0.999999674307175 	
7.99998824037625 	
0 	
0.999999481250932 	
0 	
0.999999955750158 	
0 	
1.99999944585635 	
7.99998698899776 	
2.49999842879065 	
0.999999552828006 	
0.999999955750158 	
0.999999674307175 	
0.999999685543246 	
1.99999890401956 	
2.49999842879065 	
8.24998632421191 	
0.999999674307175 	
1.99999922101058 	
0.999999358698125 	
1.99999877993995 	
7.99999368802544 	
6.49999300110242 	
0.999999685543246 	
6.49998679817685 	
1.99999944585635 	
0.999999685543246 	
0.999999955750158 	
1.99999910565601 	
0.99999962606188 	
0 	
1.99999803162609 	
0.99999962606188 	
0 	
0 	
1.99999928958687 	
0.999999410540692 	
2.49999905745234 	
0.999999955750158 	
2.49999915348231 	
1.99999926437222 	
0 	
0.999999955750158 	
0 	
0 	
0.999999685543246 	
0 	
8.99998219677079 	
1.99999910565601 	
0.999999632186113 	
0.999999552828006 	
7.99999504708726 	
0.999999685543246 	
