0.999999552828006 	
0 	
2.74999755057495 	
0 	
1.99999928958687 	
0.999999674307175 	
0 	
0 	
0 	
0 	
0.99999962606188 	
0 	
0 	
6.93748744464493 	
0 	
7.99999006082025 	
0 	
0 	
8.49998428791518 	
7.99998535255531 	
0 	
1.99999928958687 	
1.49999876307492 	
7.49998493874515 	
0 	
0 	
0.999999834909781 	
9.12499167681574 	
0 	
0.999999674307175 	
0 	
0.999999410540692 	
1.99999926437223 	
0 	
0 	
0.999999552828006 	
0.99999985379626 	
7.74999666402094 	
0 	
0 	
0.99999962606188 	
7.49998637364752 	
0.99999985379626 	
7.49998493874515 	
0 	
1.49999955366899 	
1.9999981544939 	
7.87498338452502 	
0 	
1.99999877993995 	
1.99999928958687 	
0.999999955750158 	
0.99999985379626 	
0.99999985379626 	
0.999999955750158 	
2.49999892545067 	
0 	
1.99999910565601 	
0 	
0.999999632186113 	
0 	
0.999999674307175 	
0.999999075432228 	
0 	
0 	
1.99999849709127 	
0.999999674307175 	
0 	
0 	
0.99999962606188 	
0 	
0 	
0 	
2.99999790432167 	
0.999999674307175 	
1.99999849709127 	
0 	
0.999999955750158 	
0.999999288422124 	
3.74999707265794 	
0 	
0.999999674307175 	
1.74999903519047 	
0 	
2.49999915348231 	
6.80206957996939 	
