1.49999933862931 	
1.99999937108649 	
0 	
0.999999955750158 	
1.99999970759252 	
1.49999945202234 	
0.99999985379626 	
1.49999980424771 	
0.99999985379626 	
0 	
0 	
0 	
0 	
0 	
0.999999955750158 	
0 	
0 	
0.999999955750158 	
0 	
0.99999985379626 	
0 	
0 	
0 	
0.999999685543246 	
0 	
0.99999985379626 	
2.49999882083344 	
0.999999955750158 	
0 	
0 	
0 	
0.99999985379626 	
1.99999928958687 	
0.999999685543246 	
0 	
0 	
0 	
0 	
1.49999973592541 	
0 	
0.999999834909781 	
0 	
0.999999955750158 	
0 	
0 	
1.49999946916253 	
0 	
0 	
1.49999956887986 	
0 	
0.999999685543246 	
0 	
0 	
1.49999946916253 	
1.49999980424771 	
1.49999956887986 	
1.99999947878987 	
0 	
0 	
1.99999944585635 	
0.99999985379626 	
1.99999937108649 	
0.999999955750158 	
0.999999685543246 	
0.999999955750158 	
0.999999834909781 	
0.99999985379626 	
0 	
0 	
0 	
1.49999973592541 	
0 	
0 	
0 	
0 	
1.49999955366899 	
0 	
0.999999955750158 	
1.9999991993596 	
1.49999973592541 	
0.999999685543246 	
0 	
0.999999690865243 	
0.999999955750158 	
0 	
0 	
1.49999946916253 	
0 	
0 	
0 	
0 	
0.999999834909781 	
0 	
0.999999955750158 	
0 	
1.49999955366899 	
1.99999970759252 	
0 	
0 	
1.99999970759252 	
