0 	
0.99999962606188 	
1.49999946916253 	
0.999999674307175 	
0 	
0 	
0 	
0 	
0 	
0 	
0 	
0 	
1.49999980424771 	
0 	
0 	
0.999999685543246 	
0 	
0.99999985379626 	
0 	
0 	
0 	
0 	
0 	
1.99999947878987 	
0 	
0 	
0 	
0 	
0.999999685543246 	
0 	
0.999999955750158 	
0 	
0.99999985379626 	
0 	
0 	
0.999999690865243 	
0 	
0 	
0 	
0.999999955750158 	
0.999999674307175 	
1.49999973592541 	
1.99999970759252 	
0 	
0 	
0 	
2.49999931067901 	
1.99999929864009 	
0 	
0 	
0.999999955750158 	
0.999999955750158 	
0 	
0 	
0 	
0 	
0 	
0 	
0 	
0.999999632186113 	
1.49999955366899 	
0 	
0 	
0.999999690865243 	
0 	
1.49999980424771 	
0 	
0.99999985379626 	
1.49999946916253 	
1.49999946916253 	
1.49999955366899 	
0 	
0 	
0 	
0.999999690865243 	
2.49999901334407 	
0 	
0 	
0.99999985379626 	
0 	
0 	
1.99999970759252 	
0 	
0 	
1.99999947878987 	
0 	
0 	
0 	
0.999999955750158 	
1.49999973592541 	
0.999999834909781 	
1.49999955366899 	
0 	
0 	
2.49999931067901 	
0.99999985379626 	
0 	
1.49999980424771 	
0 	
0 	
