0 	
0 	
0 	
0.99999985379626 	
0 	
0.99999985379626 	
1.49999980424771 	
0 	
0 	
0 	
0.999999955750158 	
0 	
0.999999690865243 	
0.999999685543246 	
0 	
0 	
0 	
0 	
1.99999970759252 	
0.99999962606188 	
1.49999980424771 	
1.49999933862931 	
0 	
0.999999955750158 	
0 	
0 	
0 	
0 	
0 	
0.99999985379626 	
0.999999955750158 	
0 	
0 	
0.999999955750158 	
0 	
0 	
0 	
0.999999685543246 	
0 	
1.49999955366899 	
1.49999980424771 	
1.49999955366899 	
0 	
0 	
0.99999985379626 	
0.999999834909781 	
1.49999973592541 	
0 	
0.999999685543246 	
0.999999955750158 	
0 	
0 	
0.999999685543246 	
0 	
1.49999973592541 	
0 	
0.999999685543246 	
1.49999946916253 	
0 	
0 	
0 	
0 	
0 	
0 	
0.999999955750158 	
0.99999962606188 	
0 	
1.49999973592541 	
0 	
0 	
0.99999985379626 	
0.999999955750158 	
0 	
0 	
0 	
0 	
0 	
0.999999955750158 	
3.49999862848395 	
0.999999955750158 	
0 	
0.999999834909781 	
0 	
0.999999955750158 	
2.49999933657743 	
0 	
0 	
0 	
2.49999931067901 	
0 	
0 	
0.999999685543246 	
0 	
0.999999685543246 	
0.999999685543246 	
0 	
0.999999685543246 	
0.999999955750158 	
0 	
0 	
