1.4999989542961 	
2.49999877460627 	
3.4999970549217 	
0 	
0 	
0.999999632186113 	
0.999999703628503 	
0 	
0 	
2.74999822173355 	
1.4999991831514 	
1.99999934861435 	
0.999999674307175 	
1.49999955366899 	
4.49999664844484 	
0.999999703628503 	
1.74999903519047 	
1.99999926437223 	
0.999999834909781 	
0.999999874489039 	
0.999999674307175 	
3.49999709441539 	
3.49999855763678 	
0 	
2.49999931067901 	
0.999999632186113 	
0 	
1.49999945202234 	
2.49999892545067 	
1.99999926437223 	
0.999999625291197 	
0.999999533150113 	
0.999999632186113 	
0.999999834909781 	
1.99999934861435 	
0 	
2.49999887406809 	
2.49999892545067 	
0.999999834909781 	
3.49999786266982 	
0.999999632186113 	
2.49999905745234 	
0.999999834909781 	
0 	
0 	
2.49999892545067 	
0.999999674307175 	
0.999999632186113 	
0 	
0.999999834909781 	
2.74999868578572 	
0.999999625291197 	
0.999999703628503 	
0.999999955750158 	
2.49999931067901 	
1.99999932513795 	
0 	
1.4999991831514 	
0.999999834909781 	
0.999999674307175 	
0.999999834909781 	
2.49999875736744 	
2.74999825663029 	
1.49999955366899 	
2.49999888436014 	
2.49999892545067 	
0.999999955750158 	
0.999999481250932 	
1.99999958196979 	
0.999999703628503 	
2.99999880760855 	
1.9999991944008 	
0.999999625291197 	
1.99999934861435 	
1.4999989542961 	
1.49999945202234 	
1.99999926437223 	
1.99999926437223 	
2.9999988210785 	
1.7499992723221 	
0.999999674307175 	
2.49999875736744 	
2.49999875736744 	
1.9999991944008 	
0.999999703628503 	
0 	
1.9999991944008 	
1.99999896250186 	
0.999999533150113 	
0.999999703628503 	
0.999999625291197 	
2.49999877460627 	
0 	
3.49999814273158 	
1.9999991944008 	
2.49999892545067 	
2.49999875736744 	
2.49999892545067 	
2.49999877460627 	
2.49999824053422 	
