0 	
0.999999674307175 	
2.49999875736744 	
0.999999674307175 	
0.999999955750158 	
0.999999674307175 	
1.99999934861435 	
0 	
2.49999931067901 	
0.999999674307175 	
0.999999674307175 	
2.74999868578572 	
0.999999674307175 	
0 	
1.99999874892738 	
1.99999896250186 	
2.49999907915258 	
0 	
1.99999932513795 	
0 	
1.99999966981956 	
0 	
0 	
0 	
0 	
0.999999674307175 	
0.999999674307175 	
0.999999834909781 	
0 	
0 	
0 	
0.999999632186113 	
0 	
1.99999966981956 	
0.999999674307175 	
2.49999931067901 	
0 	
0.999999703628503 	
0.999999674307175 	
1.4999994342632 	
0 	
0.999999834909781 	
1.49999955366899 	
0.999999834909781 	
1.99999934861435 	
1.49999945202234 	
1.49999955366899 	
1.49999945202234 	
1.99999932513795 	
0 	
1.49999955366899 	
0.999999632186113 	
0 	
0.999999632186113 	
0 	
0.999999874489039 	
0.999999674307175 	
0.999999955750158 	
2.7499989252341 	
0.999999834909781 	
0.999999955750158 	
0 	
0 	
0.999999955750158 	
0 	
0 	
0.999999955750158 	
0 	
2.49999875736744 	
0.999999955750158 	
1.9999991944008 	
0.999999834909781 	
0 	
0.999999955750158 	
0 	
0 	
0.999999625291197 	
0.999999674307175 	
0.999999834909781 	
0.999999703628503 	
2.49999892545067 	
1.99999966981956 	
1.9999991944008 	
1.4999989542961 	
2.7499989252341 	
0 	
1.49999945202234 	
0 	
0.999999955750158 	
0 	
0 	
0.999999834909781 	
1.99999966981956 	
2.99999880760855 	
0.999999703628503 	
1.99999926437223 	
2.99999844332561 	
0 	
0.999999955750158 	
2.99999880760855 	
1.49999945202234 	
