0 	
1.9999991944008 	
1.4999994342632 	
2.49999931067901 	
0 	
0.999999955750158 	
1.99999948254491 	
0 	
0.999999674307175 	
0.999999834909781 	
0 	
0.999999834909781 	
0 	
0 	
0 	
0.999999955750158 	
0.999999834909781 	
0 	
0.999999834909781 	
0.999999834909781 	
0 	
0 	
0.999999955750158 	
0 	
0.999999625291197 	
0 	
0.999999834909781 	
0 	
1.99999934861435 	
0.999999834909781 	
0.999999703628503 	
0.999999955750158 	
1.99999966981956 	
0.999999834909781 	
0 	
0 	
0.999999955750158 	
0 	
0.999999834909781 	
1.74999953715819 	
0 	
0 	
0.999999874489039 	
1.74999953715819 	
1.99999932513795 	
1.74999935938636 	
0 	
0 	
1.49999955366899 	
0 	
1.99999966981956 	
0.999999674307175 	
0 	
0.999999955750158 	
0 	
0 	
2.49999892545067 	
0 	
0 	
0 	
1.99999928206219 	
0.999999955750158 	
0 	
1.49999955366899 	
0.999999834909781 	
0 	
0.999999834909781 	
0 	
0.999999834909781 	
0 	
0 	
0.999999834909781 	
0.999999874489039 	
0 	
0 	
0.999999674307175 	
0.999999632186113 	
0 	
0.999999703628503 	
0.999999632186113 	
1.99999966981956 	
0.999999834909781 	
0 	
0 	
0.999999834909781 	
0.999999674307175 	
0 	
0.999999955750158 	
0 	
0 	
1.99999966981956 	
0.999999674307175 	
0 	
0 	
0 	
0.999999362001564 	
0 	
0 	
1.49999945202234 	
0 	
0.999999674307175 	
