0.999999834909781 	
3.99999749694744 	
0 	
0.999999703628503 	
0.999999632186113 	
0.999999834909781 	
2.49999931067901 	
0.999999834909781 	
3.49999833158347 	
2.49999892545067 	
0.999999625291197 	
0.999999703628503 	
1.74999938758003 	
2.99999902292153 	
1.49999955366899 	
2.49999811643409 	
1.74999903519047 	
1.99999932513795 	
2.49999875736744 	
2.49999892545067 	
4.49999708213247 	
2.74999825663029 	
0.999999834909781 	
0 	
0.999999674307175 	
0 	
1.49999955366899 	
2.99999857527264 	
0 	
0.999999955750158 	
1.99999934861435 	
1.99999966981956 	
1.74999953715819 	
0.999999834909781 	
0.999999834909781 	
0.999999874489039 	
0 	
0.999999834909781 	
1.49999980424771 	
1.74999953715819 	
0.999999834909781 	
2.49999875736744 	
0 	
0.999999834909781 	
0.999999632186113 	
0.999999632186113 	
1.99999926437223 	
1.99999904112638 	
0.999999625291197 	
1.99999923235483 	
1.99999926437223 	
2.49999840848296 	
1.99999948254491 	
0.999999632186113 	
1.4999991831514 	
0 	
0 	
1.9999991944008 	
2.49999892545067 	
1.99999934861435 	
0.999999703628503 	
0 	
0.999999674307175 	
1.99999904112638 	
2.49999875736744 	
1.49999945202234 	
0 	
1.99999934861435 	
1.99999934861435 	
1.99999904112638 	
2.49999877460627 	
0 	
1.9999991944008 	
0.999999632186113 	
0.999999834909781 	
1.99999904112638 	
1.99999966981956 	
0 	
0.999999834909781 	
0.999999674307175 	
1.99999904112638 	
0 	
0 	
2.49999892545067 	
0.999999834909781 	
0 	
0.999999874489039 	
1.99999923235483 	
2.49999828497185 	
0.999999834909781 	
1.99999939161369 	
0 	
2.49999911470015 	
0.999999703628503 	
0.999999674307175 	
1.49999980424771 	
0.999999674307175 	
1.9999991944008 	
1.49999955366899 	
2.99999902292153 	
