0 	
0.999999834909781 	
0.999999632186113 	
0.999999481250932 	
0 	
0.999999674307175 	
1.99999934861435 	
0 	
0.999999674307175 	
0 	
1.99999928206219 	
0 	
1.99999926437223 	
0.999999955750158 	
1.49999945202234 	
0 	
2.49999907915258 	
0 	
0 	
0.999999834909781 	
0.999999674307175 	
3.49999811230413 	
0.999999481250932 	
3.24999836459272 	
0.999999674307175 	
0 	
0 	
0 	
0 	
0.999999703628503 	
0.999999703628503 	
1.99999928206219 	
0 	
0.999999834909781 	
0.999999632186113 	
0 	
1.74999953715819 	
2.49999931067901 	
0.999999533150113 	
1.99999948254491 	
0.999999874489039 	
0 	
0 	
1.99999966981956 	
0 	
0.999999674307175 	
0 	
0.999999674307175 	
0 	
0.999999874489039 	
2.49999811683676 	
1.49999955366899 	
0.999999834909781 	
0 	
1.9999991944008 	
1.99999966981956 	
0.999999955750158 	
1.9999991944008 	
0 	
0 	
1.99999926437223 	
0.999999674307175 	
0 	
0 	
0.999999834909781 	
0.999999955750158 	
0.999999625291197 	
0.999999703628503 	
1.49999955366899 	
0.999999632186113 	
0 	
0.999999874489039 	
0.999999674307175 	
0.999999955750158 	
0.999999874489039 	
0.999999703628503 	
0 	
0 	
1.49999980424771 	
3.99999794051884 	
0 	
1.99999926437223 	
0 	
0.999999834909781 	
0 	
0 	
0.999999674307175 	
0 	
0 	
1.99999926437223 	
1.49999955366899 	
0.999999834909781 	
2.49999892545067 	
0.999999955750158 	
1.99999926437223 	
0.999999674307175 	
2.99999880760855 	
0.999999834909781 	
0 	
0 	
0 	
0.999999703628503 	
2.49999892545067 	
0 	
0 	
0.999999674307175 	
1.74999938758003 	
1.49999959300891 	
0.999999834909781 	
0.999999632186113 	
1.99999934861435 	
0 	
0.999999632186113 	
0 	
0 	
0.999999955750158 	
0 	
1.49999980424771 	
0 	
0.999999955750158 	
1.99999966981956 	
1.99999948254491 	
0 	
1.99999939161369 	
1.49999945202234 	
0 	
0.999999834909781 	
2.49999892545067 	
1.4999991831514 	
0.999999674307175 	
0 	
0 	
0.999999625291197 	
0.999999834909781 	
0.999999674307175 	
0 	
1.99999934861435 	
0 	
0 	
0 	
0.999999834909781 	
1.4999991831514 	
0.999999834909781 	
0 	
0 	
0.999999955750158 	
0.999999874489039 	
0 	
0.999999834909781 	
0 	
0.999999632186113 	
0 	
0.999999632186113 	
1.49999945202234 	
0 	
0 	
1.49999980424771 	
0.999999674307175 	
2.49999931067901 	
0 	
1.99999934861435 	
0.999999834909781 	
0.999999632186113 	
0 	
1.9999991944008 	
0.999999834909781 	
0.999999834909781 	
0.999999703628503 	
0 	
0 	
2.49999892545067 	
1.99999928206219 	
0 	
0 	
1.49999980424771 	
0.999999834909781 	
0.999999703628503 	
1.49999980424771 	
0 	
0.999999632186113 	
0 	
1.4999989542961 	
0 	
0.999999874489039 	
0 	
0 	
2.9999988210785 	
0.999999625291197 	
1.49999955366899 	
0.999999703628503 	
0 	
1.49999955366899 	
1.99999934861435 	
0 	
0 	
0 	
2.49999931067901 	
0.999999632186113 	
2.49999931067901 	
0 	
1.49999955366899 	
