0 	
0 	
1.99999966981956 	
0 	
0 	
0 	
0 	
0 	
0 	
0.999999834909781 	
0.999999834909781 	
0 	
0.999999674307175 	
2.49999892545067 	
0.999999874489039 	
0 	
0 	
0.999999834909781 	
0.999999625291197 	
0 	
0.999999834909781 	
1.99999926437223 	
0.999999955750158 	
0 	
0.999999834909781 	
0.999999674307175 	
2.99999836630281 	
0 	
0.999999481250932 	
0.999999955750158 	
0 	
0.999999955750158 	
0 	
0 	
0.999999955750158 	
0 	
0.999999674307175 	
0.999999834909781 	
0 	
0.999999955750158 	
0.999999955750158 	
0 	
1.49999945202234 	
1.99999904301064 	
0.999999703628503 	
0 	
2.99999880760855 	
0 	
0 	
0 	
1.99999966981956 	
0.999999632186113 	
0 	
0 	
0 	
0.999999955750158 	
0 	
0 	
0 	
1.99999939161369 	
0 	
0 	
0.999999703628503 	
0.999999955750158 	
0 	
1.99999934861435 	
0 	
0 	
0.999999834909781 	
0 	
0 	
0 	
2.49999892545067 	
3.99999794051884 	
0.999999955750158 	
1.99999966981956 	
0 	
0.999999955750158 	
2.99999902292153 	
1.4999989542961 	
1.99999934861435 	
0 	
0.999999834909781 	
1.49999980424771 	
0.999999674307175 	
0 	
0.999999834909781 	
0 	
0 	
0 	
0 	
0.999999632186113 	
0 	
0 	
0 	
0 	
0 	
0.999999955750158 	
0 	
0.999999955750158 	
0.999999834909781 	
0 	
0.999999703628503 	
0 	
0 	
0.999999625291197 	
2.49999905745234 	
0 	
1.99999932513795 	
0.999999674307175 	
0.999999955750158 	
0 	
0 	
0 	
0.999999955750158 	
0 	
0 	
0 	
0.999999874489039 	
0 	
0 	
0.999999703628503 	
0.999999703628503 	
1.49999955366899 	
0 	
0 	
1.4999991831514 	
0.999999834909781 	
0 	
0.999999674307175 	
0.999999632186113 	
0 	
0 	
0 	
0.999999674307175 	
0 	
0 	
0 	
1.74999953715819 	
0.999999834909781 	
0 	
0.999999834909781 	
0.999999674307175 	
0.999999674307175 	
0.999999955750158 	
0 	
0 	
0.999999533150113 	
0.999999834909781 	
0 	
0 	
0 	
0 	
0.999999955750158 	
0 	
0 	
0 	
0.999999632186113 	
0 	
0.999999834909781 	
0 	
1.9999991944008 	
0 	
0 	
0.999999955750158 	
0 	
0 	
0 	
0 	
1.74999953715819 	
0 	
0.999999703628503 	
0 	
1.49999955366899 	
0 	
0 	
1.74999935938636 	
0 	
0 	
1.99999934861435 	
0.999999632186113 	
0 	
0 	
0 	
0 	
0 	
1.49999955366899 	
0.999999834909781 	
0 	
0.999999834909781 	
0.999999834909781 	
0.999999703628503 	
0 	
0.999999834909781 	
0.999999834909781 	
0.999999674307175 	
0 	
0 	
0 	
0 	
1.99999932513795 	
