0 	
0.999999703628503 	
0 	
0 	
0.999999834909781 	
0 	
0 	
0 	
0.999999955750158 	
0 	
0 	
0.999999834909781 	
0 	
1.99999934861435 	
0.999999674307175 	
0.999999874489039 	
0.999999674307175 	
1.49999945202234 	
0 	
0.999999834909781 	
0 	
0 	
1.74999953715819 	
1.99999966981956 	
0 	
1.49999955366899 	
0 	
0.999999834909781 	
0 	
0 	
0.999999834909781 	
0.999999834909781 	
0.999999632186113 	
0.999999834909781 	
0 	
0 	
0.999999632186113 	
0.999999674307175 	
0 	
0 	
0 	
0.999999674307175 	
0 	
0 	
0.999999874489039 	
0 	
0.999999955750158 	
0.999999632186113 	
0.999999955750158 	
0 	
1.49999945202234 	
0.999999955750158 	
0 	
0 	
0 	
0 	
1.99999923235483 	
0.999999674307175 	
0 	
1.49999955366899 	
0.999999955750158 	
0.999999955750158 	
0 	
0 	
0 	
0 	
0 	
0 	
0 	
0 	
0.999999834909781 	
0.999999955750158 	
0.999999674307175 	
0 	
0 	
1.49999924937879 	
0 	
0 	
0 	
0 	
0.999999632186113 	
0 	
0 	
0.999999834909781 	
0 	
0 	
0 	
0 	
0.999999955750158 	
0 	
0 	
1.49999955366899 	
0 	
0 	
0 	
1.99999966981956 	
0.999999674307175 	
0 	
0 	
0.999999834909781 	
0 	
0.999999834909781 	
0 	
0 	
0 	
0.999999955750158 	
0.999999703628503 	
0.999999674307175 	
0 	
0 	
0 	
0 	
0 	
0.999999955750158 	
0.999999834909781 	
0 	
0 	
0 	
0.999999955750158 	
1.49999980424771 	
0 	
0 	
0 	
0.999999674307175 	
0.999999674307175 	
0 	
0 	
0 	
0 	
0 	
0 	
0 	
0 	
0 	
0.999999955750158 	
0.999999955750158 	
0 	
0 	
1.49999945202234 	
2.49999931067901 	
0 	
1.74999938758003 	
0.999999674307175 	
0 	
1.49999959300891 	
0 	
0.999999834909781 	
0 	
0 	
0 	
0 	
0 	
1.99999932513795 	
0 	
1.49999945202234 	
0.999999955750158 	
0.999999703628503 	
0.999999703628503 	
0 	
0 	
0 	
0.999999955750158 	
1.99999948254491 	
0.999999481250932 	
0 	
0 	
1.99999948254491 	
0 	
0.999999955750158 	
0.999999674307175 	
0.999999703628503 	
0 	
0 	
0 	
0.999999674307175 	
0 	
0 	
0 	
0.999999834909781 	
1.49999945202234 	
0.999999834909781 	
0.999999834909781 	
0 	
0.999999674307175 	
0 	
0 	
0 	
0.999999834909781 	
0.999999703628503 	
0.999999834909781 	
0 	
0.999999955750158 	
0 	
1.99999934861435 	
0 	
0 	
0.999999874489039 	
0 	
0 	
0 	
