1.99999854355623 	
3.74999658189111 	
3.49999843489802 	
0.999999955750158 	
4.99999608668031 	
2.99999911337028 	
3.49999793689242 	
1.99999896152289 	
2.74999666187245 	
0.999999955750158 	
1.99999872969113 	
2.99999847837362 	
2.49999701683866 	
3.99999850424752 	
2.74999888109405 	
2.99999911337028 	
1.99999925212376 	
5.99999271996254 	
1.99999857684425 	
6.24999345262341 	
3.99999748717384 	
1.99999937108649 	
0 	
4.74999381703862 	
0 	
2.99999787734047 	
4.87499513154524 	
0 	
3.49999718969134 	
1.99999970759252 	
1.99999925212376 	
1.99999857684425 	
2.49999901820232 	
0 	
3.99999748717384 	
2.99999911337028 	
1.99999818104543 	
2.74999611676873 	
2.74999866212173 	
3.99999850424752 	
2.49999845850451 	
0 	
2.99999806817296 	
0.999999480761448 	
0 	
1.99999900162489 	
1.99999970759252 	
1.99999937108649 	
0 	
4.99999608668031 	
1.99999926941578 	
0.999999746982215 	
3.9999970961061 	
1.99999970759252 	
6.99999349934332 	
1.49999943909282 	
4.74999628282461 	
0 	
0 	
3.99999641489102 	
0.999999746982215 	
1.99999944149998 	
1.99999790642771 	
1.99999776785478 	
1.49999911581104 	
4.74999383465259 	
2.74999888109405 	
2.99999847837362 	
2.74999888109405 	
1.99999937108649 	
0 	
3.49999788037582 	
4.74999705768371 	
2.99999806817296 	
2.99999787734047 	
1.99999926941578 	
0 	
1.99999949396443 	
1.99999910565601 	
3.49999674291499 	
1.99999810182898 	
2.74999888109405 	
1.99999857684425 	
2.49999875318184 	
1.99999970759252 	
3.24999834765955 	
1.99999970759252 	
1.99999910565601 	
0.999999746982215 	
1.99999776785478 	
5.99999479746527 	
0.999999625450423 	
0.999999364845566 	
0 	
0.999999632186113 	
3.99999687853648 	
0 	
1.99999882108138 	
3.74999704062235 	
0 	
