0 	
1.49999861587043 	
2.74999889127347 	
1.99999910565601 	
2.99999847837362 	
1.99999970759252 	
1.99999818104543 	
0 	
3.99999805598013 	
0 	
0 	
1.99999970759252 	
1.49999952831487 	
2.99999872598333 	
0.999999674307175 	
2.99999887635127 	
1.99999848422014 	
4.99999431310162 	
3.99999850424752 	
0 	
1.99999926941578 	
1.99999970759252 	
1.74999842034401 	
0 	
1.99999970759252 	
4.99999431310162 	
1.99999910565601 	
1.99999925212376 	
0 	
0 	
1.9999981710566 	
0 	
0.999998750375256 	
2.99999846823145 	
3.74999652940413 	
4.49999726752069 	
1.99999833751845 	
2.99999847837362 	
3.74999548817825 	
1.99999970759252 	
0 	
0 	
3.99999850424752 	
0 	
2.74999823660233 	
0 	
0 	
0.999999480761448 	
1.99999937108649 	
0 	
0.999999271778114 	
2.74999676499049 	
1.49999952831487 	
3.99999712102417 	
0.999999364845566 	
0 	
1.99999970759252 	
1.99999896152289 	
3.99999805598013 	
2.49999845850451 	
0 	
4.99999550071445 	
2.74999888109405 	
1.99999970759252 	
1.99999861524161 	
0 	
0 	
1.99999882108138 	
0 	
2.99999772759547 	
2.99999872598333 	
2.49999763042049 	
2.74999711066652 	
0 	
0 	
0 	
0 	
2.99999911337028 	
3.99999753156984 	
3.99999850424752 	
0 	
3.99999580738396 	
5.74999422052471 	
7.41665800578033 	
0 	
1.99999970759252 	
2.49999841697894 	
0 	
3.99999753156984 	
1.99999926941578 	
1.99999970759252 	
2.74999823660233 	
4.99999431310162 	
1.99999970759252 	
5.49999608632169 	
1.99999970759252 	
3.99999576609221 	
2.99999772759547 	
0 	
1.49999943909282 	
