0.999999481250932 	
0 	
1.99999970759252 	
1.99999970759252 	
0 	
0 	
1.99999970759252 	
0 	
0 	
0 	
2.99999847837362 	
0 	
0.999999625450423 	
0.999999746982215 	
1.99999970759252 	
0 	
0 	
0 	
0 	
1.49999893263319 	
0 	
0.999999746982215 	
0 	
0 	
0 	
0 	
0 	
0 	
0 	
0 	
0 	
0 	
0 	
0.999999955750158 	
0.999999955750158 	
2.99999847837362 	
0 	
0 	
0 	
1.49999911581104 	
0 	
2.74999887924079 	
0 	
4.49999589213241 	
0 	
0 	
0.999999746982215 	
0 	
0 	
1.99999970759252 	
1.99999925212376 	
0 	
0 	
0 	
0 	
1.49999943909282 	
0 	
1.99999970759252 	
0 	
0 	
0 	
0 	
1.49999952831487 	
0 	
0.999999364845566 	
0 	
0 	
1.99999970759252 	
0 	
0 	
0 	
0 	
1.99999970759252 	
0 	
0 	
0 	
0 	
1.99999970759252 	
1.99999925090085 	
1.99999970759252 	
0.999999746982215 	
1.99999949396443 	
0 	
0 	
1.99999926941578 	
0 	
0 	
1.49999893263319 	
0 	
0.999999480761448 	
1.99999910565601 	
0.999999746982215 	
0 	
0 	
1.99999882108138 	
1.99999949396443 	
0 	
0 	
0 	
2.74999888109405 	
