0 	
0.999999364845566 	
0 	
1.99999872969113 	
1.99999872969113 	
0 	
0 	
0 	
0 	
0 	
0 	
1.49999932924201 	
0 	
0 	
1.99999925212376 	
1.99999949396443 	
0 	
1.49999952831487 	
0 	
0 	
1.99999862004479 	
0 	
0 	
0 	
0 	
1.99999910565601 	
0 	
1.9999981544939 	
0 	
0 	
1.99999872969113 	
0 	
0 	
0 	
0 	
0 	
0.999999746982215 	
0 	
0.999999480761448 	
0.999999746982215 	
1.99999926941578 	
1.99999910565601 	
0 	
1.49999952831487 	
0 	
0.999999746982215 	
0 	
0.999999674307175 	
0.999999746982215 	
0 	
0 	
0 	
0 	
0.999999746982215 	
0 	
2.749997893036 	
0 	
0 	
0 	
0 	
0 	
0 	
0 	
0 	
1.99999896152289 	
0.999999271778114 	
4.74999550984558 	
2.99999857435547 	
3.49999763726874 	
0 	
0 	
1.99999970759252 	
0 	
0 	
0 	
0 	
0 	
0 	
2.74999756007185 	
0 	
0 	
1.99999896152289 	
0 	
1.99999910565601 	
1.99999937108649 	
2.49999927529708 	
1.99999949396443 	
1.99999788105946 	
1.99999970759252 	
0 	
0 	
0 	
0 	
0 	
0 	
0 	
1.99999818104543 	
1.99999970759252 	
0.999999746982215 	
0 	
