1.99999926941578 	
1.99999910565601 	
1.9999981710566 	
1.49999893263319 	
0 	
0 	
3.99999805598013 	
4.7499964699988 	
0.999999632186113 	
5.49999514538043 	
0.999999746982215 	
0 	
5.499993443685 	
0.999999746982215 	
0.999999480761448 	
2.99999787734047 	
1.99999896152289 	
5.74999333131475 	
1.99999925212376 	
2.99999847837362 	
1.99999970759252 	
3.49999763726874 	
1.99999970759252 	
1.99999970759252 	
1.99999882108138 	
1.99999896152289 	
5.24999372801803 	
1.99999925212376 	
2.49999875318184 	
1.99999862004479 	
0 	
1.99999970759252 	
2.74999756007185 	
0 	
0 	
1.99999925090085 	
0 	
0 	
1.99999970759252 	
2.99999806817296 	
0 	
2.99999846823145 	
1.99999925212376 	
3.49999677036433 	
0.999999358698125 	
1.99999937108649 	
0 	
1.49999932924201 	
5.49999409904768 	
5.99999281422832 	
0 	
0.999999364845566 	
0 	
4.49999644778331 	
1.99999854355623 	
3.49999750947744 	
3.49999658049329 	
1.99999872969113 	
1.99999937108649 	
2.7499978714374 	
0 	
0 	
1.74999951175286 	
0 	
0 	
4.49999644778331 	
2.99999635998127 	
1.99999878934161 	
2.49999841697894 	
2.99999847837362 	
3.74999709337107 	
3.99999601824088 	
0 	
4.49999765394894 	
2.99999806817296 	
2.74999888109405 	
2.74999888109405 	
0.999999271778114 	
0.999999746982215 	
0.999999625450423 	
2.49999925977905 	
0 	
0.999998883927388 	
7.4999913028596 	
3.99999601824088 	
2.99999911337028 	
1.9999981544939 	
3.99999635721296 	
1.99999931263766 	
0 	
1.49999893263319 	
4.49999677228833 	
0 	
0.999999625450423 	
4.99999763358664 	
3.99999850424752 	
1.99999926941578 	
1.99999970759252 	
2.49999817005735 	
3.1249985540413 	
