1.99999862004479 	
0 	
0 	
0.999999271778114 	
0 	
0 	
0 	
2.99999725384085 	
1.99999970759252 	
0 	
0 	
1.99999910565601 	
0 	
1.99999970759252 	
0 	
0 	
0 	
0 	
0 	
0 	
1.99999970759252 	
0 	
0.999999955750158 	
0 	
0 	
0 	
0 	
1.49999932924201 	
0 	
2.99999806817296 	
0 	
1.99999882108138 	
1.49999952831487 	
0 	
0 	
0 	
3.99999850424752 	
1.99999970759252 	
0 	
0 	
0 	
0 	
0 	
0 	
0 	
0 	
0 	
0 	
0 	
0 	
1.49999911581104 	
0 	
1.99999970759252 	
0 	
0 	
3.99999630462218 	
0.999999955750158 	
0 	
0.999999746982215 	
0 	
0 	
0 	
0 	
0 	
1.49999893263319 	
0.999999364845566 	
0 	
1.99999970759252 	
0 	
0 	
0 	
0 	
0.999999746982215 	
0 	
0 	
0 	
0 	
1.99999910565601 	
0.999999632186113 	
1.99999882108138 	
0 	
0 	
0 	
0 	
0 	
0 	
0 	
0 	
0 	
0 	
0 	
0 	
0 	
0 	
0 	
0.999999955750158 	
0.999999746982215 	
0 	
0 	
0.999999674307175 	
