0 	
3.99999805598013 	
0 	
0 	
0 	
1.99999926941578 	
0 	
1.99999931263766 	
0.999999955750158 	
0.999999625450423 	
0 	
0 	
3.74999688106753 	
1.49999932924201 	
2.99999744393963 	
0 	
0 	
0 	
0 	
2.99999872598333 	
1.99999970759252 	
0.999999746982215 	
0 	
1.99999925212376 	
0 	
0.999999090522717 	
0 	
0 	
1.99999970759252 	
0 	
1.99999970759252 	
0 	
0 	
0 	
1.99999970759252 	
6.49999350335924 	
0 	
0 	
0 	
0 	
1.99999818104543 	
1.99999925212376 	
1.99999970759252 	
0.999999746982215 	
0.999999746982215 	
0 	
0.999999625450423 	
2.99999814198031 	
0 	
2.99999711734673 	
1.99999949396443 	
0 	
0 	
0.999999271778114 	
4.99999302651445 	
1.99999790099917 	
0 	
1.99999949396443 	
0 	
0 	
0.999999746982215 	
0.999999480761448 	
1.99999931263766 	
2.99999806020817 	
0.999999364845566 	
0 	
3.49999674291499 	
1.99999925212376 	
0 	
1.99999937108649 	
1.49999952831487 	
0 	
0 	
2.99999847837362 	
0 	
3.99999735619156 	
0 	
1.49999861587043 	
2.74999676499049 	
0.999999955750158 	
0.999999955750158 	
1.99999970759252 	
0.999999746982215 	
2.49999905929177 	
1.49999932924201 	
0 	
0 	
1.49999952831487 	
1.49999952831487 	
2.99999847837362 	
1.99999937108649 	
1.99999949396443 	
0 	
1.99999857684425 	
0.999999271778114 	
0 	
2.49999813782426 	
0.999999271778114 	
0 	
1.99999872969113 	
