0.999999955750158 	
1.99999925090085 	
0 	
2.99999847837362 	
1.99999925212376 	
0 	
0 	
0 	
2.99999847837362 	
0 	
3.99999805598013 	
1.99999910565601 	
0 	
2.74999888109405 	
1.99999910565601 	
0 	
4.74999705768371 	
1.99999925212376 	
2.49999927529708 	
0 	
1.99999970759252 	
4.24999368199508 	
1.99999970759252 	
2.99999846823145 	
0 	
2.74999823660233 	
0 	
0 	
1.99999925212376 	
0 	
0 	
0 	
3.99999683955801 	
2.99999817778914 	
1.99999970759252 	
2.74999888109405 	
1.99999937108649 	
0 	
0 	
1.99999970759252 	
2.49999905929177 	
0 	
1.99999937108649 	
0.999999674307175 	
3.99999805598013 	
1.99999910565601 	
0 	
0.999999746982215 	
0 	
0 	
1.99999872969113 	
3.70832941686691 	
1.99999970759252 	
2.49999841697894 	
1.99999827113573 	
1.99999896152289 	
3.49999843489802 	
2.99999847837362 	
1.99999970759252 	
0 	
0.999999674307175 	
3.49999739352632 	
2.99999847837362 	
2.99999806817296 	
2.99999857435547 	
5.24999355608303 	
2.49999840410882 	
2.99999691698801 	
0 	
3.74999546972048 	
1.99999854355623 	
0 	
1.99999970759252 	
2.74999756007185 	
2.74999887924079 	
1.99999798262039 	
2.99999904195464 	
1.99999970759252 	
1.99999931263766 	
0.999999271778114 	
0 	
1.99999949396443 	
3.99999712102417 	
2.74999887924079 	
2.99999847837362 	
0 	
1.99999926941578 	
0.999999358698125 	
2.99999847837362 	
1.49999911581104 	
0.999999625450423 	
0 	
0 	
0.999999364845566 	
0.999999746982215 	
0.999999955750158 	
1.99999937108649 	
0 	
0 	
0 	
