2.99999836630281 	
0 	
0 	
0 	
1.99999885957907 	
0 	
0 	
2.74999825663029 	
0 	
0.999999884905103 	
0 	
0 	
1.99999926437223 	
1.49999876307492 	
0 	
0 	
0 	
2.49999868701623 	
1.99999900820924 	
1.99999882108138 	
1.74999891107388 	
1.99999925212376 	
1.74999903519047 	
2.99999770449445 	
0.999999674307175 	
0 	
1.49999955366899 	
0.999999674307175 	
3.74999638487465 	
0 	
0 	
0.999999358698125 	
0.999999674307175 	
0 	
0 	
0 	
0.999999533150113 	
1.49999945202234 	
1.49999910692811 	
0.999999625291197 	
2.74999676499049 	
0 	
0.999999632186113 	
0.999999674307175 	
0.999999358698125 	
1.99999896250186 	
2.49999868701623 	
0 	
1.99999887928238 	
0 	
0 	
1.49999910692811 	
1.49999955366899 	
0 	
0 	
0.999999674307175 	
0 	
1.99999909483913 	
3.03124707894833 	
0 	
0 	
0 	
0.999999632186113 	
0 	
1.49999945202234 	
0 	
1.99999937108649 	
1.49999924937879 	
1.49999955366899 	
1.99999925212376 	
0 	
0 	
1.74999953715819 	
0.999999481250932 	
0 	
0 	
1.99999840465054 	
0 	
0 	
0 	
0 	
3.49999855763678 	
3.00694067552817 	
0 	
0.999999674307175 	
3.12499804123177 	
0.999999632186113 	
0 	
1.87499881589612 	
0 	
1.87499795111502 	
0 	
1.4999991831514 	
0 	
0.999999674307175 	
0.999999632186113 	
0 	
0.999999632186113 	
0.999999358698125 	
0.999999632186113 	
1.99999925212376 	
3.74999742005522 	
0 	
0 	
1.4999991831514 	
0.999999834909781 	
3.12499856831199 	
0 	
0.999999834909781 	
0 	
0 	
0 	
