3.49999779391191 	
3.99999698346257 	
0.999999632186113 	
2.41666377359692 	
1.49999867042621 	
4.49999593838199 	
4.7499936705616 	
3.58333003274854 	
1.49999899063666 	
4.99999462081218 	
0 	
0.999999834909781 	
1.99999828192451 	
2.99999772204389 	
2.99999846823145 	
2.74999823660233 	
5.4999924116005 	
5.08332898173348 	
2.99999625560798 	
6.59374136488028 	
4.12499564292176 	
2.99999770705536 	
3.49999653966596 	
0 	
4.99999503141113 	
0.999999674307175 	
3.49999652317013 	
4.58332999013512 	
0 	
1.9999991944008 	
4.24999288611639 	
1.9999983029093 	
2.99999705338942 	
2.49999760690388 	
3.3749957637554 	
2.49999840848296 	
0 	
0 	
0.999999481250932 	
2.05208012831047 	
4.24999680706205 	
1.99999865872454 	
0.999999481250932 	
1.74999864733229 	
2.99999755369244 	
3.4166633880893 	
0 	
4.6124960155267 	
3.58333057119297 	
2.74999673649624 	
2.99999750757478 	
4.91666210069425 	
6.74998992960831 	
1.99999871739625 	
4.12499636601304 	
2.24999851431464 	
0 	
1.99999871739625 	
0 	
4.74999344111854 	
2.49999728171634 	
1.49999860311264 	
0 	
2.9999979085922 	
6.70832333332536 	
3.03124632742415 	
0.999999358698125 	
2.24999754823427 	
0.999999481250932 	
2.74999866212173 	
2.4999978889126 	
3.09374577341032 	
1.74999906240779 	
0.999999533150113 	
0 	
1.99999871739625 	
2.7499978714374 	
3.99999741381823 	
3.99999498546073 	
0.999999632186113 	
0 	
5.58332409788866 	
0.999999075432227 	
0 	
3.99999691938908 	
2.99999760129018 	
0.999999358698125 	
0 	
0 	
2.9999987603962 	
1.74999870426175 	
3.49999623281134 	
4.49999513014484 	
0 	
4.99999624542753 	
1.99999871739625 	
4.61457968162951 	
2.43749731166984 	
2.99999658896255 	
3.49999730800994 	
0 	
3.49999716603056 	
2.41666432871774 	
2.49999827234222 	
3.49999663703507 	
4.61249164931627 	
2.58333105522946 	
1.9999983029093 	
5.99999294659747 	
3.58332912288617 	
