0.999999955750158 	
2.9999979085922 	
0 	
0 	
0 	
0 	
0 	
0 	
3.49999814716105 	
2.99999846100155 	
0 	
1.4999991831514 	
2.7499972938257 	
0 	
0.999999955750158 	
0.999999481250932 	
0 	
0 	
0 	
0 	
2.49999840848296 	
1.99999887928238 	
0 	
0 	
0.999999674307175 	
2.99999755369244 	
0 	
0 	
3.74999613465167 	
2.74999818610267 	
0 	
0 	
0 	
0.999999834909781 	
0 	
3.49999822577306 	
1.99999887928238 	
0.999999674307175 	
1.49999980424771 	
0.999999674307175 	
0.999999955750158 	
0.999999481250932 	
1.99999925212376 	
0.999999632186113 	
3.08333096428697 	
0 	
1.99999926437223 	
0 	
3.99999736819899 	
0 	
0 	
1.99999910565601 	
4.24999547840469 	
4.58332751262914 	
1.99999926437223 	
0 	
0 	
0.999999703628503 	
0 	
2.49999811683676 	
0.999999632186113 	
2.4999978889126 	
0 	
0 	
0.999999358698125 	
0 	
1.99999918908834 	
2.99999741382122 	
0 	
0 	
1.49999945202234 	
0 	
0 	
3.49999765212327 	
0 	
1.87499898690288 	
3.08333096428697 	
0.999999674307175 	
0 	
0 	
0 	
0.999999834909781 	
0 	
2.49999868701623 	
2.99999815485688 	
0.999999674307175 	
2.49999870221434 	
1.4999991831514 	
2.49999827234222 	
1.9999983029093 	
1.99999835976479 	
0.999999632186113 	
0.999999674307175 	
0.999999481250932 	
0 	
1.49999980424771 	
0 	
0 	
0 	
1.99999868409949 	
3.83332907086908 	
1.99999918908834 	
0.999999674307175 	
0.999999955750158 	
2.49999875736744 	
0.999999481250932 	
2.9999984437528 	
4.24999591397859 	
4.24999642469543 	
2.99999781395104 	
0 	
