0.999999834909781 	
3.99999522879536 	
3.9999936055006 	
0 	
2.74999703085689 	
3.96874493114679 	
0 	
2.99999775085555 	
2.2499978898268 	
0.999999726098982 	
3.99999698395017 	
1.74999802114021 	
0.999999481250932 	
0.999999151454652 	
1.99999871739625 	
0 	
1.99999926437223 	
3.74999580414363 	
2.99999806020818 	
2.99999839935173 	
0.999999358698125 	
2.49999802398571 	
0.999999481250932 	
5.1249952341016 	
1.49999924937879 	
6.36109985191408 	
0 	
2.99999806995681 	
3.49999732911333 	
3.9999951273981 	
3.99999633121856 	
3.74999608526027 	
1.99999816560928 	
3.49999747897205 	
0 	
3.00693977635638 	
4.5833269755929 	
0 	
4.2499943919101 	
5.22499181373144 	
1.99999871739625 	
1.49999934669477 	
6.0833268374203 	
0.999999362001564 	
0.999999481250932 	
4.24999591397859 	
5.24999569593414 	
3.99999547563783 	
5.37499006623617 	
2.99999745436396 	
1.99999809870032 	
0.999999834909781 	
1.74999891107388 	
3.99999734899135 	
3.49999702502564 	
0.999999358698125 	
0 	
5.49999301599258 	
1.74999906240779 	
3.24999637632399 	
4.24999466097197 	
4.56249647834013 	
3.9999969127622 	
3.49999708128706 	
1.99999816560928 	
3.99999517857155 	
0.999999481250932 	
0 	
0 	
3.49999774021743 	
0.999999481250932 	
0 	
2.58333090114873 	
0 	
5.62499347191338 	
0.999999632186113 	
3.49999821972349 	
0.999999151454652 	
0.999999674307175 	
3.49999653966596 	
3.99999687991168 	
1.99999857684425 	
2.99999806995681 	
4.74999397767337 	
4.56249679229402 	
4.99999486488693 	
3.99999660581861 	
3.83333001548592 	
0.999999674307175 	
0 	
4.49999557889467 	
0.999999151454652 	
0 	
0 	
0.999999481250932 	
0 	
2.99999806020818 	
4.74999542252163 	
0.999999320815288 	
2.99999807609438 	
0 	
3.49999544441583 	
1.4999991831514 	
2.24999819708486 	
3.99999640963107 	
6.64581844526582 	
3.99999720646735 	
4.4999951039415 	
0.999999632186113 	
4.49999531062462 	
1.99999857684425 	
