1.4999991831514 	
0.999999955750158 	
2.74999857001808 	
0 	
0.999999834909781 	
0.999999632186113 	
1.99999909483913 	
0 	
1.49999945202234 	
0 	
0 	
0 	
0 	
0 	
0 	
1.49999875378739 	
1.99999970759252 	
0 	
0.999999834909781 	
0.999999320815289 	
0 	
1.49999955366899 	
0 	
1.99999925212376 	
1.99999918908834 	
0 	
0 	
0 	
0 	
0 	
1.99999925212376 	
0.999999632186113 	
0 	
0 	
0 	
0 	
0.999999625291197 	
0.999999834909781 	
0 	
0 	
2.74999888109405 	
0 	
0.999999834909781 	
0.999999955750158 	
2.49999875736744 	
1.49999945202234 	
0.999999703628503 	
0.999999834909781 	
0 	
0 	
2.10416483410623 	
0 	
1.99999918908834 	
1.4999994342632 	
0 	
0 	
0 	
0 	
1.99999918908834 	
0 	
0 	
0 	
0.999999834909781 	
0 	
0.999999834909781 	
1.99999926437223 	
0 	
0 	
0 	
0 	
0 	
1.4999991831514 	
0 	
0 	
2.58333153368973 	
0 	
0.999999834909781 	
0 	
1.99999918908834 	
0 	
1.49999955366899 	
1.99999925212376 	
0 	
1.99999904112638 	
1.99999934861435 	
0.999999632186113 	
0 	
1.99999925212376 	
1.99999909483913 	
0.999999834909781 	
1.99999937108649 	
0 	
0 	
0 	
2.99999846823145 	
0 	
0 	
0.999999358698125 	
0 	
0.999999674307175 	
0 	
2.99999772204389 	
1.4999991831514 	
0 	
0 	
0 	
3.03124665594973 	
0 	
0 	
2.99999846823145 	
0 	
0 	
0 	
