0 	
0 	
0 	
2.99999797201033 	
0 	
0.999999948466456 	
0 	
0 	
0.999999481250932 	
0 	
0 	
0.999999674307175 	
0 	
2.99999829692271 	
0.999999834909781 	
0 	
0 	
0 	
0 	
0 	
0.999999674307175 	
0 	
0.999999632186113 	
0 	
1.99999925212376 	
0 	
0.999999632186113 	
0 	
0 	
2.49999790969953 	
0 	
0.999999632186113 	
0 	
2.49999875736744 	
2.74999868578572 	
0.999999632186113 	
0 	
0 	
1.99999896250186 	
0.999999481250932 	
0 	
0 	
0 	
0 	
1.49999945202234 	
1.49999945202234 	
0 	
1.4999991831514 	
0.999999625291197 	
0.999999834909781 	
1.49999980424771 	
0 	
1.49999945202234 	
0 	
1.99999882108138 	
0 	
0 	
0 	
0 	
2.74999866212173 	
0 	
0 	
0 	
1.99999900820924 	
0 	
0 	
2.7499978714374 	
0 	
0 	
0 	
0.999999632186113 	
0 	
0.999999674307175 	
3.9999969127622 	
0 	
0 	
1.99999910565601 	
0 	
0 	
0 	
0.999999874489039 	
3.49999826699734 	
0 	
0 	
0 	
3.49999833761148 	
4.58332962916156 	
0 	
0 	
0 	
0 	
1.99999900820924 	
0 	
0 	
1.49999955366899 	
0 	
0 	
1.99999934861435 	
0 	
0 	
0 	
2.24999871399747 	
3.08333142694202 	
0 	
3.9999969127622 	
0.999999481250932 	
0.999999632186113 	
0 	
0 	
2.74999823660233 	
1.49999959300891 	
0 	
1.99999910565601 	
0 	
0.999999674307175 	
0.999999632186113 	
