0 	
0 	
0.999999948466456 	
2.9999979085922 	
1.99999935938627 	
0.999999674307175 	
1.99999885957907 	
0.99999979579725 	
0.999999481250932 	
0 	
0 	
0 	
1.99999900820924 	
0.999999481250932 	
1.49999980424771 	
0.999999320815288 	
0 	
0.999999834909781 	
0 	
1.49999955366899 	
0.999999632186113 	
0 	
0.999999481250932 	
2.9999979085922 	
1.4999991831514 	
0 	
0 	
0 	
0 	
0 	
0 	
0.999999630141741 	
0 	
0 	
0.999999632186113 	
0 	
0.999999632186113 	
1.49999955366899 	
0.999999481250932 	
0.999999674307175 	
0 	
0 	
0 	
0.999999955750158 	
0 	
0 	
0 	
0 	
0 	
0 	
0 	
0 	
0 	
1.99999896250186 	
0.999999834909781 	
0 	
0 	
1.99999910565601 	
0 	
0 	
0 	
0 	
0 	
0.999999481250932 	
0 	
0 	
0 	
0 	
1.99999918908834 	
0 	
0.999999632186113 	
0.999999834909781 	
0 	
0 	
0 	
2.49999892545067 	
2.99999895380229 	
0.999999834909781 	
0 	
1.99999937108649 	
0 	
0 	
0.999999632186113 	
0.999999674307175 	
0 	
0 	
0 	
0 	
0 	
0 	
0 	
0.999999834909781 	
0.999999674307175 	
0.999999703628503 	
0.999999632186113 	
3.99999857917373 	
0 	
0 	
0.999999955750158 	
1.4999989542961 	
0 	
0 	
0 	
0 	
1.4999991831514 	
2.99999902292153 	
0 	
0 	
0 	
0 	
0.999999674307175 	
0 	
0 	
