0 	
1.99999926941578 	
0 	
1.99999926941578 	
0 	
0 	
3.99999748534765 	
0 	
1.99999926941578 	
0 	
0 	
3.49999765212327 	
1.99999926941578 	
0 	
1.99999926941578 	
0 	
1.99999882108138 	
1.99999926941578 	
0 	
0 	
1.99999926941578 	
0 	
1.99999970759252 	
0 	
0 	
0 	
1.99999878934161 	
1.99999970759252 	
0 	
1.99999878934161 	
1.99999926941578 	
1.99999878934161 	
1.99999926941578 	
0 	
0 	
0 	
1.99999878934161 	
0 	
0 	
0 	
0 	
0 	
3.49999765212327 	
1.99999926941578 	
1.99999878934161 	
1.99999926941578 	
0 	
1.99999926941578 	
5.49999335002922 	
0 	
5.49999335002922 	
