0 	
3.49999765212327 	
0 	
5.49999335002922 	
0 	
0 	
1.99999926941578 	
0 	
0 	
1.99999926941578 	
1.99999926941578 	
0 	
1.99999926941578 	
0 	
1.99999926941578 	
3.49999609223893 	
0 	
1.99999878934161 	
1.99999926941578 	
1.99999926941578 	
0 	
1.99999878934161 	
1.99999926941578 	
3.49999765212327 	
0 	
1.99999926941578 	
0 	
0 	
1.99999926941578 	
0 	
1.99999926941578 	
5.49999335002922 	
1.99999926941578 	
0 	
0 	
0 	
0 	
0 	
0 	
3.49999609223893 	
1.99999926941578 	
3.49999765212327 	
1.99999926941578 	
5.49999335002922 	
1.99999926941578 	
3.49999609223893 	
0 	
0 	
0 	
0 	
0 	
