0 	
2.87499823777833 	
0.999999955750158 	
0.999999955750158 	
0 	
0 	
0 	
0.999999955750158 	
0.999999834909781 	
0.999999233787704 	
1.9999983690794 	
0.999999365582363 	
0 	
0 	
0 	
0 	
0.999999287943178 	
0 	
3.49999788281855 	
0 	
0 	
0 	
0 	
0 	
0 	
0 	
0 	
0 	
0 	
0 	
0 	
1.99999934861435 	
0 	
1.49999945202234 	
0 	
1.7499986831475 	
0 	
0.999999213250046 	
0 	
0 	
0 	
0.999999365582363 	
0 	
0 	
0 	
0 	
0.999999955750158 	
0.99999898587223 	
0 	
0.999999151454652 	
0 	
2.49999727581569 	
0 	
0 	
0 	
0 	
1.99999837548816 	
0 	
0.999999834909781 	
0 	
0 	
0 	
0.999998515815468 	
0.999999834909781 	
0 	
0 	
0 	
1.49999980424771 	
0 	
0 	
0 	
0.999999131217715 	
1.99999877885619 	
0 	
3.4999963332128 	
0.999999365582363 	
0 	
0.999999365582363 	
0.999999834909781 	
0 	
0.999999632186113 	
0 	
0 	
0 	
0 	
0 	
0.999999365582363 	
0 	
0 	
0.999999955750158 	
0 	
0 	
0 	
2.49999763397021 	
0.999999291141904 	
1.74999938758003 	
0 	
0 	
1.99999837548816 	
0.999999291141904 	
0 	
0 	
0 	
0 	
4.49999436509034 	
0.999999365582363 	
0 	
0 	
1.99999926437223 	
0.999999365582363 	
0 	
0 	
0 	
0 	
0 	
1.99999756984226 	
0 	
0.999999131217715 	
0 	
