2.49999726983786 	
2.49999875736744 	
4.4999965600893 	
1.4999989542961 	
0.999999834909781 	
0 	
1.99999796550791 	
0 	
1.99999738759023 	
3.99999278705348 	
6.49998852093873 	
0.999999955750158 	
0.999999834909781 	
0 	
0.99999898587223 	
2.99999716187715 	
0 	
3.499996393879 	
0.999999632186113 	
0 	
1.99999892320964 	
2.49999907915258 	
0 	
0.99999905395905 	
0.999998609333551 	
0 	
0 	
1.99999734408017 	
2.99999735500389 	
0.999999389428094 	
0.999999131217715 	
2.99999635476339 	
4.99999004602935 	
3.49999339510291 	
1.99999750075051 	
2.49999736969694 	
4.99999439233122 	
2.49999667264649 	
1.9999983690794 	
3.99999508140919 	
2.99999562717724 	
0.999999834909781 	
4.99999488760696 	
3.99999584702919 	
0.999999834909781 	
2.99999635476339 	
1.49999955366899 	
3.99999632949127 	
0.999999674307175 	
2.49999766487761 	
2.49999892545067 	
0.999999075432228 	
1.99999966981956 	
2.9999984437528 	
6.4999907774361 	
3.99999582083948 	
0 	
0.999999632186113 	
3.99999693620874 	
0 	
0.999999834909781 	
0 	
0 	
0.999999834909781 	
0.999999358698125 	
0 	
1.49999860311264 	
0.999999151454652 	
0 	
0.999999834909781 	
0.999999834909781 	
2.99999644066999 	
0 	
0.999998750375256 	
0.999999674307175 	
0 	
0.999999674307175 	
0 	
0.999999834909781 	
2.99999763975014 	
0.999999632186113 	
0.999999955750158 	
0.999999131217715 	
1.9999975658756 	
2.99999431574699 	
3.99999584388456 	
0.999999481250932 	
2.74999788667356 	
1.99999858228381 	
0.999999291141904 	
2.99999775750436 	
0 	
0.999999834909781 	
0 	
3.4999973486674 	
0.999999461604821 	
0.999999674307175 	
2.49999840848296 	
0.999999674307175 	
0.99999905395905 	
1.99999650632202 	
4.49999243664559 	
1.99999756984226 	
0 	
3.49999653966596 	
0 	
6.99999054967584 	
4.99999418493857 	
0.999999632186113 	
2.99999370082636 	
0.999999674307175 	
