1.49999955366899 	
0 	
0.999999834909781 	
0 	
1.99999887928238 	
0.999999955750158 	
0.999998905533303 	
0 	
0.999999461604821 	
0 	
1.99999741313089 	
0 	
1.99999843910075 	
0 	
0 	
1.49999955366899 	
0.99999905395905 	
0 	
0 	
2.9999967905837 	
0.999999632186113 	
0 	
0 	
0 	
0 	
0.999999955750158 	
2.99999688220231 	
0 	
0 	
0.999999632186113 	
0 	
0.999999023837104 	
0 	
0 	
0 	
1.49999945202234 	
1.99999826243543 	
0 	
1.99999842650009 	
0 	
3.99999463662542 	
1.99999918908834 	
0 	
0 	
0 	
2.99999708371643 	
0.999999365582363 	
0 	
0 	
1.99999804767421 	
0 	
0 	
0.99999905395905 	
0.999999674307175 	
0.999999955750158 	
0.999999632186113 	
0 	
0 	
0 	
0.999999834909781 	
0.999999955750158 	
0.999999955750158 	
0 	
1.9999991944008 	
0 	
4.99999222773349 	
0 	
0.999999834909781 	
2.37499734512063 	
2.49999727581569 	
0 	
0.999998750375256 	
2.99999836630281 	
0 	
0 	
0 	
0.999999461604821 	
0 	
0 	
1.99999934861435 	
0.999999834909781 	
0 	
0.999998736686983 	
0 	
0.999999834909781 	
1.99999877885619 	
0.999999131217715 	
1.99999864104431 	
0.999999674307175 	
2.7499989252341 	
0.999999955750158 	
0 	
1.99999745704346 	
1.9999981079181 	
0 	
0 	
0 	
0.999999834909781 	
2.49999841878483 	
0 	
1.49999955366899 	
0.999999632186113 	
1.9999981079181 	
1.99999856400582 	
0.999999291141904 	
0 	
0 	
0 	
0.999999632186113 	
0 	
0 	
0 	
0 	
