4.9999909223997 	
5.49999081600407 	
2.74999646750849 	
5.9999886391558 	
4.4999952733195 	
2.99999635476339 	
0.999999131217715 	
2.99999616869893 	
6.99998646363068 	
1.9999981079181 	
1.49999955366899 	
3.49999430902634 	
5.99998958533791 	
3.87499312012347 	
3.99999477434262 	
8.99998318614232 	
2.9999979085922 	
3.99999653434967 	
0.999999632186113 	
4.49999435740791 	
0.999999674307175 	
0.999999131217715 	
3.49999732503903 	
2.49999892545067 	
3.9999962915499 	
0.999999632186113 	
1.4999991831514 	
4.24999289333223 	
1.99999926437223 	
2.99999644066999 	
5.87499047050431 	
6.49998958097417 	
0 	
3.99999545047831 	
5.49999201117606 	
3.99999095190451 	
3.99999607863953 	
1.4999989542961 	
0 	
3.7499968030908 	
5.49998961388839 	
2.99999707151132 	
2.49999766817373 	
0 	
0 	
6.24999087322092 	
3.99999609534842 	
0 	
1.99999755590355 	
3.4999942654683 	
7.24998535017938 	
0.999999703628503 	
1.49999839542225 	
4.49999431612003 	
0.999999674307175 	
2.99999616869893 	
4.49999183302687 	
3.24999697756257 	
0.999999674307175 	
0 	
0 	
1.9999991944008 	
1.99999926437223 	
4.99999136536281 	
4.49999603314097 	
0 	
6.49998975307597 	
5.49999278797461 	
3.4999961048959 	
2.99999816828428 	
1.99999826243543 	
4.99999095169431 	
2.99999688220231 	
6.49999051574855 	
4.99999381086781 	
4.99999331656126 	
5.4999935318672 	
1.99999734408017 	
2.24999819708486 	
4.49999385218578 	
0 	
1.99999650632202 	
1.99999873116473 	
5.99999464625496 	
0.999999674307175 	
2.99999763975014 	
2.49999764390428 	
3.49999710188591 	
4.49999246097465 	
2.24999764520902 	
1.99999900820924 	
2.49999875736744 	
0.999999703628503 	
0 	
6.49998741615001 	
0 	
6.62498378450259 	
1.49999945202234 	
2.99999707151132 	
2.99999708371643 	
6.49999312857578 	
1.9999975658756 	
3.24999729659002 	
3.99999392350778 	
1.9999983690794 	
8.99997926605139 	
1.99999840465054 	
4.99999067207239 	
2.99999752614984 	
1.99999794180763 	
5.49999373489564 	
0 	
1.99999934861435 	
2.99999836630281 	
1.99999918908834 	
1.99999813835561 	
4.9999946880379 	
0.999999955750158 	
3.99999440771379 	
2.49999746952262 	
4.49999711574232 	
5.74999074006056 	
7.99998898252361 	
2.99999616049301 	
0 	
3.49999833761148 	
1.99999797174446 	
0 	
3.49999696840906 	
1.4999991831514 	
0 	
1.99999873116473 	
9.87497373173368 	
2.49999875736744 	
2.49999811683676 	
1.99999826243543 	
0 	
3.87499635167537 	
0 	
3.49999855763678 	
3.49999585544641 	
2.99999562717724 	
3.99999582083948 	
3.74999464840471 	
0 	
4.4999968628883 	
0 	
1.4999991831514 	
2.4999975513197 	
2.49999549342221 	
