4.99999340215459 	
0.999999955750158 	
0.999999632186113 	
2.99999730906253 	
0.999999632186113 	
0.999999362001564 	
2.99999902292153 	
5.62499204355647 	
1.74999903519047 	
1.99999904301064 	
3.49999652247636 	
0 	
7.49998576357533 	
0 	
3.99999680930109 	
0 	
0 	
5.49999486927003 	
0.999999674307175 	
0.999999834909781 	
1.99999842650009 	
6.24999109100947 	
2.99999763975014 	
0 	
0 	
0.999999674307175 	
1.99999934861435 	
4.49999559808951 	
1.99999873116473 	
0 	
1.99999729254525 	
2.49999745778506 	
0.999999703628503 	
0.999999481250932 	
0.999999674307175 	
0.99999898587223 	
0.999999365582363 	
1.99999904301064 	
3.99999661987908 	
1.9999975658756 	
1.99999842650009 	
4.49999586287 	
0.999999632186113 	
3.99999640624267 	
2.99999844644891 	
5.74999079905172 	
3.99999412842818 	
2.99999823364652 	
1.99999926437223 	
0 	
0.999999625291197 	
0 	
1.99999926437223 	
4.99999330855281 	
2.99999706222307 	
3.49999692791977 	
6.49998584477731 	
5.99999190281426 	
1.99999804767421 	
0.999999365582363 	
0.99999898587223 	
1.9999981079181 	
4.99999221863428 	
1.99999868409949 	
0.999999632186113 	
3.99999660319513 	
0 	
1.99999926437223 	
3.99999417408529 	
2.49999892545067 	
3.99999386519814 	
0 	
0 	
0 	
0.999999131217715 	
0.999999358698125 	
0.999999365582363 	
1.99999896250186 	
1.9999983690794 	
0.999999075311881 	
3.74999740660213 	
0.999999131217715 	
0.999999533150113 	
0 	
4.99999331656126 	
1.49999955366899 	
0.999999834909781 	
5.24999494126284 	
0.999998905533304 	
3.99999208233602 	
1.99999935032798 	
0 	
0 	
2.9999969051926 	
0 	
1.99999966981956 	
2.49999695684557 	
1.4999992493788 	
0 	
1.49999980424771 	
0.999999632186113 	
1.99999814577495 	
1.9999981079181 	
0 	
0.999999131217715 	
0.999999131217715 	
2.99999524615835 	
0.999999358698125 	
1.4999991831514 	
0.999999834909781 	
