0.999999955750158 	
0.999999834909781 	
1.9999968439864 	
0 	
1.99999858228381 	
1.99999815724128 	
0 	
4.49999293604205 	
0 	
0 	
0 	
3.24999842031786 	
0 	
0.999999955750158 	
1.49999955366899 	
0.999999955750158 	
0 	
0 	
0.999999674307175 	
0 	
0.999999365582363 	
1.99999966981956 	
1.99999934861435 	
0 	
4.99999689634916 	
1.99999797174446 	
0.999999674307175 	
0 	
1.99999873116473 	
1.99999650632202 	
0.999999481250932 	
0 	
0 	
3.99999737353593 	
1.99999842650009 	
1.49999955366899 	
3.99999670740263 	
1.99999877885619 	
0.999999834909781 	
2.49999907915258 	
1.99999750075051 	
0 	
2.24999679927023 	
0 	
0.999999674307175 	
1.9999981079181 	
0.999999632186113 	
0 	
1.99999814577495 	
0 	
0 	
0.999999834909781 	
0 	
0.999999674307175 	
1.99999797174446 	
0 	
0 	
0 	
1.99999877885619 	
0 	
1.99999900820924 	
0 	
0.999999834909781 	
2.99999458572464 	
0.999999461604821 	
0 	
0 	
0 	
0 	
0.999999674307175 	
2.99999763975014 	
0.999998905533304 	
1.99999756984226 	
0.999999834909781 	
1.99999772523915 	
0 	
4.24999737279336 	
0.999999834909781 	
0.99999905395905 	
1.49999980424771 	
1.99999842650009 	
0 	
1.9999981079181 	
1.99999873116473 	
0 	
3.4999972009573 	
0.999999389428094 	
0 	
0.999999834909781 	
2.9999969051926 	
0 	
2.49999818726856 	
0.999999834909781 	
0 	
0 	
4.49999191086828 	
0.999999834909781 	
1.99999814577495 	
0 	
0.999998571227175 	
0 	
0 	
1.49999945202234 	
0 	
1.9999981079181 	
1.99999858228381 	
0.999999674307175 	
0.999999674307175 	
1.99999837548816 	
1.99999636327572 	
1.99999918908834 	
0 	
