2.49999840848296 	
2.49999752943057 	
5.49999018317724 	
3.99999736277906 	
4.4999910994665 	
0.999999632186113 	
3.99999307901588 	
5.49999089739659 	
0.999999481250932 	
0 	
2.49999691158464 	
2.99999601545698 	
1.99999804767421 	
6.49998725257379 	
7.49998863550726 	
0 	
5.74998587091159 	
5.49999233979681 	
4.99999382627527 	
4.99999472781084 	
3.99999494737973 	
0 	
0.999999703628503 	
2.99999587425708 	
6.74998518440997 	
1.49999945202234 	
0.999999674307175 	
0.999999632186113 	
1.99999690287015 	
0.999999674307175 	
3.8749971887063 	
4.99999601320602 	
0.999999632186113 	
0 	
5.49999241211761 	
1.99999747337397 	
0.999999955750158 	
0.999999481250932 	
4.99999226779209 	
2.74999788667356 	
2.99999643549788 	
4.99999067207239 	
3.99999577796991 	
6.49998672134955 	
0.999999955750158 	
2.49999840848296 	
2.99999707151132 	
3.9999954367097 	
3.99999529448856 	
3.499996393879 	
1.99999804767421 	
0.99999905395905 	
4.99999503238282 	
1.99999865872454 	
6.99998498462342 	
2.24999871399747 	
0.999999674307175 	
0.999999674307175 	
2.49999760690388 	
0.999999674307175 	
4.74999289424228 	
1.99999826243543 	
0.999999674307175 	
7.49998560558057 	
6.4999857876585 	
1.99999797174446 	
2.99999601545698 	
3.99999272655144 	
5.999992617312 	
4.99999382627527 	
3.99999518802135 	
8.99998437800686 	
3.87499658589979 	
1.99999874892738 	
0 	
3.99999231560358 	
0 	
1.99999813835561 	
7.24998864696385 	
5.99999269762682 	
1.49999955366899 	
0.999998750375256 	
1.9999981079181 	
4.49999620050515 	
3.99999545047831 	
0 	
1.99999755590355 	
0 	
1.99999813835561 	
3.4999957315546 	
2.49999821734847 	
0 	
5.99998917144927 	
4.49999380855133 	
1.99999826243543 	
3.4999963452448 	
2.99999616869893 	
0 	
3.49999641004102 	
3.99999594348892 	
4.49999321244356 	
3.2499946744043 	
2.49999875736744 	
1.49999945202234 	
2.9999976038868 	
4.99999392460566 	
0 	
0 	
3.49999565092684 	
0.999999834909781 	
4.99999439233122 	
3.99999611263721 	
7.99998414136377 	
2.99999880760855 	
4.49998974856831 	
4.99999096861634 	
4.99999560102954 	
4.9999931892888 	
0 	
1.99999934861435 	
1.99999840465054 	
4.99999067207239 	
5.99999212351995 	
3.99999389587582 	
4.99999412753131 	
6.74998710035881 	
3.99999436440704 	
4.99999439233122 	
4.24999680706205 	
2.49999875736744 	
4.87499102121994 	
4.24999587006275 	
6.99998784293099 	
0 	
0.999999291141904 	
4.99998988896688 	
3.87499688227379 	
4.49999523447785 	
1.99999934861435 	
2.99999902292153 	
0 	
2.74999868578572 	
4.99999429851134 	
2.49999794416527 	
0 	
0.999998784921131 	
4.99999101178426 	
2.49999667264649 	
7.99998604634731 	
0 	
