5.99999306748687 	
3.99999555030717 	
2.9999963369958 	
3.49999786266982 	
3.99999357422468 	
3.49999833158347 	
7.99998589886049 	
0 	
4.99999414813805 	
5.99999488864626 	
6.9999843760377 	
7.49998742138636 	
2.49999590418545 	
2.4999978889126 	
4.74999275124716 	
3.49999558599094 	
9.24998207846883 	
2.99999739365314 	
3.99999468816034 	
5.49999315492351 	
2.99999562343726 	
7.49998568347259 	
4.49999522991485 	
6.74998573221032 	
2.9999960250589 	
6.24998760650885 	
6.4999924571772 	
6.99998790340834 	
3.99999794051884 	
1.99999813835561 	
1.9999971922823 	
9.49998334581808 	
4.49999556428018 	
4.99999560102954 	
2.9999969051926 	
6.2499907978317 	
4.9999946880379 	
4.99999615340477 	
1.9999991944008 	
4.99999409191594 	
2.49999892545067 	
1.99999865872454 	
1.99999865872454 	
5.99998856870655 	
0 	
2.99999688220231 	
7.99998342378762 	
3.99999579479098 	
0.999999834909781 	
3.49999464882581 	
4.49999587978163 	
1.99999755590355 	
5.99998860308144 	
3.24999783091737 	
6.2499924277354 	
3.99999452710039 	
3.9999939436492 	
7.99998056829738 	
1.99999745704346 	
0 	
4.99999092619639 	
4.99999511918552 	
0 	
5.24999447000955 	
1.99999926437223 	
4.99999335181749 	
0.999999632186113 	
4.99999226779209 	
0.999999632186113 	
2.99999763182403 	
4.74999219836986 	
8.49998085045474 	
3.49999464075026 	
3.99999277837343 	
2.49999875736744 	
8.99998367585339 	
4.99999228661724 	
4.99999123261913 	
6.99998997979926 	
9.49997784547379 	
5.99999293810766 	
6.99998660981276 	
4.99999194352118 	
4.99999098677319 	
4.99999330855281 	
3.24999712410068 	
6.99998578959144 	
3.99999473755288 	
6.99998798124203 	
6.74998869212164 	
3.99999436440704 	
4.49999231411341 	
6.99998427150427 	
1.99999794180763 	
3.74999740660213 	
4.99999387512737 	
3.99999529448856 	
1.99999636327572 	
3.99999436440704 	
4.74999548035333 	
