2.49999587100862 	
2.99999841113596 	
4.24999540720782 	
4.99999397629878 	
3.99999735153251 	
2.49999875736744 	
5.74999237184899 	
1.4999989542961 	
7.49998365918287 	
4.99999526979524 	
8.99998553548607 	
0.999999632186113 	
2.99999411864268 	
4.99999311055541 	
2.99999763182403 	
2.99999590585051 	
4.4999938752078 	
0.999999131217715 	
4.99999422330982 	
6.49998957611172 	
3.99999513175121 	
3.99999660319513 	
9.24998001097759 	
7.74998899544229 	
6.4999919294357 	
5.49999311703336 	
6.99998823690097 	
4.49999541629186 	
5.49999159314536 	
7.74998150717863 	
6.24999168503495 	
4.87499223967212 	
7.99998307694149 	
0 	
6.99998574278426 	
5.99998790222254 	
6.49999077196111 	
1.74999903519047 	
5.49998871067709 	
2.99999688220231 	
7.49998967192467 	
5.24999357358063 	
3.87499320717359 	
2.99999683489769 	
2.99999699942288 	
10.5208029763072 	
0.999999674307175 	
7.49998706486506 	
4.99999578898228 	
4.49999374301363 	
6.9999839064251 	
8.49998438454434 	
3.24999836459272 	
2.99999644066999 	
5.24999320161659 	
2.99999692695857 	
4.49999559808951 	
0.999999358698125 	
7.49998803999163 	
0 	
2.99999606002341 	
4.49999620050515 	
5.99999381038519 	
2.99999889655834 	
2.99999644066999 	
1.99999871739625 	
2.99999764887305 	
1.99999874892738 	
2.99999836630281 	
4.74999374513496 	
5.99998954233526 	
6.24998993286247 	
9.49997846565355 	
0.999999632186113 	
2.99999807609438 	
8.49998281969973 	
9.49998596260262 	
1.99999928206219 	
7.49998850658553 	
4.46874321075012 	
7.18748718264994 	
1.99999756984226 	
8.37498773044957 	
0.999999834909781 	
8.74997850067138 	
8.24998333924307 	
4.62499388193435 	
2.49999658036953 	
4.49999580933792 	
5.99998915889048 	
6.49998858064315 	
3.99999468816034 	
2.99999601545698 	
6.49999031021418 	
8.99998587566166 	
8.374979387975 	
6.99998853093659 	
6.74998912052093 	
1.99999794180763 	
7.49998720517512 	
