0 	
1.99999928206219 	
3.99999794051884 	
0 	
0 	
0.999999834909781 	
3.99999567660315 	
5.49998822520499 	
2.99999683489769 	
2.37499850729458 	
1.99999842650009 	
1.99999926437223 	
1.9999991944008 	
0 	
1.87499898690288 	
0 	
2.99999541071236 	
0 	
2.49999828470485 	
0.999999481250932 	
1.99999858228381 	
2.49999840848296 	
2.49999840848296 	
1.99999826243543 	
0.999999674307175 	
0.999999632186113 	
0.999999632186113 	
2.99999539381705 	
0.999999131217715 	
0.999999834909781 	
0 	
1.99999734408017 	
5.49999153847986 	
0.999999834909781 	
0.999999834909781 	
1.99999918908834 	
0.999999632186113 	
0 	
3.99999393199617 	
2.99999601545698 	
2.99999404278845 	
0.999999674307175 	
1.99999873116473 	
0 	
1.99999650632202 	
4.37499545678115 	
2.49999840848296 	
0.99999905395905 	
1.9999968439864 	
1.49999945202234 	
3.99999529448856 	
0 	
1.49999955366899 	
0.999999674307175 	
0 	
0.999999834909781 	
3.4999961048959 	
2.9999984437528 	
3.49999340478156 	
0 	
4.99999228661724 	
0.999999874489039 	
3.24999697756257 	
2.74999825663029 	
0.999999834909781 	
3.49999527949097 	
1.99999725287111 	
0.999999834909781 	
0 	
0 	
0 	
0.999999461604821 	
0.999999625291197 	
2.99999787342571 	
2.99999635476339 	
0.999999834909781 	
4.49999620050515 	
2.49999931067901 	
2.49999917739919 	
3.99999685300019 	
0.999999834909781 	
0.999999955750158 	
3.87499406460501 	
4.4999897465981 	
0.999998147106205 	
1.99999966981956 	
2.9999969051926 	
0.999999674307175 	
1.9999981079181 	
2.49999875736744 	
2.99999763182403 	
0 	
0.99999828634693 	
1.99999934861435 	
4.99999505316696 	
0.999999674307175 	
0.999999674307175 	
2.49999840848296 	
1.99999804767421 	
1.99999794180763 	
2.99999571368153 	
1.9999981079181 	
1.9999981079181 	
3.99999453334337 	
5.99999317571747 	
4.99999439233122 	
0.999999674307175 	
5.24999178857669 	
3.99999579454649 	
4.74999440905979 	
