2.99999645855731 	
1.99999813835561 	
0.999999481250932 	
5.24999070454754 	
0.999998939977487 	
1.99999904301064 	
3.9999960573785 	
3.99999794051884 	
1.99999896250186 	
1.99999934861435 	
0 	
2.9999979085922 	
0 	
2.99999706222308 	
5.99999122533537 	
2.99999707151132 	
2.49999721013331 	
3.24999697756257 	
3.99999472136394 	
4.74999270520314 	
5.99999385477443 	
4.2499950820704 	
2.499997036062 	
3.49999683884551 	
4.7499947205838 	
1.49999841154174 	
1.99999804767421 	
0 	
4.99999382018573 	
0.999999674307175 	
1.99999842650009 	
4.4999963372207 	
1.9999991944008 	
3.9999956507696 	
0.999999632186113 	
4.99999228661724 	
2.99999635476339 	
0.999999834909781 	
1.74999938758003 	
2.37499773727647 	
2.99999454564674 	
2.49999818726856 	
0.999999291141904 	
1.4999991831514 	
0 	
3.49999574964687 	
1.9999977087857 	
7.49998450449698 	
7.24999122350799 	
0 	
2.49999818726856 	
3.99999621420461 	
2.99999644066999 	
2.9999953837471 	
0 	
0.999999674307175 	
0.999999075432228 	
3.99999640624267 	
3.99999582083948 	
0 	
3.99999228834488 	
2.9999969051926 	
3.99999436440704 	
1.99999734408017 	
2.99999616049301 	
3.37499323135719 	
1.99999966981956 	
1.99999926437223 	
0 	
2.49999726983786 	
2.49999803046948 	
4.4999956173509 	
0 	
1.99999926437223 	
3.49999826920482 	
1.99999926437223 	
4.74999505316707 	
0 	
0 	
0.999999075432228 	
0.999999533150113 	
2.7499989252341 	
4.24999401881776 	
4.99998989104544 	
0.999999834909781 	
3.99999582083948 	
1.99999826243543 	
0.999999481250932 	
4.49999286273365 	
1.49999945202234 	
0 	
4.99999521677511 	
0.999999955750158 	
4.74999147137395 	
1.99999926437223 	
0 	
1.9999968653946 	
2.99999382210482 	
5.49998852849196 	
4.99999309360355 	
4.99999371707341 	
1.49999945202234 	
1.99999934861435 	
0 	
3.49999230202008 	
3.99999592086242 	
3.9999925407163 	
0.99999898587223 	
4.24999289333223 	
1.9999972186671 	
6.49998975975529 	
2.99999763975014 	
3.99999650494113 	
1.9999978291012 	
3.24999737093562 	
2.99999695761669 	
2.99999625112577 	
1.99999809813726 	
0 	
1.99999858228381 	
0.999999834909781 	
3.49999599519074 	
2.49999917739919 	
2.49999841878483 	
4.99999336020043 	
0.999999674307175 	
4.24999194187339 	
3.49999703637007 	
0 	
1.99999858228381 	
4.99999499070279 	
1.49999945202234 	
2.99999809674709 	
4.49999521339148 	
2.99999763182403 	
2.72916409607108 	
2.99999703121867 	
1.9999975658756 	
3.99999640624267 	
1.9999978291012 	
0 	
2.49999769302358 	
0 	
1.9999981079181 	
2.49999877460627 	
2.49999764390428 	
4.24999547221098 	
0.999999131217715 	
0.999999674307175 	
5.49999079790553 	
4.99999302058387 	
3.99999301264405 	
0.999999674307175 	
0.999999291141904 	
1.99999809813726 	
3.24999836459272 	
3.49999632490453 	
0 	
2.49999825838657 	
4.99999439233122 	
3.24999481169124 	
