1.99999735774159 	
0.999999674307175 	
4.99999186695526 	
0.999999131217715 	
1.49999867771366 	
8.9999823968484 	
6.24999048230891 	
2.99999554950053 	
2.99999707151132 	
3.99999545047831 	
4.99999554601327 	
3.99999529448856 	
3.24999814716112 	
2.99999745436395 	
0 	
0.999999632186113 	
0.999999213250046 	
2.99999411864268 	
0.99999898587223 	
0 	
2.49999852635173 	
2.99999763975014 	
2.99999739365314 	
3.49999225389024 	
2.99999616869893 	
2.99999458572464 	
3.49999788281855 	
2.9999969051926 	
0 	
5.99999266041872 	
6.99998787879072 	
3.49999633026441 	
5.4999948695059 	
5.49999458226136 	
0.999999674307175 	
4.99999382627527 	
2.99999748917987 	
1.99999775463164 	
3.49999600604929 	
0 	
3.49999732503903 	
4.99999469881916 	
4.99999560102954 	
3.49999787004346 	
3.99999588361527 	
1.99999750075051 	
3.49999705438651 	
0 	
0 	
1.99999770948352 	
3.49999732503904 	
2.99999565826982 	
0.999999151454652 	
0 	
1.99999896250186 	
2.9999984437528 	
5.37499327240318 	
4.99999317301843 	
0.999999834909781 	
7.4999869182245 	
0.999999131217715 	
1.49999955366899 	
4.99999560102954 	
2.99999533840542 	
1.9999983029093 	
2.99999707151132 	
2.49999892545067 	
0 	
0 	
0.999999674307175 	
1.99999842650009 	
4.99999182152994 	
5.49998962892065 	
3.49999679074338 	
5.49999404577201 	
2.99999890404468 	
0.999999674307175 	
1.99999868409949 	
0.999999674307175 	
8.4999836544032 	
4.9999951427786 	
0.999999481250932 	
0.999999674307175 	
1.99999904112638 	
4.99999057766861 	
1.99999826243543 	
2.49999823700336 	
3.49999714425724 	
0 	
2.24999854858827 	
1.99999966981956 	
4.66665776163304 	
0.999998784921131 	
0 	
4.49999389297829 	
0 	
0.999999674307175 	
2.99999787342571 	
3.99999582083948 	
0.999999834909781 	
1.87499881589612 	
4.24999545348991 	
0 	
4.74999389276064 	
0 	
0 	
1.49999899548204 	
0.999999834909781 	
6.99998835471657 	
5.99999163048348 	
0.999999834909781 	
0 	
3.49999678583674 	
3.99999350576501 	
0.999999674307175 	
3.9999962158362 	
0 	
2.49999840848296 	
0.999999674307175 	
3.99999404399154 	
2.99999755369244 	
0.999999955750158 	
4.99999391369113 	
4.49999389297829 	
2.99999664352941 	
0 	
0.999999481250932 	
3.99999524581483 	
4.99999382627527 	
3.99999436440704 	
2.99999752614984 	
8.49998805378441 	
2.49999875736744 	
2.99999823364652 	
3.99999580060222 	
2.9999979085922 	
0.999999834909781 	
2.99999588314232 	
3.99999661987908 	
1.74999864733229 	
6.99998786943378 	
7.49998692118831 	
6.49999052890715 	
0.999999632186113 	
2.99999890404468 	
0.999999632186113 	
4.74999612094761 	
2.99999766908829 	
3.99999650494113 	
2.49999931067901 	
