0 	
0 	
0.99999985379626 	
0 	
0 	
0 	
0 	
0 	
0 	
0 	
0 	
0 	
0 	
0 	
0 	
0.999999674307175 	
0 	
0.999999674307175 	
0 	
0 	
0 	
0 	
0 	
0 	
0 	
0.999999685543246 	
0 	
0 	
0 	
0 	
0 	
0 	
0 	
0.99999985379626 	
0 	
0 	
0 	
0 	
0 	
0 	
0.999999685543246 	
0 	
0 	
0 	
0 	
0 	
0 	
0 	
0.999999674307175 	
0 	
0.999999527826406 	
0 	
0.999999674307175 	
0.999999481250932 	
0.999999481250932 	
0 	
0.999999552828006 	
1.4999991831514 	
0 	
0 	
0.999999955750158 	
0 	
0 	
0.999999632186113 	
0 	
0 	
0 	
0 	
0 	
0 	
0 	
0.99999962606188 	
0 	
0 	
0 	
0 	
0 	
0.999999955750158 	
0.99999962606188 	
0 	
0 	
0 	
0 	
0 	
0 	
0 	
0 	
0 	
0 	
0.999999834909781 	
0 	
0 	
0 	
0 	
0 	
0 	
0 	
0 	
0 	
0 	
1.49999973592541 	
0 	
0 	
0 	
1.99999910565601 	
0 	
0 	
0 	
0 	
0 	
0 	
0 	
0 	
0 	
0.999999685543246 	
0.999999955750158 	
0 	
