0 	
0 	
0 	
0 	
0 	
0 	
0 	
0 	
0 	
0 	
0.999999358698125 	
0 	
0.999999834909781 	
0 	
0 	
0 	
0 	
0 	
0 	
0 	
0 	
0 	
0 	
0.999999410540692 	
0 	
0 	
0.999999685543246 	
0 	
0.99999985379626 	
0.999999834909781 	
1.99999890401956 	
0 	
0 	
0 	
0 	
0 	
0 	
0 	
0 	
0 	
0 	
0.999999674307175 	
0 	
1.49999980424771 	
0 	
0.999999358698125 	
0 	
0 	
0 	
0.999999674307175 	
0 	
0 	
0 	
1.99999857684425 	
0 	
0 	
0 	
1.49999956887986 	
0 	
0 	
0.999999632186113 	
0 	
0 	
0 	
0 	
0.999999410540692 	
0 	
0 	
0 	
0 	
0 	
0 	
0.999999481250932 	
0 	
0.999999674307175 	
0 	
0 	
0 	
0 	
0 	
0 	
0 	
0 	
0 	
0 	
0 	
0 	
0 	
0.999999552828006 	
0 	
0 	
1.99999934861435 	
0.99999985379626 	
0 	
0 	
0.999999834909781 	
0 	
0 	
0 	
0 	
0.999999834909781 	
0 	
0 	
0 	
0 	
0 	
0 	
0 	
0.999999955750158 	
0 	
0 	
0 	
0 	
0 	
