1.99999928958687 	
5.16666118483139 	
3.66666176026503 	
3.99999264436536 	
0.999999481250932 	
2.9999961990632 	
1.49999826735688 	
2.99999624371203 	
2.99999763460093 	
3.99999383929863 	
0.999999834909781 	
2.49999797029267 	
4.99999605508498 	
3.49999833158347 	
0.999999459819545 	
2.49999852645003 	
0.999998750375256 	
1.99999783301368 	
0.999998750375256 	
0.999999151454652 	
6.75693393574637 	
2.49999868031027 	
3.24999568524589 	
0 	
0 	
0.999999077246953 	
0.999999358698125 	
0 	
0.999999632186113 	
0.999999151454652 	
1.49999980424771 	
1.49999879763474 	
1.49999902894885 	
2.99999653471376 	
0 	
1.49999933862931 	
1.99999830188947 	
0 	
1.99999926437223 	
5.4999926264154 	
3.99999594057957 	
2.49999788925195 	
2.49999710924787 	
0.999999074233214 	
3.49999833158347 	
4.49999388579296 	
1.74999785042716 	
1.99999815086445 	
3.49999606116614 	
3.99999564250065 	
0 	
2.49999875225464 	
0.999999685543246 	
2.49999666401163 	
2.74999868578572 	
3.91666185403049 	
1.49999866891271 	
1.99999877993995 	
1.99999926437223 	
1.99999871471559 	
1.49999907939518 	
2.99999824932971 	
5.41665805669965 	
3.41666303448907 	
1.99999875789179 	
1.4999989542961 	
2.49999785521418 	
0.999999358698125 	
2.9999989755954 	
4.49999510850544 	
2.99999711734673 	
2.49999836169689 	
0 	
0 	
5.49999344236193 	
2.49999892545067 	
3.37499658572115 	
1.99999849709127 	
0.999999552828006 	
3.08333041015341 	
1.99999890401956 	
3.74999579858245 	
2.49999840848296 	
5.9999942133032 	
0.99999962606188 	
0.999999674307175 	
2.49999868031027 	
1.74999903519047 	
5.25693870488559 	
1.499999440046 	
2.49999760690388 	
0.999999358698125 	
4.24999459909771 	
1.99999857684425 	
2.74999726695012 	
3.74999598238204 	
1.99999896250186 	
2.74999779115063 	
1.49999929000486 	
5.87499103485899 	
0.999999955750158 	
0.999999834909781 	
5.49999311478694 	
2.87499798471144 	
3.20832759522031 	
3.49999678704988 	
2.41666403230806 	
1.99999781106661 	
3.49999587028247 	
5.37499176669109 	
