0.999999955750158 	
0 	
0 	
0 	
0.99999985379626 	
1.66666613094462 	
0 	
0 	
0.999999746982215 	
0 	
0 	
0.999999685543246 	
0 	
0 	
0 	
0 	
0 	
0.999999860690213 	
0 	
0.99999985379626 	
0 	
0 	
0.999999955750158 	
0 	
0 	
0 	
0 	
0 	
0 	
0 	
0 	
0 	
0 	
0.999999834909781 	
0 	
0 	
0 	
0.999999685543246 	
0 	
0 	
0 	
0 	
0.999999632186113 	
0 	
0.999999674307175 	
0.999999674307175 	
0.999999955750158 	
0 	
0 	
0 	
0.999999685543246 	
0 	
0 	
0 	
0 	
0.99999962606188 	
0 	
0 	
0 	
0 	
0 	
0 	
0.999999632186113 	
0 	
0.999999674307175 	
0.99999985379626 	
0 	
0 	
0 	
0 	
0 	
0 	
0 	
0 	
0 	
0 	
0 	
0 	
0 	
0 	
0.999999955750158 	
0 	
0 	
0 	
0.999999955750158 	
0 	
0 	
0.999999674307175 	
0 	
0.999999955750158 	
0 	
0.999999955750158 	
0 	
0 	
0 	
0 	
0.99999985379626 	
0 	
0 	
0 	
0 	
0 	
0 	
0 	
0 	
0 	
0 	
0 	
0 	
0 	
0.99999985379626 	
0 	
0 	
0 	
0.999999685543246 	
0 	
0 	
0 	
