2.99999728887792 	
3.99999638517056 	
0 	
4.9999954814632 	
0 	
0 	
3.99999638517056 	
2.99999728887792 	
3.49999684657044 	
0 	
0 	
0 	
0 	
5.49999524900321 	
0 	
3.87499644884399 	
3.99999638517056 	
0 	
0 	
2.99999728887792 	
2.99999728887792 	
5.87499457152912 	
4.9999954814632 	
0 	
3.99999638517056 	
4.9999954814632 	
0 	
0 	
0 	
5.49999524900321 	
6.49999445021959 	
4.9999954814632 	
5.99999457775585 	
4.9999954814632 	
5.99999457775585 	
0 	
4.93749532934413 	
4.9999954814632 	
5.49999524900321 	
2.99999728887792 	
0 	
0 	
0 	
3.99999638517056 	
0 	
0 	
3.99999638517056 	
0 	
0 	
0 	
2.99999728887792 	
4.9999954814632 	
0 	
4.9999954814632 	
0 	
5.99999457775585 	
3.99999638517056 	
3.99999638517056 	
0 	
0 	
0 	
0 	
2.99999728887792 	
0 	
0 	
0 	
5.99999457775585 	
5.74999453362939 	
4.9999954814632 	
3.74999657976021 	
1.99999819258528 	
0 	
3.99999638517056 	
0 	
0 	
3.99999638517056 	
3.99999638517056 	
0 	
0 	
5.99999457775585 	
5.74999453362939 	
3.99999638517056 	
2.99999728887792 	
2.99999728887792 	
0 	
0 	
4.9999954814632 	
0 	
0 	
0 	
3.99999638517056 	
0 	
1.99999819258528 	
3.99999638517056 	
0 	
0 	
3.74999657976021 	
3.99999638517056 	
4.9999954814632 	
1.99999819258528 	
