0 	
0 	
0 	
0 	
0 	
0 	
0 	
0 	
0 	
1.99999819258528 	
0 	
1.99999819258528 	
0 	
0 	
0 	
1.99999819258528 	
0 	
0 	
0 	
0 	
0 	
0.999999096292642 	
0 	
0 	
0.999999096292642 	
0 	
0 	
0.999999096292642 	
0 	
0 	
0 	
0 	
0 	
1.99999819258528 	
0 	
0.999999096292642 	
0.999999096292642 	
0 	
0 	
0 	
0 	
0 	
0 	
1.99999819258528 	
0 	
0 	
0 	
0 	
0 	
0 	
0 	
0 	
0 	
0 	
0 	
0.999999096292642 	
0 	
0 	
0 	
0 	
0 	
0 	
0 	
0 	
0 	
0 	
0 	
0 	
0 	
1.99999819258528 	
0 	
0 	
0 	
0 	
0 	
0 	
0 	
0 	
0 	
0 	
0 	
0.999999096292642 	
0 	
1.99999819258528 	
0 	
1.99999819258528 	
0 	
0 	
0 	
0 	
0 	
0 	
0 	
0 	
0 	
0 	
0 	
0 	
0 	
0 	
0 	
0 	
1.99999819258528 	
0 	
0 	
0 	
0 	
