0 	
0 	
3.99999638517056 	
0 	
3.99999638517056 	
5.74999453362939 	
0 	
5.74999453362939 	
7.74999175600268 	
0 	
0 	
3.99999638517056 	
6.49999445021959 	
2.99999728887792 	
3.49999684657044 	
3.99999638517056 	
0 	
3.99999638517056 	
0 	
3.93749642168559 	
3.99999638517056 	
0 	
0 	
2.99999728887792 	
6.49999445021959 	
7.74999175600268 	
2.99999728887792 	
2.99999728887792 	
6.49999445021959 	
4.9999954814632 	
4.9999954814632 	
5.99999457775585 	
2.99999728887792 	
0 	
7.49999365143598 	
4.9999954814632 	
0 	
4.9999954814632 	
3.99999638517056 	
6.49999445021959 	
4.87499582487521 	
0 	
5.99999457775585 	
5.99999457775585 	
4.49999604778682 	
6.99999367404848 	
3.99999638517056 	
5.49999524900321 	
7.74999175600268 	
0 	
4.93749532934413 	
4.9999954814632 	
0 	
4.49999604778682 	
3.99999638517056 	
0 	
0 	
4.9999954814632 	
0 	
0 	
5.49999524900321 	
0 	
0 	
6.99999367404848 	
4.9999954814632 	
0 	
0 	
0 	
0 	
4.74999587375585 	
0 	
6.99999367404848 	
7.49999365143598 	
5.99999457775585 	
5.99999457775585 	
5.87499457152912 	
0 	
0 	
5.49999524900321 	
4.9999954814632 	
4.9999954814632 	
2.99999728887792 	
0 	
7.74999175600268 	
4.93749532934413 	
6.74999373484578 	
0 	
4.9999954814632 	
5.74999453362939 	
5.87499457152912 	
2.99999728887792 	
2.99999728887792 	
6.8749927378836 	
0 	
5.99999457775585 	
7.49999365143598 	
3.99999638517056 	
6.49999445021959 	
6.8749927378836 	
0 	
