0 	
0 	
2.99999728887792 	
0 	
0 	
0 	
4.49999604778682 	
0 	
0 	
0 	
0 	
3.49999684657044 	
3.99999638517056 	
5.99999457775585 	
0 	
0 	
2.99999728887792 	
3.99999638517056 	
4.9999954814632 	
3.99999638517056 	
0 	
0 	
0 	
0 	
4.9999954814632 	
3.74999657976021 	
3.99999638517056 	
0 	
4.9999954814632 	
0 	
6.49999445021959 	
1.99999819258528 	
0 	
2.99999728887792 	
0 	
3.99999638517056 	
0 	
2.99999728887792 	
0 	
1.99999819258528 	
3.99999638517056 	
0 	
0 	
2.93749732334694 	
5.49999524900321 	
1.99999819258528 	
0 	
1.99999819258528 	
2.99999728887792 	
0 	
1.99999819258528 	
0 	
3.99999638517056 	
2.99999728887792 	
0 	
0 	
0 	
0 	
3.99999638517056 	
0 	
0 	
2.99999728887792 	
0 	
2.99999728887792 	
0 	
4.9999954814632 	
0.999999096292642 	
0 	
0 	
0 	
0 	
3.99999638517056 	
0 	
0 	
0 	
2.99999728887792 	
4.9999954814632 	
0 	
0 	
4.9999954814632 	
3.99999638517056 	
2.99999728887792 	
0 	
0 	
0 	
0 	
3.99999638517056 	
4.9999954814632 	
2.99999728887792 	
1.99999819258528 	
0 	
3.99999638517056 	
0 	
3.49999684657044 	
2.99999728887792 	
2.99999728887792 	
2.99999728887792 	
4.9999954814632 	
4.9999954814632 	
0 	
