0 	
5.99999457775585 	
3.99999638517056 	
3.99999638517056 	
4.9999954814632 	
2.99999728887792 	
3.99999638517056 	
0 	
2.99999728887792 	
0 	
0 	
3.99999638517056 	
0 	
6.49999445021959 	
0 	
0 	
0 	
3.99999638517056 	
0 	
0 	
0 	
5.49999524900321 	
4.9999954814632 	
0 	
0 	
3.99999638517056 	
0 	
0 	
3.99999638517056 	
6.49999445021959 	
5.99999457775585 	
3.49999684657044 	
1.99999819258528 	
3.99999638517056 	
6.8749927378836 	
0 	
3.99999638517056 	
4.74999587375585 	
3.99999638517056 	
5.99999457775585 	
0 	
2.99999728887792 	
2.99999728887792 	
0 	
0 	
0 	
0 	
7.49999365143598 	
0 	
4.9999954814632 	
4.9999954814632 	
0 	
5.74999453362939 	
4.87499582487521 	
0 	
1.99999819258528 	
0 	
2.99999728887792 	
5.99999457775585 	
0 	
0 	
0 	
4.9999954814632 	
2.99999728887792 	
3.99999638517056 	
0 	
3.49999684657044 	
5.74999453362939 	
0 	
0 	
6.99999367404848 	
3.99999638517056 	
3.99999638517056 	
0 	
3.99999638517056 	
5.99999457775585 	
4.9999954814632 	
4.9999954814632 	
4.9999954814632 	
4.74999587375585 	
0 	
0 	
0 	
0 	
5.99999457775585 	
3.99999638517056 	
0 	
0 	
3.99999638517056 	
0 	
0.999999096292642 	
2.99999728887792 	
3.99999638517056 	
4.49999604778682 	
2.99999728887792 	
6.49999445021959 	
4.93749532934413 	
0 	
3.99999638517056 	
0 	
