0 	
0 	
0 	
0 	
0 	
0 	
0 	
2.99999728887792 	
0 	
0 	
0.999999096292642 	
0 	
1.99999819258528 	
0 	
1.99999819258528 	
0 	
0 	
0 	
0 	
0 	
0 	
0 	
0 	
0 	
0 	
0 	
0 	
0 	
0 	
0 	
0.999999096292642 	
0 	
0 	
0 	
0 	
0 	
0 	
0 	
0 	
0 	
0 	
0 	
3.99999638517056 	
0 	
0.999999096292642 	
0 	
0 	
0 	
0 	
0 	
0 	
1.99999819258528 	
0 	
2.99999728887792 	
0.999999096292642 	
0 	
0 	
2.99999728887792 	
0 	
0 	
0 	
0.999999096292642 	
1.99999819258528 	
0 	
0 	
0 	
0 	
0 	
0 	
0 	
0 	
0 	
2.99999728887792 	
0 	
0 	
0 	
1.99999819258528 	
0 	
0.999999096292642 	
0.999999096292642 	
0 	
0.999999096292642 	
0 	
0 	
0 	
0 	
0 	
0 	
0 	
0 	
0 	
0 	
0 	
0 	
0 	
0 	
1.99999819258528 	
0 	
0 	
0 	
0 	
0 	
1.99999819258528 	
0 	
0 	
2.99999728887792 	
0 	
0 	
0 	
0 	
0 	
0.999999096292642 	
0 	
0 	
0 	
1.99999819258528 	
0 	
0 	
0.999999096292642 	
0 	
0 	
0 	
0 	
0 	
2.99999728887792 	
0 	
0.999999096292642 	
0 	
0 	
0 	
0 	
0 	
1.99999819258528 	
0 	
0 	
0 	
0 	
0.999999096292642 	
0.999999096292642 	
0 	
0.999999096292642 	
0 	
0 	
1.99999819258528 	
0 	
0 	
0 	
0.999999096292642 	
1.99999819258528 	
0 	
1.99999819258528 	
1.99999819258528 	
0 	
0 	
0 	
0 	
0.999999096292642 	
2.99999728887792 	
0 	
1.99999819258528 	
1.99999819258528 	
0 	
1.99999819258528 	
0 	
0 	
0 	
0 	
0 	
2.99999728887792 	
0 	
0 	
0 	
0.999999096292642 	
0 	
0.999999096292642 	
0 	
0 	
0 	
0 	
0 	
0 	
0 	
0 	
1.99999819258528 	
0 	
2.99999728887792 	
0 	
0 	
0 	
0 	
0 	
2.99999728887792 	
1.99999819258528 	
0.999999096292642 	
0 	
1.99999819258528 	
0.999999096292642 	
0 	
2.99999728887792 	
0 	
0 	
