0 	
0.999999720253968 	
1.49999860311264 	
0.999999632186113 	
0.999999632186113 	
0 	
1.99999773958737 	
0.999998750375256 	
0.999998593070406 	
0 	
0.999999271778113 	
0 	
0 	
0 	
0 	
1.99999925212376 	
0 	
1.99999799826361 	
0.999999746982215 	
4.74999548455283 	
2.74999735523939 	
1.99999970759252 	
0 	
0 	
0 	
0 	
0 	
0 	
0 	
1.99999815231109 	
0 	
0 	
0.999998991310193 	
0 	
0 	
3.12499716641525 	
1.99999949396443 	
0 	
0.999999271778114 	
0 	
0.999998883927388 	
0 	
0 	
3.12499887130974 	
0.999999077246953 	
4.24999553995524 	
0 	
5.12499448408112 	
0 	
4.12499613061355 	
3.87499664967601 	
0 	
0.999999075432228 	
1.49999893263319 	
5.49999442943818 	
2.99999759762819 	
0 	
0 	
0 	
1.4999991831514 	
1.99999857684425 	
1.99999882108138 	
0 	
0 	
1.4999991831514 	
0 	
0 	
0 	
2.7499980742022 	
0 	
1.49999830080934 	
1.99999827113573 	
1.99999784602461 	
0 	
0 	
0 	
0.999998923012306 	
2.749997793243 	
0 	
3.74999736164879 	
0 	
0 	
0 	
2.74999783985878 	
0.999999674307175 	
0 	
0 	
0 	
3.87499628815959 	
0 	
0.999999288422124 	
0 	
3.87499664967601 	
0.999999955750158 	
0.999999271778113 	
0 	
0 	
0 	
1.99999970759252 	
0 	
0 	
3.99999366848018 	
0 	
0 	
5.74999083766585 	
2.99999781533434 	
0.999999834909781 	
0.999999358698125 	
0.99999985379626 	
4.24999247241213 	
0.999999480761448 	
0.999999075432228 	
0 	
0.999999151454652 	
0.999999364845566 	
