3.74999335136475 	
2.49999710924787 	
0.999998807942727 	
0 	
0 	
5.2499886428611 	
2.99999516220444 	
2.49999440108117 	
0 	
5.24999005808953 	
0 	
7.18749132023901 	
5.06249151369407 	
2.99999541920833 	
7.68748990807077 	
6.62498842144118 	
0.999997984927917 	
1.99999810182898 	
7.99998215513505 	
2.74999796361581 	
6.99999024613026 	
8.99998084157893 	
1.99999553070493 	
8.37498780558032 	
8.37498511039326 	
0.999999151454652 	
7.74998693070076 	
0.999998609333551 	
7.37498835083643 	
5.74998998965489 	
5.24998919091812 	
0.999999481250932 	
7.49999114763194 	
0.999998905533304 	
9.99998330289961 	
5.37498798895945 	
3.74999599626978 	
1.99999702554968 	
3.49999883066944 	
3.87499185806467 	
1.99999776785478 	
2.99999628256059 	
7.18749132023901 	
5.06249151369407 	
2.99999541920833 	
7.68748990807077 	
6.62498842144118 	
0.999997984927917 	
1.99999810182898 	
7.99998215513505 	
2.74999796361581 	
6.99999024613026 	
8.99998084157893 	
1.99999553070493 	
8.37498780558032 	
8.37498511039326 	
0.999999151454652 	
7.74998693070076 	
0.999998609333551 	
7.37498835083643 	
5.74998998965489 	
5.24998919091812 	
0.999999481250932 	
7.49999114763194 	
0.999998905533304 	
9.99998330289961 	
5.37498798895945 	
3.74999599626978 	
1.99999702554968 	
3.49999883066944 	
3.87499185806467 	
1.99999776785478 	
2.99999628256059 	
4.49999288465481 	
4.87499270945974 	
0 	
3.99999472434645 	
1.49999681514391 	
2.99999580036376 	
6.37499001053902 	
3.74999645083904 	
4.99999119509567 	
3.49999371601574 	
4.49999432063107 	
5.49999372624399 	
6.56248574907896 	
1.99999833751845 	
2.99999623784778 	
0 	
3.49999321460017 	
4.24999342510623 	
5.59720842990568 	
0 	
4.24999105723634 	
4.12499239123621 	
6.12498938498043 	
5.24999224831989 	
4.7499907901197 	
0.999998308277261 	
0 	
0 	
3.99999361785143 	
6.90623094149156 	
7.9722115902713 	
4.99998963015513 	
8.49998074323663 	
5.49998919067214 	
6.56249320490735 	
4.49999230773948 	
6.87498207513809 	
0 	
1.99999596985583 	
0 	
5.99999116034721 	
0 	
0 	
5.24999266882811 	
7.62498817288729 	
1.99999896152289 	
0 	
3.49999323232492 	
2.99999681448103 	
0.999998883927388 	
2.9999962240565 	
0 	
0 	
1.4999989542961 	
7.99998318278327 	
7.24998476156658 	
1.99999594360987 	
3.8749951784944 	
3.99999281448408 	
8.37498207402132 	
0.999998284364418 	
0.999999955750158 	
8.2499816386556 	
5.74998738760414 	
2.99999713071437 	
1.9999967056483 	
7.99997777913656 	
1.99999612760369 	
