3.99999312118161 	
0.999998284364418 	
4.99998842746237 	
4.74998782351214 	
4.16665097546559 	
4.24999390040481 	
2.4999964717942 	
5.33331997512843 	
6.1249818340077 	
3.99999324683385 	
8.28470872866309 	
2.99999583703273 	
10.84719783796 	
5.62499013431597 	
8.99998197051476 	
7.37498423621694 	
7.99998728280657 	
3.9999917377934 	
9.87498185548592 	
10.5624684730398 	
6.12498759911714 	
1.99999612760369 	
9.12498122489817 	
6.49999056822949 	
6.74998657816654 	
2.99999642382818 	
8.15623348663956 	
0.999999151454652 	
2.99999490250455 	
5.24999335963442 	
5.87498964000505 	
5.99999185732338 	
3.99999352859197 	
0.999999481250932 	
4.49999021905668 	
4.4999883503759 	
8.62497607111843 	
7.12498705621428 	
9.06248430800381 	
8.3749834074939 	
6.24998964608368 	
4.99999151463894 	
2.99999585854909 	
6.99999252809066 	
7.62498241810085 	
2.99999501118388 	
9.37498774102202 	
2.99999492746176 	
3.99999210433443 	
1.99999633885694 	
10.4235896921903 	
8.74998179188291 	
4.99998999829403 	
3.99999267771389 	
6.74998641727108 	
8.74998297394633 	
2.99999541920833 	
7.1249855750912 	
8.99998318857391 	
8.48175920920003 	
2.99999755369244 	
5.74998661214236 	
10.347205194004 	
7.99998290637443 	
3.74999408461016 	
7.68748103557904 	
10.7499747185352 	
2.99999547984854 	
0 	
7.87499018591499 	
6.81248854541692 	
8.12498657795547 	
1.9999972186671 	
4.81248739569326 	
3.49999327430812 	
3.74999400519574 	
7.37498309152451 	
3.49999701080513 	
6.4999887025008 	
8.62498614469271 	
8.62497917197878 	
5.24999131378248 	
9.24998747666041 	
8.24998153484325 	
4.87499439017826 	
2.49999565666195 	
11.3471966244576 	
1.49999784954583 	
8.62498674161177 	
3.99999364189989 	
1.99999877993995 	
4.87499231622091 	
1.49999796193099 	
3.49999396482862 	
10.6249812367896 	
7.12498736294585 	
8.87498306819678 	
5.84721027341237 	
10.8471958504985 	
6.12498809911117 	
4.4999922890843 	
4.99998958422507 	
4.84720918320904 	
