2.99999247518817 	
0.999998188774909 	
1.49999779774298 	
4.24999069886549 	
0 	
0 	
0.999998991310193 	
0.999998745949258 	
5.83331361205513 	
4.74999030365264 	
3.49999483935083 	
0 	
2.99999656145321 	
1.99999776785478 	
2.99999543006716 	
0 	
3.49999844035458 	
2.99999456632473 	
6.49998887581532 	
5.99999419905227 	
1.99999803162609 	
3.49999452602401 	
1.99999681251621 	
5.37499224758745 	
0 	
6.49998866160193 	
0 	
3.74999617842114 	
1.99999854355623 	
0 	
4.87499126699785 	
10.8749760151437 	
10.3124877353904 	
5.87499105596475 	
6.37499147538823 	
9.59024747614608 	
9.18748343231354 	
1.99999531382088 	
1.99999854355623 	
6.24999045676085 	
2.99999447438221 	
0.999997984927917 	
0 	
2.99999656145321 	
1.99999776785478 	
2.99999543006716 	
0 	
3.49999844035458 	
2.99999456632473 	
6.49998887581532 	
5.99999419905227 	
1.99999803162609 	
3.49999452602401 	
1.99999681251621 	
5.37499224758745 	
0 	
6.49998866160193 	
0 	
3.74999617842114 	
1.99999854355623 	
0 	
4.87499126699785 	
10.8749760151437 	
10.3124877353904 	
5.87499105596475 	
6.37499147538823 	
9.59024747614608 	
9.18748343231354 	
1.99999531382088 	
1.99999854355623 	
6.24999045676085 	
2.99999447438221 	
0.999997984927917 	
7.99998361978237 	
7.99998677274839 	
7.74998179134347 	
6.74998701014733 	
0 	
1.99999925212376 	
5.49999510535328 	
0 	
4.49999125840413 	
0 	
0 	
2.49999839766284 	
5.43749553250281 	
6.24998962646312 	
2.99999394700331 	
3.49999441230093 	
6.24998942319088 	
4.24999375565886 	
7.99998729617896 	
0.999998750375256 	
2.99999613216728 	
0 	
0.999998284364419 	
0.999999271778113 	
2.49999836169689 	
5.37498567840584 	
5.24999404948526 	
4.49999533026108 	
1.99999849709127 	
5.24999089073866 	
6.68748833828991 	
3.49999548007687 	
5.99998792018324 	
6.18749185660364 	
5.8749881989869 	
0 	
5.59026662848518 	
4.49998943243707 	
0.999998750375256 	
0.999999151454652 	
0.999998259031573 	
1.99999672985805 	
0.999998905533304 	
4.62499325913618 	
8.2499827181657 	
1.9999959209643 	
0.999999674307175 	
0.999998883927388 	
0 	
4.24999351981974 	
7.04860336134815 	
7.99998738058666 	
8.12498870655735 	
7.49999128288454 	
0.999999358698125 	
4.4999947297284 	
9.49998234624196 	
1.99999702554968 	
1.99999596985583 	
5.49998932708067 	
3.49999581917481 	
7.99998497664945 	
0 	
7.24998374419715 	
1.99999609504374 	
5.9999920390242 	
1.49999830080934 	
4.87499274779064 	
4.74999509327396 	
