6.93748992694633 	
8.47220645430059 	
2.99999323640461 	
1.49999746241589 	
9.87497955865725 	
9.99997724784206 	
7.06247972096757 	
4.99998940931409 	
8.06248910552942 	
8.3124877588934 	
0 	
2.49999493445751 	
2.99999363028783 	
8.18748289351662 	
0.999998905533304 	
6.99998558249554 	
7.12499041913629 	
9.99998018962826 	
2.74999451646029 	
7.12498432408522 	
4.99998808063419 	
2.99999505843348 	
5.62499213691267 	
7.62497894336874 	
8.24997886595763 	
7.37498666853616 	
8.18748440023054 	
8.87498808311381 	
9.56248275567291 	
8.24998461887961 	
8.74998221188198 	
5.74998577135233 	
1.49999860311264 	
6.99998897735986 	
4.99999023796721 	
1.99999636053051 	
0.99999804752187 	
6.49998490315711 	
10.1249797281644 	
6.49998895929545 	
0.999998750375256 	
1.74999864733908 	
6.49998859904965 	
1.99999568962628 	
8.23176114297606 	
5.49998539835796 	
0.999998991310193 	
3.74999155494647 	
2.99999623784778 	
0.999998445704329 	
8.49998780452587 	
3.99999450282698 	
7.59720584231517 	
9.18747698207779 	
7.62498390991355 	
2.4999955581302 	
5.24998836462135 	
3.99999355639729 	
3.99999281448408 	
10.9999729202888 	
3.99999070371947 	
2.99999628256059 	
3.49999161179033 	
7.24998207103907 	
1.49999769690852 	
8.12498649170499 	
6.9999852587749 	
7.31248776564328 	
8.2499768850532 	
7.28470347985349 	
6.99999269858896 	
4.99999248168745 	
5.62499129224339 	
9.31247879616073 	
6.68748370606815 	
4.49999310753857 	
7.72221235270223 	
6.93748879135398 	
4.49999098997954 	
7.99997639709922 	
0.999997961652154 	
0.999999151454652 	
2.99999582800066 	
2.99999853767102 	
7.18748532940434 	
