3.74999131564461 	
0.999998923012306 	
3.4999861755185 	
6.24997985422156 	
1.99999442652002 	
5.2499891246418 	
4.49999387758091 	
0.999999093953221 	
4.49998804395197 	
4.99998541996012 	
6.12499021916175 	
6.49998836784311 	
6.2812399270063 	
1.99999691164223 	
4.749992793098 	
7.24998790275103 	
8.24998144733836 	
0 	
0.999998308277261 	
3.74999611361406 	
3.99999344436687 	
4.62499577294608 	
1.99999776785478 	
3.9999916293308 	
0 	
5.49998883039383 	
6.87498830398092 	
5.74999006871881 	
0.999998609333551 	
7.87499225013316 	
5.74998770010604 	
2.4999964717942 	
0 	
4.99998880052951 	
9.62497409486005 	
4.4999933683694 	
3.49999720449872 	
9.74997073225043 	
4.99998860873091 	
0.999999358698125 	
6.12499021916175 	
6.49998836784311 	
6.2812399270063 	
1.99999691164223 	
4.749992793098 	
7.24998790275103 	
8.24998144733836 	
0 	
0.999998308277261 	
3.74999611361406 	
3.99999344436687 	
4.62499577294608 	
1.99999776785478 	
3.9999916293308 	
0 	
5.49998883039383 	
6.87498830398092 	
5.74999006871881 	
0.999998609333551 	
7.87499225013316 	
5.74998770010604 	
2.4999964717942 	
0 	
4.99998880052951 	
9.62497409486005 	
4.4999933683694 	
3.49999720449872 	
9.74997073225043 	
4.99998860873091 	
0.999999358698125 	
6.87498972240669 	
3.87499080545226 	
6.9722087564533 	
3.99999531503019 	
1.99999749189852 	
1.99999718614081 	
5.74999117218733 	
3.74999210317771 	
0 	
4.49999278551768 	
7.8749840624669 	
1.99999612760369 	
0.999999632186113 	
5.87499146946101 	
8.99998346009656 	
3.99999415361259 	
2.74999555488255 	
8.18748365264996 	
3.87499571880899 	
2.99999676907883 	
0.999998593070406 	
7.374990042168 	
0.999998905533304 	
7.37498648789373 	
7.62498817589176 	
7.99998256128312 	
5.9999936676769 	
8.24998325267616 	
6.12499214360841 	
2.99999623784778 	
7.74998698935226 	
3.49999452602401 	
7.74998010041752 	
2.99999591431822 	
5.74998921183505 	
0 	
8.1874831424953 	
6.74998903967206 	
9.37498633866324 	
9.37497673954788 	
5.99999173432143 	
4.99999557757091 	
8.31248777832775 	
8.93748800582143 	
1.99999790099917 	
7.87498419039416 	
0.999999075432228 	
2.9999927568077 	
7.06247621497734 	
2.9999937219981 	
1.99999609504374 	
6.24999031900122 	
0.999998364929024 	
9.12498638870192 	
4.24999482669111 	
9.37498966991065 	
6.87498451210483 	
3.87499286737778 	
6.18748814768223 	
7.99998704833898 	
0.999998750375256 	
4.81249055416265 	
2.99999723174086 	
6.12498408025037 	
0 	
4.24999266339626 	
5.87499280131811 	
4.62498940047596 	
