5.24999143121959 	
2.99999206934407 	
1.99999696255469 	
1.99999728236723 	
1.99999553070493 	
3.49998659343113 	
5.4999883862751 	
0.999996506431533 	
5.99998266352932 	
0.999997346585283 	
4.49999196583959 	
9.47220721656385 	
7.87498583972195 	
0 	
5.2499926480247 	
1.99999640665107 	
7.99998642564831 	
0.999998807942727 	
6.24999058334861 	
3.49999523538679 	
1.99999832110033 	
0.999997767409883 	
5.49998796902321 	
9.49998550536675 	
0.999998389099322 	
1.99999849709127 	
1.74999651909408 	
6.87498513892374 	
2.49999545066314 	
7.24997771630997 	
3.99999362503241 	
9.99997847320357 	
8.99997955334087 	
2.99999343017617 	
8.62498195780928 	
1.99999651806315 	
7.81248024382538 	
8.24998183084852 	
6.62498542722522 	
9.54859581293213 	
0.99999804752187 	
0 	
7.87498712077219 	
3.99999357208845 	
7.74998292276134 	
4.87499625471201 	
7.24998908960511 	
0.999999358698125 	
5.49998929356518 	
1.99999776785478 	
4.9999889226495 	
4.49999263157199 	
1.99999553481977 	
1.99999531382088 	
6.74998233355656 	
7.12498984749501 	
6.99998576562587 	
7.06248550777225 	
2.99999421321308 	
4.87499073575593 	
7.62498212306877 	
0 	
7.37498454075001 	
9.12497991767403 	
6.99998595107217 	
6.37498754759452 	
7.15623660862929 	
9.37498207946258 	
0.999998991310193 	
6.99998875765139 	
8.37498096845655 	
8.18747984120447 	
8.99997111689286 	
1.99999776785478 	
0 	
5.87499039408945 	
7.24998174048801 	
8.49998720294266 	
3.49999430663974 	
1.99999910565601 	
2.99999219247914 	
3.12499488990052 	
3.99999226136236 	
2.4999950617906 	
0 	
9.99998136780813 	
3.12499639099308 	
1.99999854355623 	
9.12497786614755 	
5.49998754826956 	
0.999998180265255 	
10.2499754584567 	
0 	
8.99998789769161 	
7.99998356211066 	
2.99999722629668 	
4.49999022015368 	
