1.49999929000486 	
1.4999991831514 	
1.49999980424771 	
0.999999481250932 	
0.999999674307175 	
1.4999991831514 	
0.999999834909781 	
1.99999815086446 	
0 	
0 	
3.24999550013451 	
1.99999598590714 	
0 	
0 	
0.999999955750158 	
0.999998364929024 	
0 	
0 	
0 	
0 	
0 	
3.12499887130974 	
2.7499978714374 	
0 	
2.74999866212173 	
0 	
0 	
5.2499925237784 	
1.99999784602461 	
4.49999352455997 	
2.99999924094665 	
0 	
0.999999674307175 	
0 	
0 	
3.49999642963801 	
2.99999911337028 	
0 	
0.999999358698125 	
0 	
0 	
0.999999151454652 	
1.99999854355623 	
0 	
0 	
0.999999410540692 	
0.999998923012306 	
6.7499906048467 	
2.74999742892852 	
0.999999480761448 	
0 	
0 	
0 	
0 	
0 	
0 	
0 	
0 	
0 	
4.99999200424977 	
0 	
4.06249688959704 	
3.12499809714255 	
0 	
0 	
3.49999709481971 	
0.999999955750158 	
0 	
4.49999460148904 	
0 	
0 	
0 	
0 	
0 	
0 	
0 	
1.99999896152289 	
4.24999511975073 	
0 	
0 	
1.99999810182898 	
0 	
0.999999955750158 	
0 	
0 	
0 	
6.24999146945929 	
2.74999678686945 	
4.24999370431552 	
3.74999599215876 	
0 	
0 	
0 	
0 	
0 	
0 	
0 	
0.999999151454652 	
0 	
0.999999481250932 	
0.999999632186113 	
0 	
0 	
3.99999550123429 	
0 	
1.99999937108649 	
0 	
0 	
0.999999075432228 	
0.999998923012306 	
0.999999151454652 	
0 	
4.06249512158909 	
0 	
0 	
3.7499963170816 	
0 	
