3.99999522879536 	
2.99999405516149 	
2.91665389450842 	
0 	
0.999998259031572 	
3.7499935399023 	
1.99999764319358 	
3.49999349247977 	
1.99999475531627 	
0.999998259031573 	
0.999999075432228 	
1.99999861524161 	
0 	
0.999998750375256 	
3.49999610118753 	
2.99999456632473 	
0 	
0.999998593070406 	
0.999998883927388 	
7.74998736468909 	
5.249993489872 	
4.4999924114568 	
7.24998728787036 	
6.37499333673004 	
7.99998751369786 	
0 	
8.3749846188998 	
3.99999306327646 	
2.49999621090924 	
2.99999485309326 	
1.99999650407667 	
1.99999651806315 	
0 	
6.4999868616074 	
1.9999981544939 	
5.87499051229984 	
2.99999405516149 	
0.999998750375256 	
6.49999164556086 	
4.49999213352409 	
2.9999939172127 	
6.12498987421179 	
5.99999113723447 	
0.99999804752187 	
5.9999895367387 	
8.74997822631199 	
7.24998398575498 	
5.62499452347089 	
3.74999348125723 	
0.999999151454652 	
6.37498670446478 	
2.99999583733485 	
1.99999469317056 	
8.84720367949133 	
0.999998445704329 	
2.99999623784778 	
3.49999644305378 	
4.15624250937043 	
1.99999776785478 	
7.59720802049821 	
1.99999832110033 	
5.74998976328775 	
5.87499296813225 	
3.99999601824088 	
2.49999519562142 	
5.24999216656913 	
6.65623151866873 	
4.62499283417921 	
6.4999891309168 	
0 	
5.24999091545803 	
6.24999146945929 	
0 	
6.93749017123966 	
9.74997691759151 	
6.49999060995638 	
6.24998625342389 	
8.12498318283364 	
0.999999077246953 	
0.999998308277261 	
2.9999945467475 	
6.49998830903808 	
0.999998389099321 	
1.49999796193099 	
4.62498845876442 	
0.999999480761448 	
1.99999765961914 	
0.999999358698125 	
5.62499259682968 	
0.999998905533304 	
5.62499285034968 	
7.43748229573202 	
0.999998445704329 	
6.3749876746655 	
1.99999689140866 	
3.12499631094036 	
7.81248658371037 	
1.49999747512025 	
1.49999769690852 	
3.49999365716044 	
1.99999636053051 	
2.74999572657814 	
2.99999622011282 	
7.81248235238317 	
5.87499221602137 	
0 	
7.4999860759113 	
3.49999371088512 	
4.9999911560144 	
5.624991709811 	
4.99999291308592 	
0 	
6.62499199031133 	
0 	
2.99999585854909 	
1.99999718614081 	
2.99999395478375 	
8.74998202049567 	
8.24998329220207 	
7.59720897716884 	
8.12497967945236 	
7.9999831774056 	
4.49999513005565 	
6.37499094040718 	
6.74998178344967 	
4.74999141831422 	
2.99999547984854 	
5.74999084134125 	
7.9999867647188 	
7.1249933076048 	
2.99999806951342 	
6.99998592886336 	
2.99999456632473 	
0.999998188774909 	
0 	
0.999998807942727 	
7.62498942680043 	
0 	
1.49999826735688 	
9.15970616122094 	
6.37498730332794 	
1.99999650407667 	
0 	
6.62499199031133 	
0 	
2.99999585854909 	
1.99999718614081 	
2.99999395478375 	
8.74998202049567 	
8.24998329220207 	
7.59720897716884 	
8.12497967945236 	
7.9999831774056 	
4.49999513005565 	
6.37499094040718 	
6.74998178344967 	
4.74999141831422 	
2.99999547984854 	
5.74999084134125 	
7.9999867647188 	
7.1249933076048 	
2.99999806951342 	
6.99998592886336 	
2.99999456632473 	
0.999998188774909 	
0 	
0.999998807942727 	
7.62498942680043 	
0 	
1.49999826735688 	
9.15970616122094 	
6.37498730332794 	
1.99999650407667 	
1.99999562436922 	
11.1067492081138 	
1.49999726981658 	
8.62498348576166 	
5.37499331939345 	
8.7222048833231 	
7.62498460449873 	
0.999998259031573 	
9.56247576102333 	
7.87498449416052 	
0.999999358698125 	
0.999999358698125 	
6.68748842072448 	
5.81249077290092 	
1.99999612760369 	
7.4999851885054 	
4.99999049753624 	
2.74999866212173 	
6.37498760066285 	
2.99999583703273 	
2.99999437436958 	
0 	
3.99999173456841 	
7.49998996162631 	
6.87498774003608 	
7.74998093557076 	
1.49999674057534 	
6.12498796665706 	
1.99999594360987 	
4.06249453122385 	
4.99999302651445 	
7.9999875139213 	
3.74999419776069 	
5.74999152977141 	
3.12499711583015 	
1.99999637754982 	
3.87499234583544 	
6.74999035540098 	
1.99999708188754 	
0 	
6.24999059340565 	
0 	
0.999999151454652 	
4.99999151463894 	
4.8749935643751 	
3.8749951431095 	
1.99999781106661 	
0.999998364929023 	
0 	
2.74999428575619 	
0 	
7.08679583159589 	
5.24998897199532 	
7.937486333591 	
1.99999719818003 	
0.999998481277345 	
6.12498888300325 	
0 	
0 	
0.999998284364419 	
4.62498845876442 	
0.999998807942727 	
1.49999747512025 	
5.24999243167792 	
4.2499915338036 	
0.999999674307175 	
0 	
3.99999451840659 	
4.99998845200612 	
