0
11.0562844651873 	
10.3230045221594 	
1.99999592330431 	
8.8155365193408 	
0.999999151454652 	
12.1126193324084 	
5.9062399807829 	
9.42183511677058 	
5.93748500125737 	
1.49999707979064 	
8.68747058750547 	
0 	
7.61990241464496 	
10.2843001547726 	
6.87498355636525 	
0.999999834909781 	
7.55455435835064 	
8.33183769121561 	
0 	
1.49999556949256 	
7.81247703983939 	
2.74999582990421 	
0 	
0 	
0 	
0 	
0.999999674307175 	
9.62495555464479 	
2.99999844332561 	
6.72499122724721 	
10.1249560167123 	
0 	
9.06247535034839 	
11.5906126196624 	
0.999998905533304 	
1.49999690378532 	
0.999999955750158 	
10.656223858864 	
11.1405814519342 	
0 	
0 	
0.999999151454652 	
9.68747220471702 	
6.87497955560096 	
0.999999834909781 	
9.04685465429274 	
0.999999955750158 	
0.999999834909781 	
8.74793657670278 	
0.999998609333551 	
0 	
0.999998750375256 	
6.18748878112196 	
11.1592829079354 	
