0 	
8.21872466674642 	
6.84373824459602 	
10.5624637763768 	
4.499993544277 	
0 	
0 	
0 	
0 	
6.57811120194318 	
0 	
0.999999955750158 	
0.999999481250932 	
0.999999834909781 	
0 	
7.81248012236119 	
0 	
9.67184772409129 	
0.999999151454652 	
0.999999834909781 	
8.21872931266862 	
12.2553467466932 	
0.999999834909781 	
0 	
0 	
0 	
0 	
0.99999804752187 	
6.87498748083128 	
8.66996115591081 	
6.37497945298063 	
5.87498459916356 	
1.87499881589612 	
1.49999980424771 	
0.999998750375256 	
0.999999481250932 	
0 	
0 	
0.999999834909781 	
0 	
0.999999075432228 	
7.81248148810857 	
3.99999324809037 	
6.83756120794235 	
6.37498798509459 	
10.1249679263966 	
8.74997241189418 	
0.999999834909781 	
4.49999281044603 	
0.999999674307175 	
0 	
5.43749018468595 	
10.6249738058723 	
0.999998750375256 	
8.78122714585832 	
0 	
0 	
4.93749154812467 	
0 	
5.87498521889349 	
10.0875480344828 	
7.74997585493508 	
0 	
0 	
8.74997521275893 	
5.87498459916356 	
8.24997023717438 	
8.37498055005132 	
0 	
0.999999834909781 	
0 	
9.44286013080201 	
0 	
0.999999151454652 	
9.44286158529663 	
10.462545039393 	
0 	
8.31247491442253 	
0 	
6.87498732844601 	
8.73126164227162 	
0.999999151454652 	
6.93748814020222 	
0 	
0 	
8.37805037444417 	
8.33755902784649 	
7.3749862817567 	
6.84373034857032 	
10.7156134842836 	
12.0311875278931 	
10.3406207244476 	
5.87498459916356 	
6.43748548260008 	
6.15623961157101 	
7.81248187839825 	
0 	
0 	
9.24997166337934 	
6.68748909032561 	
