0.999999834909781 	
0 	
9.65621323959829 	
11.5937204491371 	
0 	
0 	
0 	
5.87498733076556 	
0.999999358698126 	
0.999999834909781 	
7.40005980549208 	
0 	
0 	
7.78123390447592 	
10.1249578222608 	
0 	
0 	
0 	
0 	
0.999999674307175 	
6.58748270794403 	
8.30631091286725 	
8.07811006666642 	
10.1384601472491 	
0.999998905533304 	
0 	
0.999999674307175 	
0 	
0.999998259031573 	
6.81248571507804 	
1.99999934861435 	
0 	
0 	
0 	
0.999998364929024 	
0 	
0 	
7.31248108020975 	
0 	
1.99999926437223 	
0 	
0.999998259031573 	
4.74999618290854 	
0 	
7.28123405831838 	
9.15622212705283 	
8.24997695089385 	
0 	
0 	
0.999999834909781 	
0 	
7.28123405831838 	
9.62496110727273 	
9.65621063501023 	
0 	
0 	
1.49999955366899 	
0 	
0 	
0 	
9.18129322274103 	
0 	
8.24380958708074 	
5.93748926273705 	
0 	
0 	
0.999998259031573 	
0 	
8.21872857934713 	
9.18745706077045 	
0 	
0 	
12.2771499814707 	
9.93340529074163 	
0 	
7.31247365404477 	
7.78122590962586 	
0.999999955750158 	
8.24380620872869 	
7.09373308461027 	
0 	
11.1874700691978 	
8.82810975802192 	
0 	
0 	
0 	
0 	
0 	
0.999999674307175 	
0 	
0 	
10.6187873989541 	
7.74997906655643 	
0 	
10.1093554920789 	
0.999999834909781 	
0 	
0 	
7.34373349226405 	
0 	
