4.99999396022943 	
3.49999657735289 	
2.99999587236755 	
2.99999702409998 	
3.9999969127622 	
2.99999663089127 	
4.49999355973015 	
0.999998861590164 	
5.99998987989231 	
0.999998999131803 	
2.37499592330416 	
2.99999494802456 	
0.999999394670805 	
3.99999528085079 	
5.99999202955067 	
1.99999799826361 	
0.999998804020152 	
2.99999774491199 	
1.9999972186671 	
1.49999955366899 	
2.49999683348927 	
2.99999495024051 	
0 	
4.99999043371299 	
1.99999781106661 	
3.99999384593719 	
3.9999937247615 	
2.99999671659991 	
4.99999582420428 	
0.999999674307175 	
1.99999799826361 	
4.49999339814003 	
2.99999604475196 	
4.4999946785231 	
1.9999983096259 	
0.999998999131803 	
0.999999358698125 	
2.99999491291443 	
2.99999574708925 	
3.99999525379899 	
1.99999896250186 	
3.49999579771407 	
1.99999871739625 	
3.99999580257204 	
1.99999756874787 	
1.99999797101175 	
1.99999910565601 	
0 	
0.999999075311881 	
3.74999479930787 	
4.99999308910149 	
1.99999758302016 	
3.49999606116614 	
3.99999448637596 	
3.87499455795192 	
4.9999927946658 	
2.4999969801509 	
3.99999572301031 	
2.9999972196471 	
1.99999758302016 	
2.99999757649368 	
3.99999448637596 	
1.99999799826361 	
1.99999771461173 	
1.99999781106661 	
4.99999214011906 	
3.99999625122387 	
1.99999876258743 	
1.99999876258743 	
4.99999365097426 	
2.99999689703874 	
0.999998999131803 	
0.999998999131803 	
2.99999587236755 	
0.999998999131803 	
1.99999876258743 	
1.99999904501146 	
4.99999365097427 	
1.99999830188947 	
0.999998895445185 	
3.49999500221779 	
4.9999930891015 	
1.99999810801259 	
2.99999539381705 	
2.99999684817437 	
2.99999768311486 	
0.999999085528302 	
3.99999687991168 	
1.99999792939047 	
2.99999728034101 	
2.99999791167924 	
4.2499940488891 	
1.99999771461173 	
3.99999486424894 	
1.99999877993995 	
2.24999854858827 	
2.99999536085091 	
3.99999619812253 	
0.999998999131803 	
3.99999520985417 	
