7.38540538291175 	
0 	
4.24999366538392 	
2.99999814611206 	
4.38541343518761 	
0.999999632186113 	
3.38541310123132 	
5.49999142301385 	
4.49999563508388 	
0.999999075432227 	
2.49999811683676 	
2.24999854858827 	
5.24999235225368 	
4.24999496435718 	
5.24999122582316 	
1.49999876307492 	
4.99999230321296 	
0 	
0 	
0.999999632186113 	
8.74998400129744 	
1.9999983029093 	
0 	
4.78485513951143 	
1.49999980424771 	
0.999999481250932 	
0.999999674307175 	
0.999999674307175 	
7.4999869346896 	
1.99999926437223 	
0.999999358698125 	
4.49999518731169 	
5.99999032357792 	
4.49999518731169 	
0.999999674307175 	
1.99999833751845 	
0 	
9.99997876005718 	
0 	
0.999999481250932 	
5.99999217834743 	
0.999999632186113 	
1.4999991831514 	
7.37456283668577 	
1.87499795111502 	
9.99997978906909 	
5.4999934849883 	
2.24999850852381 	
2.49999892545067 	
6.24999291200682 	
0.999999481250932 	
4.49999581367973 	
3.24999741381897 	
2.49999806767951 	
3.99999630661102 	
0.999999632186113 	
8.13540309667067 	
2.37499764570863 	
0.999999151454652 	
1.99999829856198 	
0.999999674307175 	
2.74999685556169 	
0.999999834909781 	
5.63541003989885 	
3.3090217773373 	
0.999999632186113 	
2.74999700393145 	
0.999999358698125 	
1.49999910692811 	
1.49999945202234 	
3.74999614468787 	
3.99999794051884 	
5.99998923716825 	
4.24999496435718 	
1.99999934861435 	
3.70833049083811 	
0 	
1.49999955366899 	
0.999999632186113 	
7.13540604106129 	
1.99999829856198 	
6.24999135198711 	
1.9999981659238 	
1.99999840465054 	
1.99999791398691 	
4.49999483352927 	
0.999998750375256 	
5.63541003989885 	
8.29122916390683 	
1.74999938758003 	
2.20833156959219 	
1.74999903519047 	
6.74999093468989 	
3.99999670943057 	
0.999999674307175 	
0 	
6.74999155649958 	
2.49999811683675 	
1.74999903519047 	
5.24999224963425 	
