0.999999075432228 	
3.87499364593646 	
1.99999779089037 	
1.99999758302016 	
1.99999900162489 	
2.99999752614984 	
5.99999096473411 	
0.999999151454652 	
1.99999728412766 	
1.99999799826361 	
2.99999567965051 	
2.99999857435547 	
2.99999587236755 	
4.49999512935666 	
4.9999968575813 	
1.9999981710566 	
2.49999740810003 	
1.99999758302016 	
2.74999730406394 	
3.99999567390319 	
1.9999986200448 	
1.9999982342004 	
3.99999621135236 	
2.99999773906073 	
1.99999926437223 	
1.99999830188947 	
4.99999247269311 	
1.99999800312993 	
3.99999496539904 	
1.99999900162489 	
4.74999225641007 	
3.49999560167438 	
3.99999619812253 	
4.49999711625434 	
2.99999684817437 	
1.99999757092935 	
4.99999594058535 	
1.99999721498116 	
2.9999968727177 	
3.49999520048137 	
4.99999442856849 	
2.99999743019423 	
0.999998905533304 	
1.99999876258743 	
1.99999810801258 	
3.49999602224131 	
1.87499795111502 	
2.99999574708925 	
2.99999587236755 	
2.99999728034101 	
0 	
3.49999805181025 	
3.99999557275707 	
3.99999633135895 	
2.99999728034101 	
3.99999316075841 	
3.99999377205743 	
0.999999674307175 	
3.49999786266982 	
5.99998901766051 	
3.99999520985417 	
3.99999675613825 	
2.9999966600051 	
6.99998881369114 	
4.99999288127327 	
2.99999666794402 	
2.99999725384085 	
4.99999470810534 	
2.99999638692696 	
2.99999660161867 	
5.49999170558164 	
2.99999810491671 	
3.99999316218729 	
2.9999963587724 	
2.99999596059113 	
3.99999377205743 	
3.99999603210684 	
1.99999797101175 	
2.99999536085091 	
0.999999075432228 	
2.37499713177773 	
2.99999583931511 	
1.99999876258743 	
3.99999732011656 	
5.24999008534732 	
3.99999467800355 	
3.99999580163779 	
2.99999689703874 	
1.99999750075051 	
2.49999741172187 	
3.87499504836181 	
3.9999952068251 	
2.99999702409998 	
4.74999573585977 	
4.4999929326103 	
1.99999750075051 	
1.49999830080934 	
0.999998895445185 	
3.99999415598496 	
2.99999574708925 	
