2.66665954858138 	
4.99999396206609 	
3.99999551270313 	
2.99999634990046 	
2.99999773906073 	
2.99999757564628 	
4.49999291318067 	
4.99999286432277 	
2.99999822086715 	
4.99999139391927 	
6.99998739932771 	
5.49999152387823 	
3.99999358360067 	
6.49999192914305 	
3.99999695246082 	
3.8749953305877 	
3.99999484650507 	
3.99999639960712 	
4.49999512935666 	
1.99999896250186 	
2.99999666794402 	
2.99999679138609 	
1.99999771461173 	
2.99999539381705 	
4.9999932873371 	
3.24999538564732 	
1.9999986200448 	
4.93749057376849 	
2.99999703121867 	
1.99999966981956 	
2.99999743486461 	
4.37499449135408 	
6.99999040627024 	
3.74999307939212 	
4.37499282502348 	
2.99999895380229 	
2.99999645947891 	
1.99999868409949 	
3.99999525379899 	
1.99999785383786 	
2.9999979085922 	
3.99999752517486 	
2.99999684817437 	
1.99999720051874 	
1.9999976080403 	
1.99999810801259 	
2.9999963587724 	
1.99999827113573 	
3.99999516604033 	
3.99999446597314 	
3.99999571539033 	
3.99999699418255 	
0.999999151454652 	
2.99999689703874 	
2.9999952850564 	
5.49999110186739 	
5.3749924813983 	
0.999999151454652 	
5.49999503235916 	
5.49999089555795 	
3.49999604804419 	
2.9999968727177 	
1.99999750075051 	
3.99999412374657 	
2.99999796779887 	
4.2499924288423 	
3.99999379324121 	
3.99999450198395 	
4.24999547221098 	
3.99999660377895 	
2.9999953683446 	
3.99999580163779 	
4.99999470810534 	
2.99999773906073 	
3.99999494001511 	
3.99999464984053 	
0.999999151454652 	
3.999996523133 	
3.99999467800355 	
1.99999676251478 	
1.99999758302016 	
4.8749943814234 	
1.99999694340271 	
2.49999774743224 	
1.99999781106661 	
4.99999613606374 	
2.99999758798228 	
0.999998999131803 	
2.99999688271632 	
2.99999743019423 	
4.99999509251515 	
2.9999957256656 	
2.99999844644891 	
3.99999562213322 	
3.24999519577497 	
2.99999662420905 	
2.9999980775029 	
3.99999486424894 	
2.99999495024051 	
2.9999968727177 	
4.99999377890852 	
