4.09807413646262 	
0 	
9.24998150967976 	
3.49999521822108 	
7.28484575513422 	
3.56249599035025 	
6.24999077407182 	
6.99998884479116 	
6.06248975888235 	
6.74998862382353 	
7.06249064046546 	
2.18749761485358 	
6.63540755222005 	
1.4999991831514 	
9.95831141843115 	
0.999999327545693 	
5.99999129127322 	
7.24998614332596 	
1.9999983029093 	
1.99999871739625 	
3.74999487581616 	
7.31249149292372 	
5.37499219817157 	
3.70832678761402 	
5.99998884749007 	
1.74999891107388 	
3.45832872402007 	
0.999999358698125 	
2.99999722629668 	
7.0624899105222 	
5.49999249891055 	
0 	
2.49999840848296 	
6.13540478067786 	
5.74999132118971 	
7.74998292921875 	
0.999999834909781 	
9.13539764110516 	
2.99999807609438 	
4.1666598111023 	
8.28484588177064 	
4.49999616645994 	
1.99999815086445 	
2.9999979085922 	
1.99999749420117 	
2.99999836630281 	
8.78483995322435 	
3.06249575751602 	
7.28484502945454 	
0 	
2.9999974357982 	
