8.63539631134853 	
2.99999722280936 	
0.999999834909781 	
5.8645721055124 	
1.99999935032798 	
3.99999644368584 	
8.32290053227952 	
2.99999807609438 	
1.99999829856198 	
4.74999505225141 	
7.28484490870386 	
8.34373111405796 	
1.99999966981956 	
7.29685950493779 	
3.99999683618863 	
4.99999049125479 	
3.49999833158347 	
4.13541129786997 	
1.99999871739625 	
3.06249546432257 	
7.74998416832018 	
0.999999481250932 	
2.24999819708486 	
4.49999523232404 	
0.999999674307175 	
0.999999481250932 	
0 	
0 	
4.99999166705797 	
7.24998748099414 	
0.999999358698125 	
4.99999466161606 	
3.45832951466589 	
5.20832666758896 	
5.12499379156535 	
6.63540382803728 	
0.999999674307175 	
5.63540481350837 	
4.49999684789212 	
3.56249503082788 	
1.99999896250186 	
3.99999603556995 	
1.99999710168254 	
3.49999710188591 	
4.45832280633586 	
3.99999603556995 	
7.56248976812376 	
7.28484502945454 	
6.635402364526 	
2.9999974357982 	
