0.999999458368682 	
0.999999632186113 	
1.99999830188947 	
1.99999834279767 	
0 	
1.49999876307492 	
0.999999310022398 	
0.999999410540692 	
1.99999905089845 	
1.9999983029093 	
0.999998999131803 	
1.99999905089845 	
0.999999251358992 	
1.99999900820924 	
0.999999310022398 	
0.999999632186113 	
0.999999151454652 	
1.99999830188947 	
3.99999464984053 	
0.999998999131803 	
2.9999979085922 	
0 	
2.49999775273838 	
0.999999674307175 	
1.99999876258743 	
0.999998905533304 	
2.99999728034101 	
1.99999810801259 	
0 	
2.99999689703874 	
1.99999925212376 	
2.49999840848296 	
2.99999836630281 	
0.999998905533304 	
4.24999554011619 	
0 	
1.9999986613408 	
1.99999797101175 	
3.9999975598799 	
0.999999075432228 	
1.99999810801258 	
0.999999151454652 	
3.49999716606243 	
0.999999674307175 	
1.99999905089845 	
1.99999926437223 	
0.999999394670805 	
1.99999773781891 	
1.49999876307492 	
0.999999394670805 	
1.99999876258743 	
0.999999310022398 	
0 	
1.99999792939047 	
3.49999716606243 	
2.99999664766279 	
1.9999986200448 	
2.99999745436396 	
0 	
2.99999773906073 	
1.99999830188947 	
2.99999743019423 	
2.99999701720818 	
1.99999830188947 	
0.999999117100202 	
2.49999774743224 	
2.99999743019423 	
1.99999771461173 	
0.999999394670805 	
0 	
2.99999752614984 	
0.999998750375256 	
0.999998895445185 	
0 	
2.49999658005143 	
2.99999704954596 	
0.999998804020152 	
1.99999871739625 	
0.999999117100202 	
3.99999513518844 	
1.99999773781891 	
3.99999660377895 	
2.99999757564628 	
1.99999910565601 	
0.999999362001564 	
2.99999625112577 	
2.49999785521418 	
2.99999807609438 	
0.999999394670805 	
1.99999830188947 	
1.99999926437223 	
0.999999394670805 	
1.99999830188947 	
3.99999630661102 	
0.999999632186113 	
0 	
4.49999514523449 	
0.999999394670805 	
0.999999151454652 	
2.9999989755954 	
1.4999989542961 	
