0.999999674307175 	
0 	
1.74999891107388 	
0 	
5.63540606557852 	
1.99999829856198 	
4.74999617802351 	
1.99999896250186 	
9.24998318676645 	
3.38541406667698 	
2.41666320078923 	
0.999999834909781 	
2.99999839157395 	
3.49999542723227 	
3.49999654983179 	
1.4999989542961 	
3.24999445663452 	
6.49998899412064 	
1.99999909483913 	
3.2499964375169 	
0.999999632186113 	
3.49999833158347 	
5.24999314084841 	
3.49999596784533 	
1.99999828698737 	
1.99999934861435 	
0 	
1.99999926437223 	
0.999999674307175 	
6.99999151363119 	
0 	
0 	
2.49999892545067 	
6.28484962746398 	
1.99999896250186 	
8.2848466866905 	
1.99999829856198 	
0 	
0 	
1.9999991944008 	
2.49999789526275 	
0 	
4.24999496435718 	
4.49999518731169 	
0 	
2.24999688333844 	
1.99999934861435 	
0 	
0 	
2.49999821734847 	
0 	
6.99998633275084 	
2.49999785309812 	
7.7848477989182 	
0 	
2.99999890404468 	
6.99998959714108 	
1.74999864733229 	
2.49999741172187 	
0 	
2.49999840848296 	
0 	
0 	
0 	
1.4999994342632 	
5.24999239142836 	
0.999999481250932 	
6.24999169917573 	
0 	
0 	
0.999999834909781 	
1.99999865872454 	
7.28484653583395 	
1.74999802114021 	
2.49999806767951 	
0 	
0 	
1.99999871739625 	
1.99999926437223 	
0 	
2.74999819992227 	
2.74999670034461 	
0.999999674307175 	
0.999999834909781 	
7.63540187747195 	
1.9999983795567 	
0.999999674307175 	
0.999999955750158 	
1.99999861524161 	
2.49999931067901 	
2.49999892545067 	
0.999999834909781 	
1.49999945202234 	
6.63540619123872 	
3.49999542723227 	
0 	
1.99999831100449 	
0 	
0.999999481250932 	
0 	
1.99999918908834 	
1.99999934861435 	
0.999999674307175 	
0.999999674307175 	
1.99999904926977 	
0 	
0.999998905533304 	
0.999999481250932 	
0.999999834909781 	
0 	
3.49999682992312 	
1.49999945202234 	
0 	
0 	
0.999999834909781 	
0.999999632186113 	
6.63540520880272 	
2.99999836630281 	
1.99999926437223 	
0.999999075432228 	
3.49999833158347 	
2.49999931067901 	
6.99999045604951 	
0.999999674307175 	
1.49999955366899 	
0.999999674307175 	
0 	
3.49999557667168 	
0 	
4.99999495278175 	
2.49999874417881 	
0 	
7.49998649560529 	
0.999999632186113 	
0 	
3.37499648336541 	
1.99999926437223 	
0 	
5.63540606557852 	
0 	
0.999999480761447 	
6.63540236277482 	
2.49999849379397 	
2.99999719405868 	
0 	
6.63540438492627 	
0 	
0 	
0.999999674307175 	
0 	
0 	
1.99999849322372 	
6.99998757050366 	
3.62499639908327 	
5.24999467745277 	
8.74998313165881 	
1.4999994342632 	
1.99999896596004 	
2.35416446869011 	
0 	
1.99999896250186 	
1.99999966981956 	
2.52082971137898 	
5.13540942809144 	
4.99999230321296 	
6.74998794047642 	
0 	
1.49999955366899 	
3.24999734866765 	
2.99999889655834 	
3.24999638591493 	
2.96874703107222 	
0 	
5.99999170930564 	
6.6354062305072 	
0 	
0 	
0 	
0 	
4.88540950096466 	
0 	
3.74999693285922 	
4.99999459473561 	
1.49999955366899 	
1.99999934861435 	
1.99999934861435 	
1.74999864733229 	
1.4999991831514 	
6.635402364526 	
1.99999896250186 	
0.999999674307175 	
3.49999667661585 	
2.20833119462526 	
0 	
0 	
0 	
0.999999481250932 	
0.999999481250932 	
0.999999481250932 	
0.999999674307175 	
0 	
