0.999999481250932 	
1.99999904926977 	
0 	
7.63539941238478 	
9.99998219571286 	
3.99999695236828 	
1.99999871739625 	
0.9999991403704 	
0 	
0.999999358698125 	
6.99998533650756 	
7.63540291944834 	
4.74999501587002 	
6.63540373811976 	
2.99999786792284 	
4.24999309011278 	
8.2499809796363 	
4.24999496435718 	
2.9999979085922 	
1.49999945202234 	
3.37499687863278 	
0.999999834909781 	
4.49999661186954 	
0.999999426058267 	
0 	
4.87499423921505 	
0.999999358698125 	
6.81249167980264 	
1.99999934861435 	
2.99999580162613 	
8.74998138620775 	
0.999999955750158 	
2.99999671659991 	
5.99998923716825 	
8.74998440032317 	
4.62499250916201 	
9.13539969980988 	
1.49999876307492 	
3.49999786266982 	
3.09374575472576 	
3.68749482312002 	
4.99999363722432 	
0 	
6.74998474313664 	
3.95832725408732 	
2.49999741172188 	
1.4999991831514 	
7.74998465792511 	
7.28484673645275 	
1.99999840003999 	
