0 	
0 	
0 	
0 	
0 	
1.99999896596004 	
0.999999834909781 	
0.999999632186113 	
0.999999674307175 	
0.999999955750158 	
0 	
0.999999685543246 	
0 	
0.999999500812446 	
0.999999117100202 	
0.999999394670805 	
1.99999918908834 	
2.49999875736744 	
1.99999934861435 	
0 	
0.999998999131803 	
0.999999674307175 	
1.99999928958687 	
0.999999955750158 	
0 	
0 	
0.999999834909781 	
0.999998905533304 	
0 	
0 	
0.999999674307175 	
0 	
1.99999918908834 	
0 	
0 	
0.999999151454652 	
0.999999674307175 	
0 	
0.999999500812446 	
1.99999905089845 	
1.99999878934161 	
0 	
0 	
0 	
0 	
0 	
0.999999500812446 	
0 	
0.99999962606188 	
0.999999117100202 	
0.999999634707892 	
0 	
0 	
0.999999632186113 	
1.99999905089845 	
1.9999983096259 	
1.99999816560928 	
0 	
0 	
0 	
1.99999756874787 	
0 	
0.999999500812446 	
0 	
1.99999900162489 	
0.999999955750158 	
0.999999634707892 	
0.999999674307175 	
0 	
0.999999358698125 	
0.999999481250932 	
0 	
0 	
0.999999632186113 	
0 	
0.999999151454652 	
0 	
1.99999928958687 	
0.999999117100202 	
0.999999834909781 	
0.999999834909781 	
0 	
0 	
0 	
0.99999962606188 	
0 	
0.999999834909781 	
0 	
0 	
0 	
0.99999985379626 	
0 	
2.99999759057325 	
1.99999934861435 	
1.99999857132602 	
0.999999674307175 	
0.999999685543246 	
0.999999481250932 	
0 	
0.999998999131803 	
0.999999634707892 	
0 	
0.999999955750158 	
0 	
0 	
