0 	
0 	
0 	
0.99999950036051 	
0.999999674307175 	
0.999999500812446 	
1.9999981659238 	
0 	
0.999999394670805 	
1.99999876258743 	
2.49999842879065 	
0.999999394670805 	
1.99999815086446 	
1.99999868409949 	
0.999999117100202 	
0.999999358698125 	
1.99999810801259 	
1.99999810801258 	
0 	
0 	
1.99999935032798 	
0.999999674307175 	
1.99999934861435 	
0 	
0 	
0.999999394670805 	
0 	
0.999999310022398 	
1.99999878934161 	
0.999999151454652 	
0 	
1.99999771461173 	
0.999999117100202 	
0.999999117100202 	
0 	
1.99999779089037 	
0.999999834909781 	
1.99999928958687 	
0.999999481250932 	
0.999999674307175 	
0 	
0 	
0 	
1.99999934861435 	
0 	
2.99999704954596 	
0.999999481250932 	
0 	
2.24999819708486 	
0.99999962606188 	
1.99999926941578 	
0.999999632186113 	
1.99999926437223 	
0.999999403234598 	
2.99999796779887 	
1.49999945202234 	
0 	
0.999999310022398 	
0 	
0 	
0.999999674307175 	
0 	
0.999999674307175 	
0.999999481250932 	
1.99999904301064 	
0 	
0 	
0 	
0.999999834909781 	
2.99999791167924 	
0.999999955750158 	
0 	
0 	
0 	
0.999999394670805 	
0 	
0.999999151454652 	
0 	
1.99999771461173 	
0.999999685543246 	
0.999999075432228 	
1.99999871739625 	
0.999999117100202 	
2.99999759057325 	
0.999999075311881 	
0 	
1.49999876307492 	
0 	
0 	
0.999999151454652 	
0 	
0.999999674307175 	
1.99999935032798 	
1.9999983029093 	
0.999999310022398 	
1.49999860311264 	
0.999999674307175 	
1.99999840465054 	
0 	
0 	
0 	
3.49999814273158 	
0.999999151454652 	
0 	
