0 	
0 	
0 	
0 	
0.999999955750158 	
0 	
1.99999876258743 	
0 	
0 	
1.99999944585635 	
0.999999151454652 	
0 	
0.999999685543246 	
0.999999358698125 	
1.99999905089845 	
0 	
0.999999955750158 	
0.99999962606188 	
0 	
0.999999674307175 	
1.99999905089845 	
0 	
0 	
0.999999500812446 	
0.999999632186113 	
0 	
0 	
0 	
0 	
0 	
0 	
0.999999151454652 	
0.999999394670805 	
0.999999834909781 	
0.999999625291197 	
0.999999500812446 	
0.999999955750158 	
0.999999674307175 	
0 	
0.99999962606188 	
0 	
0 	
0 	
0 	
1.99999918908834 	
0.999999955750158 	
0.999999685543246 	
0 	
0.99999962606188 	
0.99999962606188 	
1.99999905089845 	
0 	
0 	
0 	
0 	
0 	
0 	
0.999999674307175 	
0.999999403234598 	
0 	
0 	
0 	
0 	
0.999999403234598 	
0 	
0 	
0 	
0.999999481250932 	
0.999999955750158 	
0 	
0 	
1.49999955366899 	
0 	
0 	
0 	
0 	
1.99999937108649 	
0 	
0 	
0 	
0.999999358698125 	
0.99999985379626 	
0.999999634707892 	
0 	
0 	
0 	
1.99999905089845 	
0.999999674307175 	
0 	
0 	
0 	
0.999999834909781 	
0 	
1.4999991831514 	
0 	
0.999999500812446 	
0 	
1.99999810801259 	
0 	
0.999999674307175 	
0.999999674307175 	
0.999999685543246 	
