0 	
2.9999966600051 	
2.99999571833219 	
1.99999719818003 	
2.99999743019423 	
1.99999728412766 	
0 	
2.99999773906073 	
1.99999779089037 	
2.99999806020818 	
2.49999931067901 	
2.9999968727177 	
0.999999075432228 	
1.99999934861435 	
1.99999758302016 	
1.99999868409949 	
0.999999481250932 	
0.999999251358992 	
1.99999809906127 	
2.99999802956488 	
2.99999705540215 	
0.999998999131803 	
0 	
4.99999604342654 	
3.37499687863278 	
1.99999816560928 	
0.999999394670805 	
0.999999151454652 	
2.43749669225544 	
1.99999830188947 	
0.999999075432228 	
1.99999800312993 	
0.999999151454652 	
2.9999964162479 	
0 	
1.99999896250186 	
2.99999876358006 	
1.99999830188947 	
1.9999982342004 	
0.999999075432228 	
0.999999251358992 	
0 	
0.999999552828006 	
0.999999674307175 	
2.99999743019423 	
3.99999659353119 	
3.99999660310717 	
2.99999571793784 	
4.49999515571966 	
1.99999876258743 	
2.87499474276507 	
2.99999790718452 	
3.74999531781898 	
1.99999896250186 	
2.99999577536835 	
0 	
1.99999756874787 	
1.49999876307492 	
3.49999683356843 	
1.99999896250186 	
1.9999988064692 	
1.99999771461173 	
2.49999931067901 	
1.99999771461173 	
2.99999703121867 	
0.999999674307175 	
1.99999871739625 	
2.99999728034101 	
0.999999358698125 	
3.49999716606243 	
0 	
2.99999755369244 	
0.999999117100202 	
3.49999560889199 	
1.99999756874787 	
0.999998905533304 	
0.999999394670805 	
0 	
0.999999190685501 	
3.49999686528797 	
1.99999871739625 	
2.99999790718452 	
0.999999834909781 	
3.99999857917373 	
1.99999799826361 	
2.9999971697926 	
2.99999722629668 	
2.99999880760855 	
1.99999876258743 	
0.999999362001564 	
1.99999781106661 	
1.9999983096259 	
1.99999830188947 	
1.99999809906127 	
1.99999877993995 	
1.99999926437223 	
1.99999876258743 	
1.99999926437223 	
2.99999646089017 	
2.99999836630281 	
