1.99999970759252 	
0 	
0 	
0 	
0.999999674307175 	
0.999999674307175 	
0 	
1.49999955366899 	
0 	
1.99999925212376 	
0 	
0.999999955750158 	
0 	
0 	
0.99999962606188 	
0 	
0 	
0 	
0 	
0.999999955750158 	
0 	
0 	
0 	
0 	
0 	
0 	
0 	
0 	
2.49999868031027 	
0.999999625291197 	
0 	
0.999999834909781 	
0.999999955750158 	
0.999999632186113 	
0 	
0 	
0 	
0 	
0 	
0 	
0 	
0.999999834909781 	
0 	
0.999999834909781 	
1.99999966981956 	
1.74999891107388 	
0.999999685543246 	
2.74999783941306 	
0.999999674307175 	
0 	
0 	
0 	
0.999999674307175 	
1.99999871739625 	
0 	
0 	
1.4999991831514 	
0 	
0 	
0.999999632186113 	
0 	
0 	
0 	
0.999999632186113 	
0 	
0 	
1.49999955366899 	
0 	
0 	
0.999999625291197 	
0.999999674307175 	
1.99999896250186 	
1.99999937108649 	
0 	
0.999999955750158 	
0.999999674307175 	
1.99999890401956 	
0.99999962606188 	
0.999999834909781 	
0.999999955750158 	
0.999999834909781 	
0 	
0 	
0 	
1.99999934861435 	
0.999999481250932 	
0 	
0 	
0 	
0.999999834909781 	
0 	
3.49999855763678 	
0.99999962606188 	
1.49999955366899 	
0.999999410540692 	
0 	
1.99999934861435 	
0.999999674307175 	
0 	
1.74999953715819 	
0 	
