0 	
0 	
0 	
0 	
0 	
0 	
0 	
0 	
0 	
2.7499980742022 	
0 	
2.99999857435547 	
0.999999834909781 	
0.999999955750158 	
4.99999346525128 	
0 	
0 	
0 	
0.999999955750158 	
0 	
0.999999955750158 	
0 	
0 	
0 	
0 	
0 	
0 	
0 	
0.999999834909781 	
0 	
3.49999701080513 	
4.99998985318906 	
2.74999666505783 	
0 	
0 	
0 	
0.999999955750158 	
0 	
3.49999544143859 	
0.999999955750158 	
3.49999701080513 	
4.49999632623262 	
0 	
0 	
0 	
1.99999926941578 	
0 	
0 	
0 	
1.99999830006787 	
0 	
0 	
2.99999857435547 	
0 	
4.24999482669111 	
3.49999475570568 	
0 	
2.74999691999286 	
4.24999553995524 	
0 	
2.7499980742022 	
0 	
0 	
0 	
2.74999835632591 	
2.74999835632591 	
1.99999900162489 	
0 	
0 	
0 	
1.99999926941578 	
0 	
0 	
0 	
2.74999666505783 	
0 	
0 	
0.999999955750158 	
0 	
2.74999835632591 	
3.74999736164879 	
3.49999701080513 	
0 	
0 	
1.99999900162489 	
3.49999701080513 	
0 	
0.999999481250932 	
0 	
0 	
4.24999553995524 	
0 	
0 	
1.9999981023798 	
0.999999358698125 	
2.74999783985878 	
4.49999632623262 	
0 	
0 	
0.999999358698125 	
0.999999481250932 	
0 	
1.99999878934161 	
1.99999926941578 	
0 	
