0 	
0.999999834909781 	
0.999999151454652 	
0 	
1.499999440046 	
1.9999983029093 	
1.4999991831514 	
1.99999934861435 	
1.99999944585635 	
2.49999892545067 	
3.49999826699734 	
2.49999892545067 	
1.74999903519047 	
0 	
1.99999928958687 	
0.999999834909781 	
0.99999962606188 	
1.49999955366899 	
2.49999840848296 	
2.49999875736744 	
1.49999945202234 	
0 	
0 	
1.99999890401956 	
0 	
0 	
1.4999989542961 	
0.999999552828006 	
0 	
0 	
0 	
0 	
0 	
0 	
0 	
1.99999877993995 	
0.999999674307175 	
0.999999834909781 	
0.999999533150113 	
0 	
0.999999674307175 	
0 	
1.4999991831514 	
1.49999973592541 	
0.999999632186113 	
0.999999632186113 	
2.49999847834158 	
0 	
1.99999890401956 	
0.999999288422124 	
1.99999944585635 	
0.999999674307175 	
1.49999980424771 	
2.49999840848296 	
2.49999901334407 	
1.99999928206219 	
0 	
0 	
0 	
0.999999955750158 	
1.99999926437223 	
0 	
0.999999834909781 	
0.999999834909781 	
0 	
0 	
2.49999892545067 	
0.999999834909781 	
0.999999632186113 	
1.99999926437223 	
0 	
0 	
1.99999944585635 	
0.999999834909781 	
0 	
0.999999674307175 	
1.99999896250186 	
0 	
0.999999703628503 	
0.999999685543246 	
1.49999955366899 	
1.49999955366899 	
0 	
2.99999911337028 	
0 	
0.999999955750158 	
0.999999410540692 	
0.999999632186113 	
0 	
0 	
0.999999674307175 	
0.999999632186113 	
0.999999703628503 	
0.999999834909781 	
2.49999875736744 	
3.99999780803911 	
0 	
1.49999945202234 	
1.99999896250186 	
0.999999834909781 	
