1.49999980424771 	
1.99999871739625 	
0.999999955750158 	
0 	
0 	
0 	
1.9999981023798 	
0 	
1.49999819346348 	
4.99999302786113 	
0 	
0 	
0 	
5.2499954594031 	
3.49999673886277 	
4.49999632623262 	
0.999998364929024 	
1.49999726981658 	
0 	
4.24999482669111 	
0 	
1.74999737998739 	
4.24999295165061 	
5.99999433472117 	
4.24999553995524 	
2.99999796779887 	
0 	
1.99999687759719 	
0 	
0 	
0 	
5.2499954594031 	
5.74999439790084 	
1.99999756470929 	
4.24999093017875 	
0.999998364929024 	
4.99999270929758 	
0 	
0 	
0 	
3.49999673886277 	
2.74999691999286 	
0 	
1.74999737998739 	
0 	
2.74999691999286 	
0 	
2.7499955251544 	
4.4999947297284 	
4.99999568826012 	
0.999998905533304 	
1.99999830006787 	
0.999998905533304 	
0 	
0.999999834909781 	
0 	
4.24999266271306 	
2.08333247803205 	
0 	
0.999998750375256 	
3.74999509907438 	
4.24999415334768 	
4.49999261488053 	
0.999998905533304 	
0.999998364929024 	
5.74998978209066 	
1.99999770620295 	
3.49999475570568 	
0 	
4.24999553995524 	
0.999999874489039 	
5.74999056990327 	
0 	
0 	
0 	
0 	
3.49999612883582 	
2.74999666505783 	
3.99999752517486 	
0 	
5.24999042655316 	
3.49999544143859 	
0 	
2.74999735523939 	
5.99999433472117 	
4.24999034984089 	
5.99999433472117 	
5.74998978209066 	
4.24999190582991 	
0 	
0.999998750375256 	
2.7499980742022 	
0 	
0 	
0 	
3.74999573591562 	
2.74999783985878 	
1.9999981023798 	
0.999998294325702 	
0 	
0 	
3.49999701080513 	
4.2499935213324 	
0 	
