1.93749752633383 	
0.999998905533304 	
4.4999941185905 	
0 	
5.24999184506404 	
5.24999327702189 	
4.2499897976568 	
4.24999034984089 	
6.37498930664996 	
4.2499897976568 	
4.49999240962469 	
4.49999591488155 	
6.74998201768923 	
5.2499954594031 	
6.74998868137841 	
4.99998815213078 	
7.24999221560594 	
5.74998452978485 	
5.74998657258324 	
1.74999841678421 	
0.999998364929024 	
3.49999814273158 	
0.999999834909781 	
4.99999132895724 	
4.99999072715983 	
6.45831943639316 	
5.99999344699794 	
4.99998960940571 	
5.24999327702188 	
4.24999034984089 	
4.24999093017875 	
1.99999662523159 	
2.7499950501961 	
1.99999651806315 	
0 	
5.74998657258324 	
0.999999481250932 	
3.74999639775326 	
4.70832387854491 	
2.99999465365595 	
5.24999383292549 	
4.49999391554979 	
7.74998861662767 	
1.99999651806315 	
5.99999213691264 	
4.74999136844507 	
5.74998773290772 	
4.99998815213078 	
0.999998340865814 	
6.24998904578634 	
4.99998804031734 	
0 	
3.74999288156439 	
4.99998985318906 	
0.999998259031573 	
5.99998980657905 	
4.49999240962469 	
5.2499954594031 	
2.49999621090924 	
7.24998670605618 	
7.37498495793052 	
6.49998735995865 	
6.74998988725436 	
5.74998657258324 	
5.99999054228819 	
5.74998657258324 	
5.24999383292549 	
4.99999072715983 	
3.49999387983266 	
4.49999290026192 	
3.74999298549864 	
2.7499955251544 	
5.74998747066918 	
4.24999266271306 	
5.24999456152474 	
2.49999811683675 	
0 	
0.999998259031573 	
5.99999086002482 	
4.99999132895724 	
0.999998364929024 	
0.999998294325702 	
2.74999735523939 	
0.999998259031573 	
4.99999270929758 	
0.999998905533304 	
0.999998750375256 	
4.99998985318906 	
3.49999673886277 	
0.99999804752187 	
4.24998877282959 	
0 	
4.24999295165061 	
4.99998985318906 	
3.74999466562364 	
2.9999967008825 	
5.99999366962656 	
7.24998979552903 	
4.49999261488053 	
2.74999468647101 	
