0.999999358698125 	
4.24999482669111 	
4.99999270929758 	
4.24999266271306 	
1.99999770620295 	
1.74999737998739 	
0 	
0.999998750375256 	
0 	
0 	
4.24999034984089 	
2.74999511479748 	
7.49999065861044 	
3.74999402979084 	
6.99998909020049 	
3.49999612883582 	
0.999998609333551 	
3.49999252904866 	
4.24999266271306 	
4.99999346525128 	
1.74999750156197 	
3.49999612883582 	
4.4999921957778 	
3.49999351098068 	
0.999998750375256 	
4.49999240962469 	
0.999998340865814 	
2.7499955251544 	
3.99999451172782 	
1.99999871739625 	
4.2499897976568 	
0 	
4.49999292445074 	
0 	
0.999999075432228 	
2.74999593147993 	
1.74999864733229 	
3.49999351098068 	
4.24999190582991 	
5.24999139673259 	
0 	
0.999998294325702 	
4.99999199750475 	
4.99998690091374 	
5.99999264802465 	
0.999998905533304 	
4.24999093017875 	
0.999998861590164 	
3.49999475570568 	
5.74998657258324 	
