0 	
1.99999609504374 	
8.74998458377829 	
5.749988350055 	
1.74999707525997 	
4.2499897976568 	
5.24998781738251 	
5.24999042655316 	
0.999998259031573 	
7.43748570822974 	
5.74998452978485 	
4.99998751160363 	
6.74998993869367 	
4.99998690091374 	
6.74998956374288 	
6.74999153585988 	
5.49999003999201 	
5.99999045036988 	
6.74998696888195 	
4.24999168566081 	
5.24999139673259 	
4.49999391554979 	
5.99999086002482 	
4.49999240962469 	
5.99998822443542 	
5.99999045036988 	
5.2499870003909 	
2.99999301049395 	
5.99999370058061 	
0.999998259031573 	
1.74999707525997 	
6.99998648490867 	
3.49999450509957 	
5.999992560515 	
4.87498846275666 	
3.74999467928217 	
5.99999213691264 	
0 	
0 	
6.87498218172931 	
5.74999331714238 	
3.74999402979084 	
7.24998825694946 	
4.99998751160363 	
4.99998751160363 	
6.99998986576291 	
4.99998985318906 	
6.24999021992302 	
6.33332290709013 	
5.24999139673259 	
2.74999783985878 	
2.93749288115567 	
8.49998593581084 	
2.87499314011056 	
5.74998747066918 	
6.74999106761166 	
5.24999139673259 	
6.74998956374288 	
5.99998432355509 	
6.499985135807 	
5.99998432355509 	
4.24999093017875 	
0 	
3.62499037426838 	
5.24999327702188 	
5.74998773290772 	
5.24999097127704 	
7.24998761688297 	
0 	
6.74999106761166 	
4.499991578026 	
8.24998607480165 	
3.24999028295403 	
5.74998657258324 	
4.99998960940571 	
4.56249110786909 	
0.999998138773526 	
6.24998882599049 	
6.99998698292778 	
1.74999707525997 	
6.74998896555529 	
5.24999184506404 	
4.24999190582991 	
5.24999184506404 	
4.99998985318906 	
4.49999290026192 	
6.99999042133409 	
5.99999045036988 	
7.18748410670391 	
5.99998745119112 	
1.99999609504374 	
7.62498799432673 	
5.99999006134873 	
7.49999049287346 	
5.99999165149678 	
4.49999240962469 	
0.999998609333551 	
5.99999045036988 	
