1.99999896250186 	
4.99999557090286 	
1.99999926437223 	
2.49999931067901 	
1.49999902894885 	
4.99999511026751 	
2.49999840848296 	
2.74999783461912 	
1.99999910565601 	
1.99999928958687 	
3.49999811230413 	
1.99999934861435 	
2.49999875225464 	
2.99999833166541 	
3.49999765027731 	
1.99999926437223 	
4.49999619342167 	
2.49999811683676 	
2.49999842879065 	
1.99999896250186 	
0.999999834909781 	
0 	
3.49999738039118 	
2.49999875736744 	
2.9999984437528 	
0.999999955750158 	
0.999999358698125 	
3.9999969127622 	
1.99999890401956 	
2.49999811683676 	
2.49999875736744 	
2.49999836169689 	
1.9999983029093 	
3.99999729947405 	
1.99999865872454 	
2.49999892545067 	
0.999999481250932 	
2.49999824053422 	
1.99999890401956 	
3.49999738039118 	
2.99999846823145 	
2.49999875736744 	
0 	
2.99999876358006 	
4.49999590584591 	
2.49999847834158 	
0.999999481250932 	
2.99999858329022 	
1.99999896250186 	
2.49999842879065 	
0 	
1.49999956887986 	
2.9999983375023 	
3.49999786266982 	
0 	
2.49999892545067 	
2.99999705490359 	
1.49999945202234 	
2.99999890404468 	
3.24999783091737 	
2.99999858329022 	
0.999999358698125 	
0.999999632186113 	
1.99999815086445 	
2.99999768311486 	
1.99999890401956 	
0.999999632186113 	
1.99999877993995 	
2.74999868578572 	
2.99999755369244 	
3.49999670831931 	
3.99999677713713 	
2.49999853092383 	
4.99999649832775 	
3.9999969127622 	
3.9999969127622 	
2.9999980775029 	
1.49999955366899 	
0.999999674307175 	
3.99999699418255 	
2.49999892545067 	
1.74999891107388 	
2.49999824053422 	
3.24999737093562 	
2.9999987603962 	
2.49999892545067 	
2.99999889655834 	
2.99999722629668 	
2.99999833166541 	
2.49999787481143 	
4.24999523951615 	
0.999999674307175 	
5.49999550234694 	
0.99999962606188 	
3.49999781892323 	
2.99999876358006 	
1.99999871739625 	
3.49999826699734 	
0.999999632186113 	
3.49999805181025 	
