0.999999533150113 	
0.999999834909781 	
2.99999895380229 	
0.999999674307175 	
0.999999288422124 	
0 	
1.99999926437223 	
0.99999962606188 	
1.99999934861435 	
1.9999983029093 	
1.99999966981956 	
0.999999874489039 	
1.99999932513795 	
0.999999674307175 	
0.99999962606188 	
0.999999834909781 	
0.999999834909781 	
1.99999934861435 	
1.99999944585635 	
1.99999890401956 	
0.99999962606188 	
0 	
0 	
0 	
0.999999632186113 	
0 	
2.99999890404468 	
0.999999834909781 	
2.99999846823145 	
0.99999962606188 	
0.999999674307175 	
1.99999934861435 	
1.49999980424771 	
0.999999632186113 	
0 	
0 	
0 	
0 	
3.9999974347925 	
1.99999937108649 	
0.999999481250932 	
0.999999481250932 	
2.49999840848296 	
0.999999955750158 	
1.49999955366899 	
2.49999840848296 	
3.49999768852972 	
0.999999955750158 	
0.999999410540692 	
1.9999983029093 	
0 	
3.74999637323643 	
1.74999891107388 	
0 	
0 	
0.999999481250932 	
0 	
2.99999807609438 	
1.99999896250186 	
3.49999767540646 	
0.999999955750158 	
1.49999955366899 	
0.999999685543246 	
1.99999890401956 	
0.999999874489039 	
0 	
0.999999481250932 	
2.49999868368493 	
2.74999868578572 	
0.999999834909781 	
2.49999915348231 	
0.999999481250932 	
0.999999358698125 	
1.99999966981956 	
1.99999944585635 	
1.99999928958687 	
0 	
0 	
2.99999902292153 	
0 	
1.4999991831514 	
2.49999931067901 	
0 	
0.999999632186113 	
0.999999481250932 	
0 	
0.999999834909781 	
0.99999962606188 	
0 	
0 	
0.999999834909781 	
1.99999937108649 	
1.99999934861435 	
0 	
0.999999955750158 	
2.9999983375023 	
1.74999953715819 	
2.99999895380229 	
0 	
2.74999868578572 	
