0.999998905533304 	
3.49999300740342 	
0 	
1.99999714700751 	
4.24999266271306 	
0 	
4.24999034984089 	
0 	
5.2499954594031 	
0 	
0 	
4.99998815213078 	
0.999998905533304 	
0 	
6.74999331127304 	
3.49999673886277 	
5.74998773290772 	
2.83332946062858 	
4.24999553995524 	
3.74999573591562 	
1.9999981023798 	
1.99999714700751 	
0 	
0 	
3.49999207504209 	
0 	
0.999998364929024 	
0 	
0.999998905533304 	
0.999998905533304 	
5.99999086002482 	
0 	
4.49999632623262 	
4.99998985318906 	
2.49999526992063 	
4.24999553995524 	
2.7499950501961 	
0 	
2.18749796720493 	
0 	
4.24999295165061 	
1.99999878934161 	
0 	
4.24999295165061 	
0 	
4.99999270929758 	
0 	
0.999998259031573 	
5.24999294649742 	
3.49999450509957 	
