1.99999944585635 	
2.74999712436084 	
3.99999658151559 	
3.49999738039118 	
3.49999828167426 	
3.99999755252341 	
2.9999989755954 	
1.49999945202234 	
0.999999674307175 	
3.49999783572866 	
1.99999890401956 	
2.74999868578572 	
0 	
2.99999833166541 	
0 	
0.999999674307175 	
3.49999709042067 	
0.999999834909781 	
1.49999910692811 	
2.9999980775029 	
1.99999934861435 	
0.999999834909781 	
3.49999828167426 	
1.49999859586134 	
2.49999836169689 	
5.24999585932602 	
1.4999991831514 	
1.99999934861435 	
2.49999868368493 	
3.49999774882228 	
3.49999738039118 	
2.9999979085922 	
0.999999674307175 	
2.49999836169689 	
1.4999989542961 	
0.999999632186113 	
1.99999928958687 	
2.99999833166541 	
1.49999945202234 	
4.49999688590766 	
1.99999928958687 	
3.49999774882228 	
1.99999904301064 	
2.99999810491671 	
2.49999875736744 	
1.74999891107388 	
1.49999955366899 	
1.99999926437223 	
2.49999875736744 	
2.49999836169689 	
3.49999828167426 	
3.49999774882228 	
0.999999674307175 	
0.999999481250932 	
3.4999972720721 	
0.999999358698125 	
2.49999868031027 	
2.4999977233637 	
2.49999875225464 	
0 	
2.49999892545067 	
0 	
1.74999864733229 	
1.49999879763474 	
3.49999820822125 	
1.49999980424771 	
1.99999926437223 	
4.49999765627419 	
4.99999502703444 	
3.99999780803911 	
2.99999806020818 	
1.99999896250186 	
1.99999966981956 	
2.49999880487935 	
3.7499970940642 	
0.999999632186113 	
2.99999800834658 	
1.99999925212376 	
1.4999991831514 	
1.99999926437223 	
2.99999833166541 	
2.99999720622528 	
1.49999956887986 	
1.4999992493788 	
3.12499839158321 	
0 	
2.49999823700336 	
1.99999926437223 	
2.99999833166541 	
1.99999926437223 	
1.99999871739625 	
0.999999481250932 	
0 	
3.49999828167426 	
2.99999846823145 	
2.7499985585943 	
4.99999605504288 	
0 	
2.99999844332561 	
0.999999358698125 	
