0.999999151454652 	
3.49999475570568 	
0 	
0.999999834909781 	
1.99999900162489 	
2.7499980742022 	
0 	
0 	
5.74999056990327 	
1.9999983029093 	
0.999998861590164 	
0 	
4.49999044976821 	
4.24999034984089 	
4.24999415334768 	
0 	
0.999998905533304 	
4.99998751160363 	
4.24999295165061 	
0 	
0.999998364929024 	
0 	
4.99998815213078 	
4.49999591488155 	
0.999999834909781 	
4.24999295165061 	
0 	
1.99999926941578 	
4.99998751160363 	
5.74998747066918 	
0.999999481250932 	
0 	
0 	
3.74999509907438 	
0 	
4.24999295165061 	
4.2499935213324 	
0 	
0.999999481250932 	
0 	
0.999999955750158 	
0 	
4.24999295165061 	
4.24999482669111 	
0 	
0 	
0 	
0.999999151454652 	
5.74999304496667 	
1.74999938758003 	
0.999999320815288 	
3.74999573591562 	
3.49999300740342 	
5.74998657258324 	
0 	
0.999998750375256 	
0 	
3.74999685099847 	
2.7499980742022 	
3.74999467928217 	
0.999998905533304 	
0.999999358698125 	
0.999999481250932 	
0 	
0 	
3.74999542745305 	
0 	
2.7499980742022 	
5.24999184506404 	
0 	
6.24999306840784 	
5.749988350055 	
2.74999643926818 	
3.49999544143859 	
4.99999270929758 	
0.999998259031573 	
0 	
3.49999612883582 	
5.99999045036988 	
0 	
0 	
0.999998905533304 	
4.24999266525524 	
0.999999955750158 	
0 	
4.24999295165061 	
1.74999737998739 	
4.24999266271306 	
1.9999979049838 	
1.99999878934161 	
0 	
0.999998905533304 	
3.74999349467163 	
2.49999658005143 	
3.37499407198268 	
4.24999266271306 	
5.24999512612921 	
0 	
0 	
0 	
2.74999783985878 	
