0 	
0.999999151454652 	
3.49999701080513 	
0.999999481250932 	
0 	
4.24999415334768 	
3.49999701080513 	
2.7499980742022 	
3.49999475570568 	
0.999999362001564 	
3.49999763222752 	
0 	
0.999999955750158 	
0 	
1.99999830006787 	
1.4999989542961 	
0.999999834909781 	
0 	
0 	
2.99999488554929 	
0 	
4.24999553995524 	
0 	
2.74999783985878 	
0 	
0 	
0 	
2.74999835632591 	
0 	
0.999998905533304 	
0 	
2.7499980742022 	
0 	
2.7499980742022 	
0 	
0 	
4.99999346525128 	
0 	
0.999999955750158 	
0.999999955750158 	
0 	
0 	
0 	
0 	
0 	
5.99999345634213 	
3.49999580525239 	
0 	
0 	
0 	
0 	
4.99999346525128 	
0 	
0 	
0.999999834909781 	
0 	
0.999999481250932 	
0 	
4.99999270929758 	
0 	
0 	
0 	
0 	
0 	
0 	
0 	
3.49999673886277 	
0 	
0.999998905533304 	
0 	
2.74999691999286 	
0 	
0 	
0 	
0 	
0.999998609333551 	
0 	
3.49999701080513 	
3.49999475570568 	
3.49999701080513 	
0.999999481250932 	
3.49999475570568 	
4.24999295165061 	
1.99999900162489 	
0 	
0 	
0 	
3.49999475570568 	
0 	
0.999998861590164 	
0 	
0 	
3.49999763222752 	
0 	
0 	
1.9999981023798 	
0 	
0 	
0 	
0 	
0.999999481250932 	
2.74999691999286 	
