0 	
2.99999772204389 	
0 	
0.999999834909781 	
0 	
0.999999955750158 	
0 	
0 	
0 	
0 	
0.999999674307175 	
0 	
2.99999811890886 	
0.999999481250932 	
0.999999834909781 	
0 	
0 	
2.9999979085922 	
0 	
0 	
0.999999632186113 	
0 	
1.49999980424771 	
0 	
0 	
0 	
0.999999955750158 	
0 	
1.49999945202234 	
0 	
0.999999674307175 	
0.999999955750158 	
0.999999288422124 	
0.999999674307175 	
1.49999955366899 	
0 	
0.999999834909781 	
0 	
0.999999685543246 	
0.999999674307175 	
0 	
0.999999834909781 	
1.99999966981956 	
0.999999955750158 	
0.999999834909781 	
1.99999910565601 	
0.999999674307175 	
0.999999674307175 	
0 	
0.999999703628503 	
0.999999834909781 	
0.999999358698125 	
0.99999962606188 	
0.999999834909781 	
0 	
1.99999944585635 	
0 	
0 	
0 	
0.999999834909781 	
2.49999875736744 	
0 	
1.499999440046 	
0 	
0 	
0.999999834909781 	
0 	
1.99999934861435 	
3.49999781892323 	
0.999999834909781 	
0 	
0.999999834909781 	
0.999999834909781 	
0 	
2.49999931067901 	
0 	
0.999999632186113 	
0.999999358698125 	
0 	
0.999999674307175 	
0.999999632186113 	
1.49999955366899 	
0 	
0.999999358698125 	
0.999999674307175 	
0 	
1.49999955366899 	
1.49999955366899 	
0 	
0 	
0 	
0 	
0.999999834909781 	
0.99999962606188 	
0 	
1.4999992493788 	
0 	
0 	
0 	
0 	
