1.49999980424771 	
0 	
0 	
0 	
0 	
0.999999874489039 	
0 	
0 	
0 	
0.999999481250932 	
0 	
0 	
0 	
0 	
0 	
0 	
0 	
0 	
3.49999673886277 	
0 	
1.99999830006787 	
3.49999673886277 	
0 	
0.999998905533304 	
3.49999612883582 	
0 	
2.7499980742022 	
0 	
0 	
0 	
0 	
0 	
0 	
0 	
0 	
0 	
0 	
0 	
0 	
0 	
2.74999835632591 	
0 	
0 	
0 	
0.999999834909781 	
0 	
0 	
0 	
0 	
1.99999830006787 	
0 	
3.49999701080513 	
0 	
0.999999834909781 	
0 	
2.7499980742022 	
0 	
0 	
0 	
0.999999481250932 	
0 	
3.49999544143859 	
0 	
0 	
0.999999481250932 	
0 	
0 	
0 	
0 	
0 	
0 	
2.74999666505783 	
0 	
0 	
0 	
0 	
0 	
2.99999857435547 	
0 	
0 	
0 	
0.999999481250932 	
0 	
0 	
0 	
0 	
0 	
0 	
0 	
0 	
0 	
1.9999981023798 	
0 	
2.08333247803205 	
0 	
0 	
0 	
0 	
1.99999926941578 	
2.74999691999286 	
0 	
0 	
2.99999796779887 	
0.999999955750158 	
2.74999835632591 	
0 	
0 	
