0.999999703628503 	
0 	
0 	
4.24999553995524 	
0.999998364929024 	
5.74998747066918 	
0 	
3.49999701080513 	
3.49999701080513 	
3.49999673886277 	
0 	
0 	
0.999999358698125 	
0 	
0 	
1.99999900162489 	
4.24999295165061 	
0 	
0 	
2.7499980742022 	
0.999998364929024 	
0 	
0.999998905533304 	
4.24999295165061 	
2.74999593147993 	
4.99998985318906 	
0 	
3.49999450509957 	
1.99999871739625 	
0 	
0 	
0 	
2.74999691999286 	
3.49999450509957 	
1.99999770620295 	
3.49999673886277 	
0 	
0.999998609333551 	
0.999999358698125 	
2.7499980742022 	
0.999998259031573 	
1.99999830006787 	
1.99999900162489 	
4.24999553995524 	
2.7499980742022 	
4.99999346525128 	
4.49999632623262 	
2.74999783985878 	
0 	
0 	
2.99999796779887 	
3.49999544143859 	
0.999999481250932 	
0 	
0.999998905533304 	
0.999999834909781 	
0 	
0 	
0 	
3.87499634637593 	
2.74999835632591 	
2.37499885862291 	
0 	
0 	
0 	
0 	
0 	
0 	
4.99998751160363 	
0 	
0 	
0.999998364929024 	
4.99999346525128 	
4.49999591488155 	
4.24999553995524 	
0.999999151454652 	
2.74999643926818 	
0 	
1.99999830006787 	
0 	
1.49999819346348 	
4.24999295165061 	
0 	
5.2499954594031 	
3.49999673886277 	
5.74998773290772 	
0 	
0 	
5.74999439790084 	
0 	
2.74999835632591 	
3.74999636228998 	
3.49999475570568 	
0 	
4.99999199750475 	
0 	
1.99999714700751 	
0.999999481250932 	
0 	
1.99999878934161 	
0.999999481250932 	
