2.49999907915258 	
4.4999947297284 	
5.99999213691264 	
2.99999685913736 	
5.74998978209066 	
1.74999841678421 	
0 	
0.999998750375256 	
0.999998609333551 	
7.4999881438922 	
4.99998960940571 	
4.24999553995524 	
0 	
7.4999881438922 	
1.74999802114021 	
5.99999344699794 	
3.08332958546221 	
5.74999028590321 	
5.74998657258324 	
6.24999274673323 	
0.999998609333551 	
0 	
5.24999512612921 	
5.74998452978485 	
7.74998937222547 	
0 	
4.99998985318906 	
0.999998905533304 	
4.24999093017875 	
0.999998364929024 	
7.58331748882188 	
5.2499954594031 	
4.24999295165061 	
5.99999063949282 	
4.24999266271306 	
4.99998960940571 	
4.2499897976568 	
5.49999003999201 	
5.24999327702189 	
5.99998862922256 	
4.4999947297284 	
4.4999941185905 	
5.24999274779061 	
1.99999900162489 	
6.99999244184417 	
0 	
4.99998960940571 	
0 	
4.49999510902199 	
5.24999184506404 	
5.99999045036988 	
3.74999509907438 	
2.99999725384085 	
3.74999509907438 	
6.74999251731237 	
0 	
0 	
5.24999383292549 	
5.74998747066918 	
4.99999199750475 	
0.999998905533304 	
0 	
4.99998985318906 	
1.49999707979064 	
4.24999190582991 	
2.74999643926818 	
0 	
4.24999034984089 	
4.2499897976568 	
5.99999093657128 	
3.49999673886277 	
5.74998657258324 	
3.49999475570568 	
0 	
4.99998690091374 	
0.999998750375256 	
4.24999266271306 	
4.99998985318906 	
3.49999300740342 	
5.24999139673259 	
6.49998735995865 	
0 	
4.24999266271306 	
5.24999327702188 	
5.2499954594031 	
5.24999213053452 	
1.87499698786783 	
2.74999540091891 	
5.49998860283575 	
6.77082240549018 	
0 	
0 	
0 	
4.99999199750475 	
0 	
4.99998751160363 	
0 	
0.999998750375256 	
0.999998750375256 	
5.99999213691264 	
0.999998750375256 	
3.49999678514168 	
4.99998985318906 	
4.99998751160363 	
0.999998364929024 	
4.49999240962469 	
4.99998960940571 	
0 	
0 	
0 	
5.99999264802465 	
5.74999056990327 	
5.99999366962656 	
0 	
4.99999072715983 	
4.24999266271306 	
0 	
0 	
5.24999042655316 	
3.49999612883582 	
0 	
4.24999482669111 	
4.99998631867391 	
2.49999760690388 	
0 	
3.74999349467163 	
5.74998657258324 	
4.99998751160363 	
3.49999450509957 	
0 	
0 	
2.74999582990421 	
4.99998690091374 	
4.49999510902199 	
3.74999349467163 	
7.12498279181295 	
6.49998923144741 	
6.24999122863822 	
5.24999423393973 	
6.74998746443501 	
0 	
5.24999383292549 	
4.99998751160363 	
0.999998750375256 	
0 	
0 	
2.74999468647101 	
0 	
4.99998985318906 	
4.99999199750475 	
0 	
