4.99999561289776 	
5.99999181076957 	
0 	
4.99999414726255 	
0 	
4.99999414726255 	
1.49999945202234 	
0 	
4.49999669470847 	
4.99999414726255 	
4.99999414726255 	
0 	
4.99999414726255 	
0 	
0 	
4.99999414726255 	
0 	
3.49999716603056 	
5.99999181076957 	
0 	
0 	
4.49999669470847 	
0 	
4.99999414726255 	
4.49999669470847 	
3.49999716603056 	
0 	
0 	
0 	
0 	
0 	
0 	
0 	
0 	
0.999999955750158 	
4.99999414726255 	
4.99999375145401 	
4.49999669470847 	
0 	
0 	
4.99999414726255 	
0 	
0 	
0 	
0 	
0 	
0 	
0.999999955750158 	
0 	
0 	
1.49999980424771 	
0 	
4.99999414726255 	
0 	
0 	
4.99999414726255 	
0 	
4.99999414726255 	
0.999999674307175 	
0 	
3.49999765212327 	
4.99999375145401 	
3.49999765212327 	
3.49999716603056 	
0 	
0 	
0 	
4.99999561289776 	
4.99999375145401 	
0.999999955750158 	
0.999999674307175 	
0 	
0 	
3.49999765212327 	
4.99999414726255 	
0 	
4.99999414726255 	
0 	
0 	
3.49999765212327 	
0 	
3.49999716603056 	
4.99999414726255 	
1.49999980424771 	
3.49999765212327 	
1.49999980424771 	
4.99999414726255 	
0 	
0 	
1.49999980424771 	
1.99999970759252 	
3.49999765212327 	
0 	
0 	
0.999999955750158 	
0 	
4.99999414726255 	
5.99999181076957 	
0.999999955750158 	
3.49999765212327 	
