0 	
0.999999955750158 	
0 	
0.999999955750158 	
4.99999414726255 	
0 	
1.49999980424771 	
4.99999414726255 	
0 	
0 	
0.999999955750158 	
1.49999980424771 	
0 	
0 	
4.99999414726255 	
0 	
1.49999980424771 	
0 	
1.99999970759252 	
0.999999955750158 	
0 	
4.99999375145401 	
0 	
3.49999716603056 	
0 	
0 	
0 	
3.49999765212327 	
0.999999955750158 	
1.49999980424771 	
4.99999414726255 	
4.99999414726255 	
4.99999375145401 	
1.49999980424771 	
0 	
4.99999414726255 	
1.49999980424771 	
0 	
1.49999945202234 	
5.99999181076957 	
0 	
0 	
0 	
1.49999945202234 	
4.99999414726255 	
4.99999414726255 	
3.49999765212327 	
0 	
0 	
3.49999765212327 	
0 	
0 	
5.99999181076957 	
4.99999414726255 	
3.49999765212327 	
0 	
4.99999414726255 	
0.999999955750158 	
4.99999414726255 	
3.49999716603056 	
0 	
0 	
0 	
0 	
0 	
4.99999414726255 	
0 	
0 	
0 	
0 	
4.99999375145401 	
4.99999375145401 	
4.99999561289776 	
0 	
0 	
1.49999980424771 	
0 	
1.49999980424771 	
0.999999955750158 	
4.99999414726255 	
1.49999980424771 	
1.49999980424771 	
0 	
0 	
0 	
3.49999765212327 	
1.49999980424771 	
1.49999945202234 	
0 	
3.49999765212327 	
6.49999147100831 	
4.99999414726255 	
0 	
4.99999414726255 	
2.99999911337028 	
0 	
0 	
4.49999669470847 	
0 	
3.49999716603056 	
0.999999955750158 	
