1.66666634056042 	
0 	
2.33333217190183 	
0 	
0.999999955750158 	
0 	
1.99999885957908 	
0 	
2.33333217190183 	
1.66666634056042 	
0 	
3.16666443121548 	
0 	
0 	
0.999999955750158 	
0.999999955750158 	
0.999999955750158 	
1.99999970759252 	
0 	
4.99999375145401 	
0.999999955750158 	
0 	
4.99999414726255 	
0 	
0.999999955750158 	
0 	
0 	
0.999999674307175 	
0 	
0 	
1.49999945202234 	
0 	
0 	
0 	
4.99999375145401 	
1.49999980424771 	
0 	
1.49999980424771 	
0 	
0 	
3.49999765212327 	
2.99999911337028 	
3.49999716603056 	
0 	
4.99999414726255 	
0 	
0 	
0 	
0 	
0 	
0 	
0.999999955750158 	
0 	
3.49999765212327 	
0.999999674307175 	
1.49999980424771 	
1.49999980424771 	
4.99999414726255 	
0 	
0 	
4.99999414726255 	
0 	
1.49999980424771 	
0 	
0 	
4.99999414726255 	
0 	
4.49999669470847 	
0 	
0.999999674307175 	
4.99999414726255 	
0 	
0 	
4.99999414726255 	
0 	
3.49999765212327 	
0.999999955750158 	
0 	
0 	
0 	
0 	
0 	
0 	
0.999999955750158 	
3.49999765212327 	
0 	
0 	
0 	
1.99999970759252 	
0 	
3.49999765212327 	
4.99999414726255 	
0 	
1.49999980424771 	
0 	
0 	
0 	
3.49999765212327 	
4.99999414726255 	
0 	
0 	
0 	
0 	
0 	
0 	
0.999999955750158 	
0.999999955750158 	
0.999999955750158 	
0 	
0 	
0 	
0 	
3.49999716603056 	
