1.66666634056042 	
3.16666443121548 	
1.66666624632712 	
0 	
1.49999980424771 	
0 	
0.999999901248782 	
0.999999481250932 	
3.16666443121548 	
0.999999821773781 	
0 	
4.99999375145401 	
3.49999716603056 	
0 	
3.49999765212327 	
0.999999955750158 	
0 	
3.49999716603056 	
0.999999955750158 	
1.99999937108649 	
4.99999375145401 	
0 	
4.99999414726255 	
0 	
4.99999414726255 	
0 	
3.49999765212327 	
0.999999955750158 	
1.49999980424771 	
0 	
0 	
3.49999765212327 	
0 	
0 	
0 	
4.99999414726255 	
0.999999955750158 	
0 	
1.99999970759252 	
0 	
0.999999955750158 	
0 	
0 	
4.99999375145401 	
4.99999414726255 	
4.99999414726255 	
1.49999980424771 	
0 	
5.99999181076957 	
1.99999970759252 	
0.999999674307175 	
4.99999414726255 	
0.999999955750158 	
3.49999765212327 	
6.49999147100831 	
0 	
0.999999955750158 	
0 	
4.99999414726255 	
3.49999765212327 	
4.99999375145401 	
0 	
4.99999375145401 	
0 	
1.49999980424771 	
0 	
4.99999414726255 	
0 	
3.49999765212327 	
5.99999181076957 	
0 	
4.99999414726255 	
0 	
4.99999375145401 	
0 	
0.999999955750158 	
0 	
3.49999765212327 	
0 	
0 	
4.99999414726255 	
0 	
4.99999375145401 	
0 	
0 	
4.99999414726255 	
1.49999980424771 	
3.49999716603056 	
1.49999980424771 	
0 	
0 	
0 	
0 	
0 	
0 	
4.99999414726255 	
3.49999765212327 	
0 	
0.999999955750158 	
4.99999375145401 	
0 	
0 	
0 	
0 	
3.49999765212327 	
0 	
4.99999375145401 	
4.99999414726255 	
0 	
0 	
4.99999375145401 	
