0 	
0 	
0.999999834909781 	
1.99999944585635 	
0 	
0.999999632186113 	
0 	
1.99999934861435 	
1.99999925212376 	
0.999999955750158 	
0 	
0.999999674307175 	
0.999999834909781 	
0 	
0.999999674307175 	
0 	
0.999999834909781 	
0 	
0 	
1.99999966981956 	
0.99999962606188 	
1.99999966981956 	
1.99999934861435 	
0.999999834909781 	
0 	
0 	
0 	
1.99999966981956 	
0.99999962606188 	
0.999999834909781 	
0 	
0.999999834909781 	
0.999999685543246 	
0.999999955750158 	
0.999999834909781 	
0 	
1.99999944585635 	
0 	
1.99999926437223 	
0 	
1.99999944585635 	
0.999999834909781 	
0 	
0 	
0.999999834909781 	
0 	
1.99999925212376 	
1.99999966981956 	
0 	
0 	
0.999999955750158 	
0.999999674307175 	
0 	
0.999999955750158 	
0 	
1.99999944585635 	
0.999999834909781 	
1.99999934861435 	
0 	
1.99999934861435 	
0.999999955750158 	
0 	
0 	
0.999999955750158 	
0.999999674307175 	
0 	
0 	
0.999999955750158 	
0.99999985379626 	
0 	
0 	
1.99999928958687 	
0 	
0.999999955750158 	
0.999999674307175 	
0 	
0 	
0 	
0.999999955750158 	
0.999999834909781 	
0 	
0 	
0 	
0 	
0 	
1.99999934861435 	
1.99999926437223 	
0.999999834909781 	
0.999999834909781 	
2.99999895380229 	
0 	
0 	
0 	
0 	
1.99999926437223 	
0 	
0 	
1.99999896250186 	
0.999999834909781 	
1.99999937108649 	
