0 	
0.999999834909781 	
0 	
1.99999928958687 	
0 	
0 	
0 	
0 	
0 	
0 	
0.999999552828006 	
0 	
0 	
0.999999955750158 	
0 	
0 	
0 	
0 	
0.999999834909781 	
0 	
0 	
0 	
0 	
0 	
0 	
1.99999928958687 	
0.999999834909781 	
0 	
0 	
0.999999955750158 	
0 	
0.999999955750158 	
0 	
1.99999928958687 	
0 	
0 	
0 	
0 	
0 	
1.99999970759252 	
0 	
0.999999955750158 	
0.99999985379626 	
2.99999911337028 	
0 	
0 	
0 	
0 	
0 	
0 	
0 	
0 	
0.999999674307175 	
0 	
0.999999674307175 	
0 	
0 	
0.999999685543246 	
0 	
0 	
0 	
0 	
0 	
0 	
0.999999955750158 	
0 	
0 	
0 	
0.999999834909781 	
0 	
0 	
0 	
0 	
0.999999955750158 	
0 	
0 	
0.999999834909781 	
0 	
0 	
0 	
0 	
0 	
0 	
0.999999955750158 	
0.999999955750158 	
0.999999834909781 	
0 	
1.99999937108649 	
0.99999962606188 	
0 	
0 	
0 	
0.999999834909781 	
0.999999955750158 	
0 	
0 	
0 	
0 	
0 	
0 	
1.99999926437223 	
