0 	
0 	
0 	
0 	
0 	
0 	
0 	
0 	
0.999999955750158 	
0 	
0.999999674307175 	
0 	
0.999999685543246 	
0 	
0.999999834909781 	
0 	
0.999999674307175 	
1.99999928958687 	
0.999999632186113 	
0 	
1.99999934861435 	
0 	
1.99999944585635 	
0 	
0 	
0 	
0 	
0 	
0.999999834909781 	
0.999999674307175 	
0 	
0 	
0 	
0 	
0 	
0.999999552828005 	
0 	
0.999999955750158 	
0 	
0.999999632186113 	
0 	
0 	
0.99999962606188 	
0.99999985379626 	
2.9999989755954 	
0 	
0 	
0.999999834909781 	
0 	
0 	
0.999999834909781 	
0.999999834909781 	
0 	
2.99999895380229 	
0 	
0 	
0 	
1.99999928958686 	
0.999999834909781 	
0 	
0.999999955750158 	
0 	
0 	
1.99999928958686 	
0 	
0 	
0 	
0 	
0 	
0.999999834909781 	
0 	
0.999999955750158 	
0 	
0 	
0 	
0 	
0.999999685543246 	
0 	
0 	
0 	
1.99999944585635 	
0 	
0 	
0 	
1.99999970759252 	
0 	
0 	
0 	
0.999999674307175 	
0 	
0 	
0.999999674307175 	
0 	
0.999999358698125 	
1.99999890401956 	
0.999999632186113 	
1.99999944585635 	
0 	
0.999999834909781 	
0 	
