0 	
0 	
0 	
0 	
0.99999962606188 	
0 	
0 	
0.999999834909781 	
1.99999970759252 	
0 	
0 	
0.999999834909781 	
0 	
0.999999674307175 	
1.99999966981956 	
0.999999834909781 	
0 	
0.999999685543246 	
0 	
0.999999358698125 	
0.999999685543246 	
0 	
0 	
0 	
0.999999955750158 	
0 	
0 	
0 	
0.999999834909781 	
0 	
0.999999834909781 	
0 	
0.99999985379626 	
0 	
1.99999926437223 	
0.999999955750158 	
0 	
0.99999962606188 	
1.99999937108649 	
0 	
1.99999926437223 	
0 	
1.99999890401956 	
0 	
0 	
0 	
0 	
0.999999685543246 	
0 	
0 	
0.999999834909781 	
0 	
1.99999966981956 	
0.999999955750158 	
0 	
1.99999934861435 	
0 	
0.999999674307175 	
1.99999926437223 	
0.999999834909781 	
0.999999685543246 	
0 	
0.999999834909781 	
0 	
0 	
0.999999674307175 	
0.999999674307175 	
0.999999685543246 	
0.999999955750158 	
0.999999955750158 	
0.999999632186113 	
0 	
0 	
0.999999674307175 	
0.99999985379626 	
0.999999685543246 	
0 	
0 	
0 	
0.999999834909781 	
0 	
0 	
0 	
0 	
0 	
0 	
0.999999955750158 	
0 	
0.999999674307175 	
0 	
0 	
0.999999632186113 	
0 	
0 	
0 	
0.99999985379626 	
0 	
0.999999674307175 	
0.999999481250932 	
0 	
0.99999985379626 	
