0.999999834909781 	
0.999999674307175 	
0.999999358698125 	
1.99999926437223 	
2.99999833166541 	
1.99999966981956 	
0.999999834909781 	
0.999999955750158 	
0.999999358698125 	
0.999999955750158 	
0.999999955750158 	
0 	
0.999999685543246 	
0.99999985379626 	
0.999999674307175 	
0.999999955750158 	
0.999999632186113 	
1.99999926437223 	
0.999999955750158 	
0 	
0.999999552828006 	
0.999999632186113 	
1.99999944585635 	
0.999999481250932 	
0.999999481250932 	
0.999999834909781 	
0.999999834909781 	
3.99999799924455 	
0 	
1.99999934861435 	
0.999999674307175 	
1.99999928958687 	
0.999999481250932 	
0.999999674307175 	
0 	
0 	
0.999999955750158 	
0.999999834909781 	
0 	
0 	
0 	
0 	
0.999999834909781 	
0 	
0.999999674307175 	
0 	
2.99999846823145 	
0.999999834909781 	
1.99999928958687 	
0.999999955750158 	
0.999999834909781 	
1.99999937108649 	
0 	
0 	
0 	
0.999999834909781 	
0 	
0.999999632186113 	
0 	
0.99999985379626 	
1.99999928958687 	
0 	
0.999999632186113 	
0 	
2.99999895380229 	
0 	
1.99999944585635 	
0.999999674307175 	
0 	
1.99999928958687 	
0.999999358698125 	
0.999999674307175 	
1.99999934861435 	
2.99999895380229 	
0.999999834909781 	
0.999999834909781 	
1.99999934861435 	
0.999999834909781 	
0 	
0 	
1.99999934861435 	
0 	
1.99999890401956 	
2.99999895380229 	
0 	
1.99999890401956 	
1.99999966981956 	
0 	
0.999999955750158 	
1.99999928958687 	
0.999999674307175 	
1.99999966981956 	
0 	
0.999999685543246 	
0 	
1.99999944585635 	
0.999999955750158 	
0.999999674307175 	
1.99999937108649 	
0 	
