0.999999632186113 	
0 	
0 	
0.999999674307175 	
0 	
0 	
0 	
0 	
0.999999834909781 	
0 	
0 	
0 	
0 	
0 	
0 	
0 	
0 	
0 	
0.99999985379626 	
0 	
0 	
0.999999834909781 	
0 	
1.99999970759252 	
0.99999985379626 	
0 	
0.999999834909781 	
0 	
0 	
0 	
0 	
0 	
0 	
0.999999674307175 	
0.999999955750158 	
0.999999834909781 	
0 	
0 	
0 	
0 	
0 	
0 	
0.999999834909781 	
0 	
0 	
0 	
0.99999985379626 	
0 	
0 	
0 	
0.99999985379626 	
0 	
0.999999674307175 	
0 	
0 	
0 	
0 	
0 	
0.999999685543246 	
0 	
0.999999834909781 	
0 	
0 	
0 	
0 	
0 	
0 	
0 	
0 	
0.999999685543246 	
0 	
0 	
0 	
0 	
0 	
0 	
0.999999834909781 	
0.999999834909781 	
0 	
0.999999834909781 	
0 	
0 	
1.99999970759252 	
0 	
0 	
0 	
0 	
0.999999955750158 	
0 	
0.999999955750158 	
0 	
0.999999685543246 	
0 	
0 	
0 	
0.999999685543246 	
0.99999985379626 	
0 	
0 	
0.999999834909781 	
0 	
