0 	
0 	
0.999999674307175 	
0.99999962606188 	
1.99999944585635 	
0 	
0 	
1.99999934861435 	
1.99999934861435 	
1.99999928958686 	
0.99999985379626 	
1.99999970759252 	
0.999999674307175 	
1.99999928958687 	
0.999999481250932 	
1.99999925212376 	
0 	
0.999999632186113 	
0 	
0 	
0.999999834909781 	
0.999999834909781 	
0 	
0.99999962606188 	
0.999999834909781 	
0.999999955750158 	
1.99999928958687 	
0.999999685543246 	
0.99999962606188 	
1.99999937108649 	
0.999999632186113 	
0 	
0.999999834909781 	
0.99999985379626 	
0.999999834909781 	
0 	
0.999999632186113 	
0.999999685543246 	
0 	
2.99999911337028 	
0 	
1.99999934861435 	
0.999999552828005 	
0 	
0 	
0 	
0.99999962606188 	
0.999999834909781 	
0 	
1.99999896250186 	
0 	
0.999999632186113 	
0.999999834909781 	
0.999999685543246 	
0.999999632186113 	
0 	
1.99999970759252 	
0 	
0.99999962606188 	
0.999999674307175 	
0 	
0 	
1.99999928958687 	
0 	
0.999999834909781 	
0 	
0.999999552828005 	
0.999999674307175 	
0.999999632186113 	
0.999999955750158 	
0 	
0.999999481250932 	
1.99999928958687 	
2.99999902292153 	
0 	
0 	
1.99999926437223 	
0.999999955750158 	
2.9999984437528 	
0.999999834909781 	
0 	
0.999999834909781 	
0.999999834909781 	
0.99999985379626 	
1.99999966981956 	
0.999999685543246 	
0.999999834909781 	
2.99999911337028 	
0.999999410540692 	
0.999999674307175 	
1.99999966981956 	
0 	
0.999999955750158 	
0.99999962606188 	
0.999999955750158 	
0 	
0.999999685543246 	
1.99999934861435 	
0 	
0.999999834909781 	
