0.999999674307175 	
1.99999826243543 	
2.99999895380229 	
1.9999974578208 	
1.99999937108649 	
2.99999701942969 	
1.9999983029093 	
5.24999520155268 	
5.49999402773778 	
1.49999841154174 	
5.49998995049554 	
2.99999602074026 	
2.99999546359698 	
2.99999682308349 	
1.99999826243543 	
2.99999472184351 	
2.99999895380229 	
0.999998728910401 	
5.49999568073763 	
2.99999621006095 	
3.49999453887762 	
3.74999435746699 	
3.49999862848395 	
2.99999598530857 	
1.99999670479698 	
0.999999632186113 	
0.999998566257159 	
2.99999621006095 	
4.99999443033138 	
3.99999432895587 	
1.99999653815431 	
2.99999592855686 	
1.99999925212376 	
1.99999896522701 	
0 	
2.99999911337028 	
2.99999739365314 	
3.99999446458572 	
1.99999970759252 	
2.99999792922475 	
0 	
3.49999582571537 	
3.99999047258077 	
0 	
1.9999971922823 	
1.49999773357268 	
0.999999358698125 	
3.49999324704617 	
0.999998481277344 	
0 	
