0 	
0 	
0 	
0 	
0 	
0.999999461604821 	
0 	
0 	
0 	
0 	
0 	
0 	
0 	
0 	
0 	
0 	
0 	
2.99999782611612 	
0 	
0 	
0 	
0 	
0.999999461604821 	
0 	
0.999999461604821 	
0 	
0 	
0 	
0 	
0 	
0 	
0 	
0 	
0 	
0 	
0 	
0.999999461604821 	
0 	
0 	
0.999999365582363 	
0 	
0 	
0 	
0 	
0 	
0 	
1.99999892320964 	
0 	
0 	
0 	
0 	
0 	
0 	
0 	
0.999999461604821 	
0 	
2.99999782611612 	
0 	
0 	
0 	
0 	
0 	
1.99999892320964 	
0 	
0.999998941167552 	
0 	
0 	
0 	
0 	
0 	
0 	
0.999999461604821 	
0 	
1.99999970759252 	
0 	
0 	
0 	
0 	
0 	
0 	
0.999999365582363 	
0 	
0 	
0 	
0.999999955750158 	
0 	
0 	
0 	
0 	
0 	
0 	
0 	
0 	
0 	
0 	
0 	
0 	
1.99999937108649 	
0.999998941167552 	
0 	
0 	
0.999999955750158 	
0 	
0 	
1.99999892320964 	
0 	
