0.999999955750158 	
0.999999948466456 	
0 	
1.49999930449515 	
0 	
0 	
0 	
0 	
0.999998728910401 	
0.999999955750158 	
0 	
0 	
0 	
0 	
0.999999291141904 	
0 	
0 	
1.4999988019434 	
1.49999930449515 	
0 	
0.999999461604821 	
1.99999970759252 	
0 	
0 	
1.99999970759252 	
0 	
0 	
0 	
0 	
0 	
0 	
0 	
0.999999834909781 	
0 	
0 	
0 	
0.999999955750158 	
0 	
0 	
0 	
0.999999365582363 	
0.999999461604821 	
0 	
0 	
0 	
0 	
0.999999461604821 	
0.999999461604821 	
0 	
0.999999955750158 	
0 	
1.99999892320964 	
0 	
0 	
0 	
0 	
0 	
0 	
0 	
0 	
0 	
0.999999461604821 	
0 	
0 	
0.999999291141904 	
0 	
0 	
0.999999461604821 	
0 	
0 	
0 	
0 	
1.99999970759252 	
1.9999981710566 	
1.49999980424771 	
1.99999873116473 	
0 	
0 	
0 	
0 	
0 	
0.999999365582363 	
0 	
0 	
0 	
0 	
1.99999970759252 	
0.999999291141904 	
0 	
0 	
0 	
0 	
0 	
0 	
0 	
0 	
1.99999892320964 	
0 	
0 	
0 	
0.999999955750158 	
1.49999930449515 	
0 	
0 	
0 	
0.999999131217715 	
