2.99999823364652 	
2.49999931067901 	
0 	
0.999999955750158 	
1.99999873116473 	
0 	
1.49999827720979 	
1.99999937108649 	
0 	
0 	
0 	
0 	
0 	
0.999999365582363 	
0.999999461604821 	
1.99999858228381 	
2.99999861963928 	
1.99999937108649 	
1.49999945202234 	
2.4999973195984 	
0 	
0.999999131217715 	
1.99999900162489 	
2.99999782611612 	
0 	
0 	
0 	
0 	
2.99999857435547 	
0.999999075432228 	
0 	
0.999999291141904 	
0.999999955750158 	
0 	
0 	
1.99999892320964 	
0 	
0 	
0.999998736686983 	
1.49999980424771 	
1.99999937108649 	
0 	
0.999998728910401 	
0.99999898587223 	
0.999998941167552 	
1.49999955366899 	
0 	
1.99999970759252 	
0 	
2.99999701942969 	
0 	
0 	
0.999999151454652 	
0 	
2.99999823364652 	
2.74999787949066 	
0 	
0.999999674307175 	
0 	
1.4999991831514 	
0.999999291141904 	
0 	
1.99999970759252 	
2.74999868959105 	
0 	
0 	
0 	
0 	
3.87499690136819 	
0 	
0.999999461604821 	
0.999999365582363 	
0 	
1.49999980424771 	
0 	
0 	
1.99999970759252 	
0 	
0 	
0.999999674307175 	
4.49999671098264 	
0 	
0 	
0 	
0 	
0 	
3.74999746764534 	
1.99999892320964 	
0 	
0 	
3.99999784641928 	
2.49999841878483 	
0 	
0 	
1.49999930449515 	
0.999999358698125 	
0 	
0 	
0.999999834909781 	
0.999999131217715 	
0.999999834909781 	
0 	
