4.49999327258132 	
0 	
2.99999911337028 	
0 	
5.99999227750177 	
1.99999926941578 	
0 	
5.99999456715112 	
4.49999510984806 	
3.99999641662798 	
2.49999687921995 	
0.999998854741762 	
5.49999266920244 	
4.99999645570952 	
3.74999746764534 	
4.49999298170763 	
2.74999755585484 	
5.49999429791237 	
3.99999576467021 	
2.99999857435547 	
3.99999457140914 	
4.9999948638532 	
5.99998948897056 	
6.87499043245988 	
1.99999815449391 	
1.99999651779393 	
5.49999498361889 	
0 	
0 	
3.74999414930926 	
2.99999809674709 	
6.24999437157263 	
6.74999141169194 	
3.99999646778056 	
3.99999569131138 	
3.49999703637007 	
3.99999716456762 	
4.99999572534338 	
2.99999593083885 	
2.99999688220231 	
2.74999627306083 	
3.4999972009573 	
0.999998384622018 	
2.49999481536664 	
3.99999352991615 	
4.4999948233554 	
4.99999175160575 	
7.74998851237739 	
1.99999878934161 	
1.99999868639668 	
