2.99999584334708 	
3.99999655503156 	
2.49999683616846 	
2.99999484139548 	
2.49999713492472 	
0 	
0 	
3.49999679074338 	
2.99999809674709 	
0 	
2.49999824652952 	
3.49999779205815 	
0.999999481250932 	
4.24999696313438 	
0 	
0.999998941167552 	
1.49999911682326 	
2.7499974012556 	
0 	
0.999999834909781 	
1.99999925212376 	
2.99999723373459 	
5.49999431463004 	
0.999999674307175 	
0.999998481277344 	
1.4999988019434 	
0 	
1.99999896522701 	
0 	
1.99999826243543 	
5.62499553109172 	
1.49999827720979 	
0.999999674307175 	
0 	
5.74999386832481 	
0 	
0 	
1.99999890935283 	
0 	
0 	
0 	
0.999999955750158 	
2.99999895380229 	
0 	
0 	
0.999999674307175 	
3.99999329405409 	
0.999999834909781 	
1.99999937108649 	
0 	
1.99999864104431 	
0 	
1.99999970759252 	
2.99999763182403 	
0 	
1.9999983690794 	
1.99999873116473 	
0.999999291141904 	
0 	
0 	
1.99999926941578 	
1.99999896522701 	
0 	
0 	
1.99999670479698 	
2.99999823364652 	
0 	
0 	
0 	
2.99999723373459 	
1.49999945202234 	
1.99999970759252 	
0 	
0 	
1.99999728570457 	
1.99999627967814 	
0 	
2.99999576908342 	
0 	
0.999998728910401 	
0.999999291141904 	
0.999998728910401 	
0.999999461604821 	
0.999999481250932 	
1.99999750075051 	
2.99999689529516 	
0 	
1.99999813835561 	
0 	
2.49999720511788 	
2.99999782611612 	
0 	
2.49999824652952 	
0.999999834909781 	
2.49999683616846 	
3.4999958518959 	
1.49999789810244 	
2.99999689529516 	
4.74999222570252 	
3.49999774389329 	
0 	
