0 	
3.49999682573215 	
2.99999846823145 	
4.87499562307107 	
3.49999621515483 	
5.49999573240728 	
2.99999773906073 	
2.99999593083885 	
6.24999087037416 	
0 	
3.99999788035754 	
1.49999980424771 	
3.99999624113471 	
2.99999534616338 	
2.49999811683675 	
5.49998990114695 	
4.74999273692732 	
2.9999976038868 	
3.99999356466547 	
3.49999605331564 	
3.87499547270494 	
3.49999710779926 	
6.87498776981003 	
3.99999582996631 	
3.99999632949128 	
0.999998642852286 	
5.74999539226011 	
3.99999376588692 	
1.99999925212376 	
2.49999612514333 	
6.74999034684606 	
3.74999414930926 	
0.999998642852286 	
3.49999862848395 	
5.87498928693298 	
0.999999834909781 	
5.74999130123292 	
1.99999815449391 	
6.49999075146145 	
2.99999404800768 	
0 	
3.99999702371486 	
1.99999615165543 	
1.99999925212376 	
2.99999763182403 	
0.999998326801374 	
2.99999581964872 	
6.99999131162238 	
2.99999763182403 	
0 	
