1.99999925212376 	
2.74999656562533 	
2.49999824652952 	
1.99999970759252 	
4.49999495829618 	
5.74999382734499 	
5.49999003174749 	
6.87499182968499 	
1.99999900162489 	
4.74999492670325 	
5.99999526364806 	
0.999999632186113 	
0.999999674307175 	
6.28124129171899 	
3.49999342647453 	
6.74998927537936 	
4.99998998600047 	
4.24999056054714 	
2.99999602074026 	
2.99999472184351 	
5.49999357728661 	
5.37499580569213 	
7.74998837848589 	
2.99999546359698 	
3.49999207402931 	
5.49999125977374 	
5.62499273025005 	
2.49999720511788 	
1.99999934861435 	
5.49999424427294 	
2.99999718233017 	
4.24999551963649 	
3.99999780803911 	
5.49999357376554 	
5.4999933542614 	
5.49999533687809 	
3.49999679074338 	
0.999998609333551 	
0.999999955750158 	
0 	
5.74999423710422 	
5.99999391203643 	
6.49999342853766 	
5.49999244015385 	
3.99999652487086 	
2.49999769302358 	
3.99999641662798 	
5.99998998619895 	
8.87498493165066 	
3.99999607863953 	
3.74999746764534 	
1.99999689140866 	
4.99999504567078 	
5.74999292872822 	
0 	
6.99998949240308 	
4.74999710662942 	
5.49999058017563 	
1.99999531468974 	
1.99999948254491 	
1.99999925212376 	
1.99999515477827 	
4.49999481211785 	
2.99999546359698 	
3.49999478479916 	
0 	
6.99999333542155 	
5.49999078597924 	
1.99999712821981 	
1.99999724902155 	
3.99999277771039 	
0 	
5.74999334224374 	
8.62498768469626 	
0.999999632186113 	
4.9999953719978 	
6.24999050876615 	
5.99999333863552 	
2.99999688220231 	
3.8749914391807 	
4.49999240844353 	
4.49999262812221 	
1.49999980424771 	
3.99999427589935 	
5.99998971157279 	
1.49999811210427 	
4.74999303184954 	
2.99999638584049 	
1.99999934861435 	
3.99999655503156 	
3.49999862848395 	
1.99999467766157 	
0.999999674307175 	
6.74998992175356 	
4.49999559463523 	
4.99999465710992 	
3.74999512861059 	
6.87498655498025 	
2.99999806020818 	
4.49999593279083 	
