0.999999834909781 	
1.99999934861435 	
2.49999875736744 	
0 	
0.999999834909781 	
0 	
2.99999890404468 	
0.999999834909781 	
0.999999674307175 	
0 	
1.99999966981956 	
0 	
1.99999926437223 	
0.999999955750158 	
0.999999703628503 	
0 	
2.99999890404468 	
0.999999533150113 	
1.49999955366899 	
2.49999931067901 	
1.99999926437223 	
0.999999632186113 	
0 	
1.9999991944008 	
0.999999834909781 	
1.99999926437223 	
0 	
0.999999632186113 	
0 	
1.49999945202234 	
0 	
0.999999674307175 	
0.999999874489039 	
0.999999632186113 	
0 	
0 	
0 	
2.49999892545067 	
1.99999896250186 	
1.49999955366899 	
1.99999966981956 	
0 	
0.999999481250932 	
3.49999787004346 	
0.999999834909781 	
0.999999834909781 	
0 	
0.999999834909781 	
0.999999632186113 	
0 	
0 	
0 	
0.999999674307175 	
0.999999834909781 	
3.49999842564967 	
0.999999674307175 	
0 	
1.99999926437223 	
1.49999959300891 	
0 	
0.999999632186113 	
0 	
0 	
0 	
0.999999632186113 	
0.999999674307175 	
0.999999955750158 	
0 	
0.999999834909781 	
0 	
0.999999632186113 	
0 	
1.99999934861435 	
0 	
1.99999966981956 	
0 	
0.999999955750158 	
2.49999849379397 	
1.99999926437223 	
0 	
3.49999786266982 	
0.999999834909781 	
0.999999834909781 	
0.999999632186113 	
0 	
0 	
1.9999991944008 	
0.999999834909781 	
0 	
1.99999966981956 	
4.49999744897774 	
0.999999834909781 	
2.99999826346028 	
0.999999674307175 	
1.99999934861435 	
0 	
0 	
0.999999674307175 	
0 	
0.999999834909781 	
