0 	
0 	
3.49999774389329 	
0 	
0 	
0 	
1.99999970759252 	
0 	
0 	
0 	
0 	
0 	
0.999999358698125 	
0.999999291141904 	
1.99999873116473 	
1.99999892320964 	
0 	
0 	
0 	
0.999998941167552 	
0 	
0 	
0 	
1.99999857684425 	
0 	
0 	
0 	
0 	
0 	
1.99999815449391 	
2.99999782611612 	
0 	
0 	
0 	
0 	
3.99999655503156 	
0 	
0 	
0 	
0.999999955750158 	
0.999999151454652 	
0 	
1.99999892320964 	
0 	
0 	
0 	
2.74999688992863 	
0 	
0 	
0 	
1.99999937108649 	
3.49999862848395 	
0.999999955750158 	
0.999999674307175 	
0 	
0.999999291141904 	
0 	
0 	
0 	
0 	
0.999999461604821 	
3.49999786502945 	
1.99999892320964 	
1.49999911682326 	
0 	
0 	
0 	
0.999999291141904 	
0 	
0 	
1.49999930449515 	
0 	
0 	
1.49999824999964 	
0.999999955750158 	
0 	
0 	
0 	
0 	
1.99999892320964 	
0 	
0 	
0.999999365582363 	
0 	
0 	
0.999999461604821 	
0 	
0.999999291141904 	
0.999999461604821 	
0 	
0 	
2.99999895380229 	
0 	
0.999999461604821 	
0 	
2.99999792922475 	
0 	
1.99999925212376 	
0 	
0 	
0 	
0 	
0 	
