0.999999834909781 	
0 	
0 	
0.999999834909781 	
0 	
0 	
0.999999834909781 	
0 	
0.999999632186113 	
1.49999955366899 	
0 	
0 	
0 	
1.99999966981956 	
0.999999632186113 	
0 	
0 	
0 	
0 	
1.99999904112638 	
0.999999632186113 	
0 	
0.999999955750158 	
0 	
0 	
0 	
0.999999703628503 	
0.999999674307175 	
0 	
0 	
0 	
1.99999934861435 	
0 	
0.999999674307175 	
0.999999874489039 	
0.999999955750158 	
0 	
1.99999934861435 	
0.999999674307175 	
0 	
0.999999625291197 	
0 	
0 	
0 	
0 	
0 	
0.999999834909781 	
0 	
0 	
0 	
0.999999632186113 	
0.999999632186113 	
0.999999955750158 	
0 	
1.49999945202234 	
1.4999991831514 	
0 	
0 	
1.99999966981956 	
0.999999834909781 	
2.99999889655834 	
0.999999834909781 	
0 	
1.49999945202234 	
0 	
0 	
0 	
0 	
0.999999955750158 	
0 	
1.49999945202234 	
0.999999834909781 	
1.99999934861435 	
0 	
0.999999834909781 	
0 	
0.999999481250932 	
1.99999926437223 	
1.49999980424771 	
0 	
1.99999934861435 	
0 	
0.999999834909781 	
0.999999955750158 	
0 	
1.49999945202234 	
0 	
0 	
0.999999834909781 	
0.999999955750158 	
0.999999632186113 	
0.999999674307175 	
0 	
0 	
0 	
2.49999931067901 	
0.999999955750158 	
0 	
1.99999966981956 	
0.999999674307175 	
