1.49999955366899 	
0 	
0 	
0.999999955750158 	
2.49999931067901 	
0 	
0.999999674307175 	
0 	
0 	
0 	
0 	
0.999999955750158 	
0 	
0.999999834909781 	
1.99999926437223 	
0.999999955750158 	
0 	
0 	
0.999999674307175 	
0 	
0 	
0.999999834909781 	
0 	
0.999999834909781 	
1.49999945202234 	
0 	
0 	
2.99999889655834 	
0 	
0 	
0 	
0.999999674307175 	
0 	
0 	
0 	
0 	
2.49999931067901 	
0.999999834909781 	
0 	
1.99999966981956 	
0.999999674307175 	
0 	
0 	
2.49999931067901 	
0 	
0 	
0 	
0 	
0 	
0.999999955750158 	
0 	
0.999999674307175 	
0 	
0 	
0.999999955750158 	
0 	
1.99999966981956 	
0 	
0 	
1.99999932513795 	
0 	
0.999999674307175 	
0 	
0.999999674307175 	
0 	
0 	
0 	
0 	
0 	
0 	
0 	
0 	
0 	
0 	
0 	
2.49999892545067 	
0.999999834909781 	
0.999999674307175 	
0.999999834909781 	
1.99999934861435 	
0 	
0 	
0 	
0 	
0 	
0 	
0 	
0 	
1.49999955366899 	
1.49999955366899 	
0 	
0.999999674307175 	
0 	
0.999999834909781 	
0.999999703628503 	
0 	
0 	
0.999999834909781 	
0.999999674307175 	
0 	
0 	
0 	
0 	
0.999999955750158 	
1.99999896250186 	
0 	
0.999999632186113 	
0.999999955750158 	
0 	
0 	
0.999999834909781 	
0 	
0 	
0 	
0 	
0 	
0 	
0 	
0 	
0.999999834909781 	
0 	
0 	
1.49999980424771 	
0.999999674307175 	
0 	
0 	
1.99999934861435 	
0 	
0 	
0 	
0.999999703628503 	
0 	
0.999999834909781 	
0.999999955750158 	
0 	
0.999999703628503 	
0.999999955750158 	
0.999999834909781 	
0.999999834909781 	
0 	
0.999999955750158 	
0 	
0.999999674307175 	
1.99999926437223 	
1.49999980424771 	
0 	
1.99999934861435 	
0.999999955750158 	
0 	
0 	
1.99999966981956 	
0 	
0.999999834909781 	
1.99999966981956 	
0 	
0 	
0 	
0 	
1.99999934861435 	
0 	
0 	
1.99999934861435 	
0 	
0.999999834909781 	
1.99999966981956 	
0 	
0 	
0.999999674307175 	
0 	
0 	
0 	
0.999999674307175 	
0.999999955750158 	
0.999999834909781 	
1.49999945202234 	
0.999999955750158 	
0 	
0.999999834909781 	
1.49999955366899 	
0 	
1.99999966981956 	
0.999999955750158 	
0 	
0 	
0.999999955750158 	
0.999999674307175 	
0 	
0 	
0 	
0 	
0.999999955750158 	
0.999999632186113 	
0.999999834909781 	
0 	
0.999999674307175 	
1.99999966981956 	
1.99999926437223 	
0.999999632186113 	
0 	
0 	
0 	
