0.999999674307175 	
2.49999892545067 	
1.99999966981956 	
0.999999955750158 	
0.999999674307175 	
0 	
0.999999834909781 	
0.999999632186113 	
0 	
2.49999892545067 	
0 	
0 	
0 	
0 	
0 	
0.999999632186113 	
0.999999632186113 	
0.999999834909781 	
3.49999842564967 	
1.49999955366899 	
0 	
0 	
0.999999955750158 	
0 	
0 	
0 	
0.999999834909781 	
1.49999945202234 	
3.49999855763678 	
0 	
0.999999834909781 	
0 	
0.999999481250932 	
0.999999674307175 	
0 	
0 	
1.99999934861435 	
2.49999931067901 	
0 	
0.999999955750158 	
0.999999834909781 	
1.99999926437223 	
0.999999955750158 	
0 	
0.999999834909781 	
0 	
0 	
0 	
0.999999834909781 	
2.49999880487935 	
0 	
0 	
0 	
0 	
0 	
0 	
0 	
0 	
0.999999703628503 	
0 	
0 	
0.999999632186113 	
0 	
1.99999896250186 	
0.999999481250932 	
1.99999934861435 	
0 	
1.99999966981956 	
0.999999834909781 	
0 	
0 	
0.999999481250932 	
0.999999834909781 	
0.999999834909781 	
0 	
0.999999674307175 	
0 	
0 	
0 	
0 	
0 	
0 	
0 	
0.999999674307175 	
0.999999834909781 	
0 	
1.49999955366899 	
0.999999625291197 	
0 	
0.999999703628503 	
0.999999674307175 	
1.4999991831514 	
1.99999896250186 	
1.49999955366899 	
1.99999926437223 	
0 	
0 	
0.999999674307175 	
0.999999834909781 	
1.49999955366899 	
