5.99998953003245 	
4.49999711574232 	
1.49999930449515 	
4.49999749749811 	
0 	
2.99999723373459 	
0.999999834909781 	
3.499997366295 	
2.49999841878483 	
1.4999973582844 	
0 	
0 	
4.74999588218182 	
0.999997767409884 	
3.49999502050838 	
0 	
0.999999131217715 	
0 	
3.49999571590328 	
5.99999262121855 	
0.999999461604821 	
1.99999937108649 	
2.99999735542731 	
3.99999780803911 	
0.999999834909781 	
2.99999569877148 	
0.999999151454652 	
0 	
2.99999706222308 	
2.49999721567586 	
0.999999291141904 	
0.999999632186113 	
0.999999674307175 	
0.999998642852286 	
0 	
0.999998941167552 	
2.99999823364652 	
4.99999630415059 	
0.999999955750158 	
2.99999911337028 	
2.99999782611612 	
1.99999615165543 	
0 	
0 	
0 	
1.99999900162489 	
4.99999626411938 	
3.99999453343543 	
5.74999130123292 	
3.99999655503156 	
3.99999655503156 	
1.99999813835561 	
4.49999671098264 	
3.99999641662798 	
1.99999970759252 	
0 	
3.49999716114727 	
3.49999562823313 	
1.99999926437223 	
0.999999674307175 	
4.99999086485293 	
1.49999980424771 	
0.999998985872229 	
2.74999688992863 	
4.499996787089 	
2.99999796779887 	
2.99999749957063 	
1.9999983029093 	
2.99999787342571 	
0 	
1.99999813835561 	
1.99999937108649 	
0.999999674307175 	
3.99999746232945 	
0.999999291141904 	
1.49999773357268 	
0.999999674307175 	
0.999998481277344 	
3.49999540564501 	
2.99999723373459 	
2.99999565072078 	
2.99999706222308 	
1.99999937108649 	
1.49999789810244 	
0 	
2.49999703983661 	
0.999998905533303 	
0 	
1.49999827720979 	
3.99999577796991 	
1.49999955366899 	
0.999999674307175 	
0 	
1.99999873116473 	
0 	
3.99999646778056 	
2.99999846823145 	
0.999999291141904 	
1.49999773357268 	
3.99999461642497 	
0 	
5.99999180157778 	
1.99999970759252 	
4.99999205899898 	
3.74999595251752 	
0 	
0 	
4.49999617382202 	
1.99999937108649 	
2.99999763182403 	
0 	
0 	
0.999999674307175 	
0.999999834909781 	
0 	
3.99999629970629 	
0.999999834909781 	
1.49999911682326 	
1.49999980424771 	
4.99999174546735 	
2.99999534616338 	
1.49999980424771 	
1.49999789810244 	
0.999999632186113 	
1.49999867771366 	
0.999999834909781 	
1.99999845491446 	
0 	
0.999999674307175 	
0 	
1.4999988019434 	
0 	
2.49999632306297 	
0 	
2.99999576908342 	
1.99999857684425 	
3.99999629970629 	
1.4999988019434 	
2.99999641762128 	
1.99999900162489 	
3.99999528184899 	
0.99999898587223 	
1.99999937108649 	
0.999998364929024 	
4.49999657633014 	
3.74999570226078 	
3.99999655503156 	
3.99999352991615 	
3.49999270929133 	
2.49999892545067 	
