0.999999703628503 	
0.999999955750158 	
0.999999874489039 	
0.999999703628503 	
0.999999834909781 	
0.999999674307175 	
0.999999674307175 	
0 	
2.49999931067901 	
1.99999934861435 	
0 	
0.999999834909781 	
1.49999980424771 	
0 	
0.999999674307175 	
0 	
0.999999955750158 	
0 	
1.49999945202234 	
0.999999632186113 	
1.49999980424771 	
0.999999834909781 	
0 	
0.999999674307175 	
1.99999926437223 	
0 	
0.999999674307175 	
1.49999955366899 	
0.999999834909781 	
0 	
0.999999834909781 	
0.999999674307175 	
2.49999892545067 	
1.99999966981956 	
0 	
0 	
0.999999632186113 	
1.99999966981956 	
0.999999674307175 	
0.999999674307175 	
1.99999934861435 	
0 	
1.9999991944008 	
0 	
0 	
1.99999934861435 	
0.999999674307175 	
0 	
1.99999966981956 	
1.99999934861435 	
0.999999632186113 	
0.999999955750158 	
0.999999632186113 	
0 	
1.99999932513795 	
0.999999834909781 	
2.49999840848296 	
0.999999874489039 	
0.999999674307175 	
0 	
0 	
0.999999481250932 	
0 	
2.49999907915258 	
1.99999926437223 	
0 	
1.49999955366899 	
0 	
1.49999980424771 	
0.999999625291197 	
1.99999934861435 	
0 	
0 	
0 	
0.999999834909781 	
0 	
0.999999674307175 	
0.999999674307175 	
0.999999674307175 	
0.999999674307175 	
0.999999632186113 	
1.99999932513795 	
0 	
0 	
0 	
2.49999892545067 	
0 	
0 	
1.49999959300891 	
0.999999834909781 	
0.999999834909781 	
0 	
0 	
0.999999674307175 	
1.99999926437223 	
0 	
0 	
0 	
0 	
0 	
