0 	
0.999999674307175 	
0.999999674307175 	
1.49999945202234 	
0 	
1.49999945202234 	
1.99999966981956 	
0 	
0.999999955750158 	
0 	
0 	
0.999999834909781 	
0 	
0.999999834909781 	
0 	
0 	
0 	
0 	
0 	
0 	
0 	
0 	
0.999999834909781 	
0 	
0 	
0 	
0 	
0.999999955750158 	
0 	
0 	
0.999999674307175 	
0 	
0 	
1.99999934861435 	
0 	
0 	
0 	
0 	
0 	
0.999999674307175 	
0 	
0 	
0 	
0 	
0 	
0 	
0 	
0 	
0 	
0.999999674307175 	
0.999999955750158 	
0 	
0.999999834909781 	
0 	
0.999999834909781 	
0.999999674307175 	
0 	
0 	
0.999999834909781 	
0 	
0 	
0.999999703628503 	
0 	
0.999999834909781 	
0.999999674307175 	
0 	
1.49999980424771 	
0 	
0 	
0 	
0 	
0 	
0.999999955750158 	
0.999999955750158 	
0.999999834909781 	
0.999999955750158 	
0 	
0 	
0.999999834909781 	
0 	
0 	
0 	
0 	
0 	
0.999999955750158 	
0.999999955750158 	
0 	
0.999999834909781 	
0 	
0.999999874489039 	
0.999999955750158 	
0.999999834909781 	
0 	
1.99999966981956 	
0.999999674307175 	
0 	
0.999999955750158 	
0 	
0 	
0 	
0.999999674307175 	
