5.74999360340582 	
1.99999858228381 	
0 	
0 	
0 	
2.49999537881801 	
0 	
0 	
2.4999973195984 	
1.99999826213408 	
1.99999937108649 	
3.49999227878699 	
2.99999576908342 	
0 	
0 	
0 	
1.99999925212376 	
2.99999711734673 	
1.49999811210427 	
1.49999816510468 	
0 	
2.49999824652952 	
3.99999687879423 	
0 	
3.49999679074338 	
0.999999674307175 	
1.99999900162489 	
0 	
0.999999131217715 	
1.99999890935283 	
2.99999706222308 	
0.999999365582363 	
1.99999937108649 	
2.49999703983661 	
1.99999970759252 	
0 	
3.49999696840906 	
1.99999858228381 	
0 	
1.99999857684425 	
0.999999481250932 	
2.49999824652952 	
0 	
0.999999291141904 	
4.49999671098264 	
1.9999983690794 	
1.49999930449515 	
2.99999792922475 	
0 	
0 	
0 	
3.49999587457369 	
1.99999896522701 	
0 	
0.999999365582363 	
1.9999983690794 	
0 	
0.999998642852285 	
0.999999131217715 	
0 	
1.99999813835561 	
3.99999733513549 	
0.999998566257159 	
1.99999970759252 	
0.999999291141904 	
1.49999789810244 	
2.49999870718043 	
0.999999834909781 	
1.49999930449515 	
0.999999151454652 	
0 	
1.49999930449515 	
1.99999857684425 	
0 	
1.99999713251432 	
3.49999786502945 	
2.99999565072078 	
0.999999365582363 	
0 	
3.99999636976848 	
0 	
1.49999841154174 	
1.99999858228381 	
0.999998609333551 	
0.999999358698125 	
1.49999911682326 	
2.99999787342571 	
0 	
0.999999674307175 	
1.49999827720979 	
0 	
2.49999875736744 	
3.49999571590328 	
2.99999685480893 	
1.99999794180763 	
3.7499950014436 	
5.74999299983205 	
2.49999841878483 	
0 	
1.49999827720979 	
0 	
2.99999787342571 	
