0 	
0 	
0 	
0 	
0 	
0 	
0.999999634707892 	
3.99999786805956 	
1.99999871739625 	
0.999999634707892 	
0.999999320815288 	
0 	
0 	
0 	
0.999999481250932 	
2.4999976939294 	
1.49999860311264 	
0 	
3.499997594801 	
2.49999879311888 	
0 	
0 	
0 	
0 	
2.49999892615434 	
0 	
0 	
0 	
0.999999634707892 	
0 	
0 	
0.999999394670805 	
2.9999962124177 	
2.49999892615434 	
0 	
0 	
0 	
1.99999920183901 	
0 	
0 	
0 	
1.49999830080934 	
0 	
0 	
0 	
0 	
0 	
1.99999876258743 	
0 	
0 	
2.4999985645031 	
0 	
0.999999834909781 	
0 	
0 	
0 	
0 	
0 	
0 	
0 	
0 	
0.999999743847612 	
0 	
0.999999834909781 	
1.49999934669477 	
0 	
0 	
0 	
0 	
0.999999703628503 	
0.999999632186113 	
0 	
0 	
0.999999955750158 	
0 	
0 	
0 	
0 	
0 	
0.999999362001564 	
1.49999860311264 	
0.999999500812446 	
0 	
2.49999850570998 	
0 	
0 	
0 	
0 	
0 	
2.4999982448857 	
0.999999310022398 	
0 	
0.999999362001564 	
0 	
3.99999647553514 	
0 	
0 	
0 	
0 	
2.49999868701623 	
2.99999836582323 	
0 	
0.999999500812446 	
