0 	
0 	
0 	
0 	
0 	
0 	
0 	
0.999999834909781 	
0 	
0 	
0 	
0 	
0 	
0 	
0.999999500812446 	
0.999999500812446 	
0 	
0 	
2.49999858222536 	
0 	
0 	
0 	
0 	
0 	
0 	
0 	
0 	
0 	
0 	
0 	
0 	
0 	
0.999999955750158 	
0 	
0 	
0 	
0 	
0.999999743847612 	
0 	
0 	
0 	
0 	
0 	
0 	
0 	
0 	
1.4999994342632 	
0 	
0 	
0 	
0 	
0.999999955750158 	
0 	
0 	
0 	
0 	
0.999999310022398 	
0 	
0 	
0 	
0 	
0 	
0 	
0 	
0 	
0 	
0 	
0 	
0.999999481250932 	
0.999999834909781 	
0 	
0 	
0.999999834909781 	
0 	
0.999999955750158 	
0 	
0 	
0 	
0 	
2.49999766817373 	
0 	
0.999999358698125 	
1.99999878934161 	
0 	
0 	
0 	
0.999999500812446 	
0 	
0 	
0 	
0 	
0 	
0 	
0 	
0 	
1.4999989542961 	
3.49999708009039 	
0 	
0 	
1.99999905089845 	
0 	
0 	
