2.24999894066433 	
0 	
1.49999980424771 	
2.499997950338 	
2.99999743792254 	
0.999999481250932 	
0.999999151454652 	
3.49999822577306 	
0 	
0 	
0 	
0 	
0 	
2.99999890404468 	
1.49999881743637 	
4.74999226611916 	
3.99999585768046 	
0 	
0 	
0 	
0 	
2.99999780610714 	
2.9999977786832 	
0 	
0.999999310022398 	
0 	
0 	
2.4999985645031 	
2.49999700734413 	
0 	
2.499997950338 	
0.999999358698125 	
2.99999813213759 	
2.99999857435547 	
0.999999310022398 	
2.99999743792254 	
0 	
2.9999972196471 	
1.99999905089845 	
0 	
2.49999716015659 	
3.99999638429672 	
0.999999500812446 	
0 	
0.999999394670805 	
1.49999876307492 	
2.9999982822829 	
0 	
0 	
0.999999674307175 	
3.49999665530834 	
1.99999809870033 	
0 	
6.249992639452 	
1.49999876307492 	
2.499997950338 	
0.999999500812446 	
2.49999728171634 	
0.999999362001564 	
0 	
3.49999842031783 	
0 	
0.999999481250932 	
0 	
0 	
0 	
0.999999481250932 	
3.49999611293738 	
0.999999310022398 	
2.49999716015659 	
1.49999852966421 	
0 	
0 	
1.4999991831514 	
0.999999075432228 	
3.49999611293738 	
0 	
0.999999394670805 	
0.999999955750158 	
0 	
1.99999900162489 	
0 	
3.49999676401514 	
1.49999959300891 	
4.99999478924838 	
2.49999700734413 	
0 	
0 	
4.24999691048201 	
0.999999310022398 	
0.999999481250932 	
1.99999809906127 	
0.999999481250932 	
1.49999924937879 	
0.999999481250932 	
0 	
0 	
2.4999985645031 	
0 	
2.49999700734413 	
1.49999980424771 	
0.999999151454652 	
