1.74999913276217 	
0 	
0 	
0 	
0 	
1.74999927764596 	
0 	
0 	
0.999999874489039 	
1.74999793514041 	
0 	
0.999999955750158 	
0 	
0 	
0 	
0.999999394670805 	
0 	
0 	
2.4999982448857 	
0 	
0 	
0 	
0 	
0 	
0.999999674307175 	
0 	
0 	
0.999999394670805 	
0 	
0 	
0.999999743847612 	
0 	
0.999999743847612 	
0.999999703628503 	
0.999999151454652 	
2.49999879311888 	
0 	
0 	
0.999999634707892 	
0 	
0 	
0 	
0 	
0 	
0 	
0 	
0 	
2.99999711741182 	
0 	
0 	
0 	
2.49999858222536 	
0.999999634707892 	
0 	
0 	
0 	
0 	
0 	
0 	
0 	
0 	
0 	
0 	
0.999999500812446 	
0 	
0 	
0 	
1.99999926941578 	
0 	
2.49999879311888 	
0 	
0 	
0 	
0 	
0.999999394670805 	
0 	
0 	
0 	
0 	
0 	
0 	
0 	
0 	
0 	
2.49999858222536 	
0 	
0 	
0 	
2.4999982448857 	
0 	
0 	
0 	
0.999999310022398 	
0 	
0 	
0 	
0 	
0 	
0 	
0 	
2.49999800336892 	
0 	
0 	
2.49999858222536 	
0 	
0 	
0 	
0 	
2.99999635334682 	
1.4999994342632 	
0.999999481250932 	
0.999999674307175 	
0.999999955750158 	
0 	
