2.99999683774537 	
0.999999075432228 	
2.49999774743224 	
2.49999730213149 	
1.49999945202234 	
4.70832732027932 	
0 	
2.99999790718452 	
0 	
2.99999705540215 	
1.99999934861435 	
3.99999513749573 	
0.999999625291197 	
2.49999868701623 	
0 	
3.49999601232158 	
0 	
2.49999774743224 	
2.99999813213759 	
2.9999977786832 	
0 	
2.49999753506052 	
0 	
4.99999442498813 	
4.49999551285183 	
0 	
5.74999416741322 	
2.4999976939294 	
0 	
2.99999683774537 	
3.49999665530834 	
2.49999651947548 	
3.4999974539215 	
6.95832217125653 	
1.99999876258743 	
0.999999310022398 	
0.999999703628503 	
4.24999414183742 	
0 	
4.74999413071567 	
6.20832511751837 	
0.999999358698125 	
2.99999605411663 	
5.49999498914269 	
2.49999892545067 	
3.49999744879556 	
3.99999674627863 	
5.99999265803366 	
0.999999481250932 	
4.7499941409146 	
3.49999754284394 	
0 	
3.49999611293738 	
0.999999394670805 	
1.99999815962567 	
2.99999780610714 	
3.499996765017 	
3.49999741173902 	
2.49999716015659 	
5.74999436584117 	
0 	
0 	
2.99999625918034 	
4.99999485150328 	
3.49999673039065 	
4.74999528033811 	
3.99999579282631 	
0.999999124762434 	
4.4999958816487 	
2.99999743019423 	
1.4999991831514 	
4.24999414183742 	
2.4999985645031 	
2.49999696993413 	
1.4999989795182 	
1.9999986200448 	
0 	
4.99999573249791 	
3.70832750379252 	
3.99999507178095 	
3.49999653371285 	
2.20833198067495 	
4.99999478924838 	
2.49999774743224 	
0.999999135567864 	
2.49999792471679 	
4.70832898000047 	
2.9999962124177 	
2.99999679902845 	
0 	
6.24998972270894 	
3.99999649610856 	
2.99999784042802 	
3.99999635300855 	
3.99999568443829 	
2.49999728171634 	
0.999999955750158 	
4.4999941301404 	
2.999997405896 	
3.49999611293738 	
