0.999999818346154 	
0 	
0 	
0 	
0 	
0 	
0.999999955750158 	
0 	
0 	
0 	
0.999999634707892 	
0.999999310022398 	
0 	
0.999999674307175 	
0.999999394670805 	
0 	
0 	
1.49999955366899 	
0 	
0 	
1.49999959300891 	
0 	
0 	
0 	
0 	
0 	
0 	
0 	
3.9999958142385 	
0 	
0 	
0 	
0 	
0 	
0 	
0 	
0.999999500812446 	
0 	
2.49999892615434 	
0 	
0 	
0.999999301397666 	
0 	
0 	
0 	
0.999999955750158 	
0 	
0 	
0.999999955750158 	
0 	
0 	
0 	
2.49999868701623 	
0 	
0 	
2.49999879607709 	
0 	
0 	
0 	
0 	
0 	
0.999999955750158 	
0 	
0.999999481250932 	
0 	
0 	
0 	
0 	
0.999999955750158 	
1.4999994342632 	
0 	
0 	
0 	
0 	
0 	
0 	
0.999999674307175 	
0 	
0 	
0.999999310022398 	
0.999999500812446 	
0.999999310022398 	
0 	
0.999999632186113 	
0 	
0 	
0 	
0 	
0 	
0.999999151454652 	
0 	
0 	
0 	
0 	
0 	
0 	
0 	
0 	
0 	
0 	
0 	
0 	
0.999999634707892 	
0 	
0 	
