1.74999942299006 	
0 	
1.99999830188947 	
2.49999868701623 	
0 	
4.74999566878418 	
3.99999755634211 	
3.49999744879556 	
0 	
0.999999703628503 	
3.49999822577306 	
1.49999915265812 	
2.499997950338 	
4.99999595128336 	
0 	
3.4999974539215 	
3.49999665530834 	
1.49999881743637 	
3.49999710048166 	
0 	
1.99999926941578 	
0 	
2.99999784042802 	
0 	
0 	
0 	
0.999999075432228 	
0.999999394670805 	
1.99999905089845 	
2.49999821255711 	
0 	
2.9999977786832 	
1.49999945202234 	
0 	
2.99999649698483 	
0 	
0 	
0 	
2.99999784042802 	
2.49999879311888 	
0 	
0 	
4.49999567257268 	
0 	
0 	
0 	
2.99999813213759 	
0.999999500812446 	
5.74999436584117 	
0 	
0.999999151454652 	
1.9999981659238 	
2.99999635334682 	
0 	
3.99999530880862 	
0 	
3.49999665530834 	
2.49999879311888 	
0 	
2.99999649698483 	
3.49999708009039 	
4.24999515563225 	
0 	
0.999999634707892 	
1.9999982603303 	
2.499997950338 	
2.49999858222536 	
0 	
5.24999237930566 	
1.49999955366899 	
3.9999970569732 	
4.7499937889495 	
0 	
2.999997405896 	
2.49999850570998 	
2.20833055583512 	
1.49999945202234 	
0 	
5.24999268924175 	
2.99999784042802 	
0 	
0 	
2.99999760129018 	
2.9999977786832 	
1.49999980424771 	
0 	
2.49999719521771 	
0 	
2.49999879311888 	
2.99999711741182 	
2.49999741172187 	
0 	
0.999999358698125 	
0 	
0.999999310022398 	
0 	
0.999999310022398 	
0.999999674307175 	
2.499997950338 	
0 	
0 	
