3.9999943849232 	
3.49999793863757 	
0 	
0.999999075432228 	
0 	
0.999999500812446 	
3.99999579282631 	
3.49999744879556 	
4.49999761049969 	
0.999999955750158 	
2.999997405896 	
0 	
0 	
2.499997950338 	
0 	
0.999999674307175 	
0.999999481250932 	
0 	
3.49999611293738 	
2.4999976939294 	
0.999999632186113 	
3.99999572704156 	
0.999999151454652 	
3.99999736819899 	
3.99999507178095 	
0 	
3.49999694705031 	
0.999999310022398 	
0 	
1.99999905089845 	
0 	
1.99999830188947 	
3.49999822702087 	
1.49999955366899 	
5.99999406737459 	
3.99999736819899 	
0.999999310022398 	
0 	
1.99999830188947 	
1.99999809906127 	
0.999999310022398 	
4.24999414183742 	
0 	
2.49999868701623 	
3.49999573685699 	
3.99999585768046 	
0.999999955750158 	
0 	
0.999999500812446 	
3.9999943849232 	
6.24999151854449 	
3.99999741491888 	
0.999999151454652 	
2.49999848074247 	
4.7499960906445 	
2.49999785521418 	
2.4999982448857 	
0 	
0.999999310022398 	
0.999999674307175 	
2.49999858222536 	
0.999999500812446 	
0 	
2.99999683774537 	
2.999997405896 	
3.99999736819899 	
0.999999481250932 	
1.99999861142006 	
0 	
2.99999767880869 	
0.999999310022398 	
1.4999989795182 	
3.99999775681746 	
4.99999661181229 	
5.74999566744813 	
3.49999695497355 	
0 	
2.49999696993413 	
0 	
3.49999842031783 	
2.9999977786832 	
0 	
2.49999892615434 	
2.99999711741182 	
0 	
2.99999815485688 	
0 	
3.49999611293738 	
4.99999510534846 	
2.49999892545067 	
0 	
0.999999394670805 	
2.49999740810003 	
2.49999719521771 	
2.99999743792254 	
4.4999955092259 	
2.49999740810003 	
2.49999719521771 	
2.99999813213759 	
0 	
