0 	
1.99999966981956 	
0 	
3.99999507178095 	
2.20833198067495 	
1.49999945202234 	
2.20833198067495 	
0 	
0 	
0 	
0 	
2.49999879311888 	
1.9999986200448 	
2.99999683774537 	
2.49999700734413 	
0.999999310022398 	
0 	
3.49999665530834 	
0 	
3.99999611802055 	
1.49999945202234 	
3.20832930166848 	
4.49999567257268 	
0 	
0 	
2.49999730213149 	
2.49999766817373 	
1.99999857983407 	
0 	
0.999999500812446 	
0.999999674307175 	
3.49999585207983 	
2.49999728171634 	
1.99999857132602 	
0.999999834909781 	
0.999999310022398 	
0 	
0 	
4.2499948064084 	
2.99999796779887 	
1.49999876307492 	
0.999999634707892 	
0 	
2.99999649698483 	
1.49999944158655 	
0.999999632186113 	
3.49999744879556 	
1.49999955366899 	
0 	
2.999997405896 	
4.99999441924718 	
0.999999362001564 	
2.49999716015659 	
0 	
0.999999634707892 	
2.99999836582323 	
0.999999394670805 	
4.49999554959467 	
4.49999695051332 	
0 	
0.999999634707892 	
0 	
2.49999792471679 	
0 	
2.49999651947548 	
2.49999822294656 	
4.74999295402012 	
0 	
0 	
0.999999500812446 	
0.999999500812446 	
0 	
2.49999696993413 	
2.4999976939294 	
1.49999980424771 	
0.999999674307175 	
2.49999850570998 	
0 	
3.99999764130951 	
3.99999585768046 	
0.999999362001564 	
2.49999651947548 	
1.49999945202234 	
0 	
3.4999960740651 	
4.74999689085471 	
1.49999955366899 	
4.24999515563225 	
0.999999394670805 	
0 	
0 	
2.49999730213149 	
2.99999711741182 	
0.999999634707892 	
0 	
0.999999075432228 	
2.99999790718452 	
2.4999982448857 	
4.74999689085471 	
3.99999647553514 	
2.49999879311888 	
0.999999310022398 	
