0.999999834909781 	
0.999999948466456 	
0.999999948466456 	
0 	
0.999999955750158 	
0 	
1.99999925212376 	
0.999999834909781 	
1.99999935032798 	
0 	
0 	
0.999999955750158 	
1.99999970759252 	
0 	
0 	
1.99999937108649 	
0 	
0 	
0 	
0 	
0 	
0.999999955750158 	
2.74999823660233 	
0 	
1.99999970759252 	
1.49999945202234 	
0 	
0 	
0.999999834909781 	
1.99999925212376 	
0 	
0 	
0 	
0 	
0 	
0 	
1.99999937108649 	
0 	
2.74999866212173 	
0.999999955750158 	
0.999999955750158 	
0.999999955750158 	
0 	
0 	
0 	
0 	
1.99999937108649 	
0 	
0 	
0 	
0 	
0 	
0 	
0 	
0 	
0 	
0 	
1.99999918908834 	
1.99999937108649 	
0 	
0 	
0 	
0.999999674307175 	
1.99999970759252 	
0 	
0 	
0 	
1.99999937108649 	
0 	
0 	
1.99999926437223 	
0 	
0 	
0 	
1.99999970759252 	
0 	
0 	
0 	
0 	
1.99999937108649 	
0 	
0.999999955750158 	
0.999999632186113 	
0 	
0 	
0 	
2.99999895380229 	
0 	
0 	
0 	
0.999999955750158 	
0 	
2.74999866212173 	
0.999999955750158 	
0 	
0 	
0 	
0 	
0 	
0 	
0 	
0 	
0 	
0 	
