2.74999888109405 	
0 	
1.99999937108649 	
0 	
1.99999970759252 	
0.999999632186113 	
0 	
0 	
0 	
0 	
0 	
0.999999955750158 	
0 	
0.999999834909781 	
1.99999937108649 	
0 	
0.999999674307175 	
4.41666293426638 	
0 	
0 	
0 	
0 	
1.99999925212376 	
0 	
0 	
1.99999925212376 	
1.74999953715819 	
0 	
0.999999955750158 	
1.49999980424771 	
0.999999674307175 	
0 	
0 	
0.999999674307175 	
2.49999901443278 	
0 	
0 	
0 	
0 	
0 	
2.99999812783336 	
1.99999937108649 	
0 	
0.999999955750158 	
0 	
0 	
0 	
0 	
0 	
0 	
1.99999970759252 	
0.999999955750158 	
0 	
0 	
0 	
1.99999925212376 	
0.999999674307175 	
0 	
0.999999674307175 	
0 	
0 	
2.49999931067901 	
0 	
0 	
1.99999970759252 	
0 	
0 	
1.74999903519047 	
0 	
0.999999955750158 	
0 	
0.999999955750158 	
0 	
0 	
1.99999970759252 	
0 	
0 	
0.999999955750158 	
0 	
0 	
0 	
0 	
0 	
1.99999937108649 	
0.999999955750158 	
0.999999955750158 	
1.99999896250186 	
0.999999674307175 	
0 	
2.74999823660233 	
1.99999970759252 	
0 	
0 	
1.99999935032798 	
1.99999937108649 	
3.31249824255874 	
0.999999834909781 	
0 	
1.99999918908834 	
0 	
