0.999999834909781 	
3.49999765027731 	
0 	
0 	
1.49999980424771 	
2.74999888109405 	
4.62499562809972 	
0.999999955750158 	
0 	
1.99999966981956 	
4.49999561488041 	
0.999999834909781 	
1.99999935032798 	
0 	
1.99999934861435 	
2.74999866212173 	
3.49999862848395 	
1.99999937108649 	
0 	
0.999999834909781 	
0 	
0.999999834909781 	
1.99999937108649 	
2.49999828470485 	
0 	
0.999999674307175 	
1.99999970759252 	
1.99999970759252 	
1.99999918908834 	
2.99999895380229 	
3.49999765027731 	
0 	
1.99999966981956 	
0 	
0.999999955750158 	
0.999999955750158 	
0.999999834909781 	
1.74999938758003 	
2.49999901443278 	
1.99999925212376 	
1.99999937108649 	
0.999999834909781 	
2.99999911337028 	
0 	
3.31249742016687 	
2.99999836630281 	
0.999999481250932 	
1.99999900820924 	
1.99999918908834 	
1.99999925212376 	
0.999999834909781 	
1.99999966981956 	
1.99999970759252 	
1.99999937108649 	
0 	
1.99999935032798 	
0.999999955750158 	
2.07812270321323 	
0 	
4.12499808903932 	
0 	
1.49999980424771 	
0.999999834909781 	
2.74999866212173 	
0.999999955750158 	
3.49999826699734 	
0 	
0 	
1.74999903519047 	
0 	
4.74999602184467 	
1.74999938758003 	
1.49999980424771 	
0 	
0 	
2.74999866212173 	
2.49999840848296 	
3.68749757320015 	
4.49999749749811 	
2.99999911337028 	
1.99999925212376 	
1.49999955366899 	
2.74999866212173 	
0 	
0 	
1.99999918908834 	
4.12499808903932 	
0 	
0 	
3.49999826699734 	
0.999999834909781 	
0.999999632186113 	
3.74999742005522 	
3.12499804123177 	
0.999999834909781 	
2.99999846823145 	
1.99999925212376 	
0 	
0 	
0 	
