1.99999937108649 	
0.999999674307175 	
0 	
1.74999903519047 	
1.99999900820924 	
0 	
0 	
0 	
0 	
3.31249796953353 	
1.99999966981956 	
0 	
0.999999955750158 	
1.49999980424771 	
2.74999888109405 	
0 	
0.999999834909781 	
0 	
0 	
4.49999636029534 	
1.99999970759252 	
1.99999970759252 	
0 	
1.4999991831514 	
1.99999918908834 	
1.99999970759252 	
0.999999834909781 	
0 	
1.99999925212376 	
4.62499682361641 	
1.74999953715819 	
0 	
2.49999901443278 	
1.99999934861435 	
1.99999925212376 	
0.999999834909781 	
0.999999834909781 	
1.99999937108649 	
1.49999980424771 	
0 	
0 	
2.99999895380229 	
0 	
3.99999780803912 	
0 	
1.99999918908834 	
1.99999937108649 	
0 	
0 	
0 	
2.7499989252341 	
0 	
0.999999955750158 	
0.999999834909781 	
0 	
1.99999918908834 	
2.74999823660233 	
0 	
0 	
0 	
0 	
1.74999953715819 	
0 	
0 	
0 	
2.49999901443278 	
3.49999794861941 	
0.999999955750158 	
3.12499887130974 	
3.74999704062235 	
0 	
4.12499808903932 	
1.49999955366899 	
0 	
0 	
0.999999834909781 	
0 	
0.999999955750158 	
1.74999903519047 	
0 	
0 	
3.49999826699734 	
1.99999918908834 	
0 	
4.81249594332733 	
4.1249971369429 	
0 	
0 	
0 	
2.99999895380229 	
1.4999989542961 	
0.999999632186113 	
0.999999955750158 	
0.999999632186113 	
2.74999823660233 	
0.999999955750158 	
0.999999834909781 	
1.99999966981956 	
1.74999938758003 	
0 	
