5.44443639052861 	
0 	
6.4999900732683 	
1.99999761363494 	
0 	
0 	
1.99999926941578 	
0 	
0 	
3.99999446696879 	
0 	
1.99999926941578 	
3.49999544441583 	
0 	
3.49999492804044 	
0 	
0 	
0.999998609333551 	
0 	
3.49999701080513 	
2.41666327413271 	
1.99999779089037 	
5.49999017139824 	
5.09721802634569 	
3.99999624962798 	
1.99999736794324 	
1.99999926941578 	
0 	
5.49999207157711 	
0 	
3.49999542282686 	
0.999999834909781 	
3.99999634211321 	
0 	
0 	
0 	
0 	
3.49999716603056 	
0 	
0 	
0 	
0 	
5.49999279605481 	
0 	
0 	
6.99998948558736 	
0 	
4.49999632623262 	
0 	
0 	
