1.9999976080403 	
6.0972092799914 	
0.999998905533304 	
2.99999720622528 	
3.99999748534765 	
0 	
3.49999542282686 	
5.49998901662718 	
3.49999701080513 	
2.41666549643645 	
6.09721166510472 	
3.49999612883582 	
4.09721690557824 	
5.49998955865074 	
8.9999800552148 	
1.9999981710566 	
1.99999651779393 	
0 	
1.99999926941578 	
0 	
3.49999673886277 	
3.49999492804044 	
1.9999981710566 	
0 	
4.49999392972832 	
1.99999736794324 	
1.9999981710566 	
3.83332822413185 	
0.999999481250932 	
3.99999576211891 	
0 	
8.11109586111423 	
1.9999988064692 	
5.49998993164295 	
5.4999943889846 	
0.999998905533304 	
3.49999673886277 	
5.49999039897608 	
3.499994124693 	
6.99998650373409 	
9.69442161563072 	
0 	
0 	
0 	
3.49999701080513 	
1.99999816560928 	
4.99999110344251 	
5.49999428430969 	
3.49999483042603 	
5.49999247368794 	
7.99998309065307 	
7.59720710422445 	
0 	
0 	
0 	
0.999998750375256 	
1.99999926941578 	
0 	
3.49999325186705 	
0.999999481250932 	
0 	
2.41666549643645 	
5.0972173128282 	
0 	
6.99998050086034 	
0.999999358698125 	
3.99999493524641 	
3.49999701080513 	
0.999998750375256 	
0 	
1.99999676251478 	
1.99999970759252 	
4.09721821954541 	
5.59721720363808 	
3.33332826398345 	
2.83332878207491 	
8.74997702108853 	
8.69442478861219 	
3.49999701080513 	
5.49999207157711 	
3.99999654227145 	
3.49999673886277 	
1.99999714249104 	
3.49999673886277 	
3.99999574494672 	
3.49999673886277 	
1.49999819346348 	
1.99999779089037 	
4.09721552851376 	
2.99999711734673 	
1.9999986200448 	
1.99999788105946 	
4.09721511313595 	
7.59720800352162 	
7.49998807225817 	
3.49999716603056 	
1.99999900162489 	
3.99999682412577 	
9.41664382558935 	
1.9999981659238 	
