3.49999249051818 	
0 	
0 	
0 	
0 	
0 	
1.99999926941578 	
0 	
1.99999900162489 	
0 	
0 	
2.99999681645478 	
0 	
5.69443974831647 	
0 	
5.83332378507532 	
0 	
1.99999816560928 	
1.99999670479699 	
0 	
0 	
1.99999840465054 	
1.99999670479698 	
5.49999259831464 	
0 	
0 	
1.9999981710566 	
3.49999701080513 	
0 	
4.20832337102554 	
0 	
1.99999900162489 	
6.69443391262009 	
0 	
5.49999150839332 	
4.09721624994512 	
2.83332901227161 	
0 	
0 	
7.99998201830814 	
1.99999900162489 	
8.59720489978893 	
1.99999714249104 	
1.99999926941578 	
3.49999701080513 	
0 	
0 	
3.99999574494672 	
5.99999145601699 	
7.59720249018984 	
