0 	
5.49998901662718 	
0 	
1.99999926941578 	
1.9999981710566 	
6.91665016060384 	
0 	
0 	
3.49999446511083 	
6.99998233284249 	
0 	
5.49999259594952 	
0 	
0 	
1.99999721887873 	
0 	
1.99999937108649 	
2.99999796779887 	
1.99999937108649 	
1.99999900162489 	
0 	
3.99999428498209 	
2.83333024039194 	
0 	
0.999999358698125 	
0 	
0 	
1.99999926941578 	
0 	
0 	
8.59720815981271 	
0 	
2.74999868578572 	
0.999998905533304 	
3.99999513749573 	
0 	
0 	
1.99999926941578 	
0 	
5.09721663007457 	
3.99999275478511 	
1.99999937108649 	
3.99999634211321 	
0 	
3.49999542282686 	
0 	
3.49999262059344 	
4.99999412621955 	
0 	
0 	
