1.99999827113573 	
0 	
7.09720893189862 	
0.999999481250932 	
5.49999438898461 	
4.49999122560788 	
5.49998955052963 	
1.99999663115817 	
0 	
3.49999403266926 	
4.99999505162865 	
3.49999186244627 	
1.99999736794324 	
3.49999116642125 	
3.49999362891345 	
5.49999190080417 	
2.99999725384085 	
4.83332367289061 	
0 	
0 	
8.83330628528499 	
3.49999492804044 	
8.69442914674762 	
0 	
4.41665568052917 	
3.49999325186705 	
2.99999547984854 	
6.83331899422089 	
4.99999162579119 	
4.41666173003333 	
3.49999673886277 	
8.09721206636473 	
5.33332528049564 	
3.49999362891344 	
6.09721213360778 	
1.49999955366899 	
2.99999773906073 	
8.69442575732569 	
8.99998057045711 	
5.49999279605481 	
1.99999900162489 	
5.49999207157711 	
7.83775378476833 	
1.9999981710566 	
6.99998309847804 	
8.99997656901369 	
4.09721821954541 	
1.99999721887873 	
3.49999362891344 	
4.09721860938804 	
0.99999804752187 	
3.9999951392026 	
2.83332716915891 	
8.99997545754738 	
0 	
3.70832872448787 	
1.9999981710566 	
1.99999663115817 	
4.09721624994512 	
0 	
1.9999988064692 	
0 	
5.49999132834976 	
2.83332901227161 	
1.99999708269133 	
0 	
3.49999492804044 	
1.99999736794324 	
5.09721845112519 	
7.83775014103993 	
8.62498146593044 	
0 	
7.99998349826587 	
4.09721624994512 	
3.99999634211321 	
0 	
8.49998325347 	
6.99998650373409 	
0 	
0 	
3.49999412513375 	
6.99998181594383 	
3.99999473588648 	
6.33332025045765 	
4.09721690557824 	
1.99999926941578 	
3.49999492804044 	
7.49998686110687 	
3.49999446511083 	
0 	
4.49998968816564 	
5.99999031401941 	
0 	
1.99999714249104 	
4.49999554973772 	
0 	
0 	
4.09721759379254 	
4.69443333752115 	
