3.99999446696879 	
1.99999761363494 	
0 	
0 	
1.99999827113573 	
2.74999868028227 	
0 	
4.09721757222915 	
1.99999788105946 	
4.09721347821458 	
1.9999981710566 	
0.999999358698125 	
2.99999773906073 	
0 	
0 	
0 	
2.49999757292136 	
3.49999403266926 	
0 	
0 	
6.097216558144 	
0.999998905533304 	
1.99999827113573 	
0.999999075432228 	
5.49999329521425 	
2.99999857435547 	
1.99999761363494 	
1.99999878934161 	
0 	
0 	
3.9999951392026 	
1.99999750075051 	
0 	
0 	
3.99999513749573 	
0.999999481250932 	
2.99999857435547 	
1.9999981710566 	
3.99999654227145 	
3.99999340959397 	
3.49999403266926 	
4.09721821954541 	
5.83332251771155 	
0 	
6.33331731105187 	
0 	
3.49999544441583 	
0 	
0.999999834909781 	
3.49999362891344 	
