1.49999819346348 	
3.49999446511083 	
1.99999850271798 	
3.49999403266926 	
5.49998579336745 	
1.99999882108138 	
1.9999976080403 	
1.9999981710566 	
5.09721845112519 	
6.09720867928945 	
3.49999673886277 	
6.99998433144402 	
1.99999714249104 	
0 	
1.99999900162489 	
0 	
6.99998725782689 	
6.83332098960659 	
0.999998905533304 	
0 	
6.99998650373409 	
5.2916544615771 	
3.49999673886277 	
1.99999850271798 	
3.49999542282686 	
5.49999207157711 	
6.09720992220173 	
0.999999955750158 	
1.99999618262083 	
4.09721552851376 	
3.49999472874048 	
0 	
4.09721690557824 	
8.69442504197044 	
0.999999481250932 	
4.69443822436371 	
4.09721821954541 	
6.41665046223699 	
6.4999900732683 	
3.49999673886277 	
1.99999900162489 	
0 	
0 	
0.999999955750158 	
5.49998852134501 	
2.8333295982333 	
0 	
0 	
3.49999542282686 	
5.49999077229905 	
0 	
0 	
3.49999586857826 	
4.09721675139774 	
5.49999279605481 	
5.49999191076571 	
0 	
1.99999815449391 	
3.49999492804044 	
6.99998372489253 	
0 	
3.99999752517486 	
0 	
3.49999325186705 	
0 	
3.49999612883582 	
7.09721132508612 	
0 	
2.83332825733737 	
0 	
1.99999935032798 	
5.99998912133296 	
3.99999532459616 	
6.99998948558736 	
3.49999586857826 	
4.09721511313595 	
5.999992848706 	
1.99999827113573 	
3.99999660377895 	
1.9999981710566 	
4.83332750691846 	
0 	
6.33332359773921 	
3.99999624962798 	
4.41666052889892 	
3.49999673886277 	
3.49999403266926 	
0 	
0 	
0.999998750375256 	
3.99999253580778 	
5.49999263710504 	
4.09721690557824 	
0 	
3.99999748534765 	
0 	
0 	
1.99999900162489 	
0 	
