6.4999852909305 	
6.0972103716105 	
8.24997721247251 	
0 	
9.49997553584756 	
4.24999514254973 	
0 	
4.49999415083455 	
11.1099361842168 	
3.99999305637452 	
5.49998986418573 	
0.999999077246953 	
4.49999006124811 	
8.34720644336171 	
6.12499097154533 	
9.74998233075512 	
6.49304411974015 	
9.09720216572528 	
5.99998938669944 	
2.999995544184 	
8.6458180393005 	
2.74999489337738 	
6.24999309680971 	
3.74999508110528 	
7.99998277051575 	
6.84721240810855 	
6.84721296038177 	
0 	
8.43748597140885 	
4.20832366362834 	
10.8958095650236 	
10.347201525785 	
7.67823398704446 	
4.49999621748917 	
3.99999403422707 	
0.999999481250932 	
3.74998999689262 	
6.34720985953319 	
7.99997627419887 	
7.62499053551734 	
3.74999443962109 	
8.12498062036074 	
3.99999424110888 	
5.2222099992793 	
3.49999297391645 	
4.99999293772249 	
9.24998014541291 	
6.87498832005828 	
5.49999054980227 	
0.99999895272789 	
5.4999940019699 	
1.87499750715904 	
10.3472043782148 	
6.24999036644118 	
0 	
8.4999797230746 	
6.31249198265293 	
4.12499471819986 	
3.87499142805931 	
6.49998390359932 	
6.499982702277 	
8.59720529695213 	
7.99998400991166 	
8.428218715713 	
4.24999169989635 	
7.62498391873782 	
4.99999443604093 	
2.99999689529516 	
6.09721164172706 	
1.74999754141174 	
9.99998214668758 	
1.99999764319358 	
5.42823533772439 	
5.84721726491933 	
4.99999121571242 	
2.99999635102196 	
6.99998809627651 	
8.22220764919612 	
7.34721375243139 	
2.99999669806385 	
8.99997366016845 	
0.999998905533304 	
6.59721395064205 	
4.4999952930777 	
6.37498413022878 	
0.999999326122992 	
8.59720958169761 	
1.99999640312279 	
8.74998379328756 	
2.74999659948417 	
1.9999968061146 	
3.41666298709695 	
2.74999362658958 	
6.24998654440913 	
0 	
6.91665619388572 	
9.74997380961475 	
5.24998248623991 	
7.34720901447311 	
