9.37496963917003 	
8.59720385236031 	
7.59721236179839 	
2.99999624658045 	
6.74999068923361 	
9.32810469426478 	
8.34720686400903 	
5.62499223273622 	
6.74999062917712 	
1.99999545995394 	
9.24998393372075 	
9.84720457356536 	
8.97221058442844 	
10.8749760080399 	
7.72220675862797 	
7.97220955937592 	
7.97220955937592 	
7.99997713610096 	
5.99999040267111 	
2.99999418312562 	
5.99998791954983 	
9.49998236201335 	
8.99997950465239 	
11.3471924077435 	
9.9444305420731 	
3.99999517619589 	
0.999999632186113 	
7.99998049750432 	
7.74998134341181 	
4.99999299544897 	
6.89582543188032 	
4.12499146442128 	
7.24998985725614 	
3.74999548817825 	
1.99999925212376 	
5.09721591813602 	
2.99999560702125 	
3.74999620602928 	
4.29165959170141 	
1.74999754141174 	
9.34720762738575 	
7.624987196162 	
7.49998425815004 	
2.8749947783255 	
4.49999459923112 	
0.99999804752187 	
3.74999499421035 	
2.20832705042346 	
11.8749710618929 	
5.74998209275253 	
6.49999186345563 	
6.74999129011793 	
7.69442679153335 	
3.99999629591921 	
2.74999568239876 	
0 	
3.49999472717029 	
6.749991589161 	
0 	
6.59720300866355 	
8.80553348032638 	
2.41666362384916 	
5.24999136679603 	
2.49999615667465 	
9.09720468481131 	
0.99999854633998 	
8.99998425967659 	
7.87498241558394 	
0.999998419799767 	
9.74997800253137 	
0.999999247119337 	
6.62499302910096 	
11.3472016764385 	
1.99999724417126 	
6.74998817912838 	
7.24998384950552 	
0 	
5.41665358219939 	
7.72220674988645 	
8.12498337667459 	
5.41665732038601 	
7.49998273079113 	
0.999998364929023 	
6.4282336421355 	
12.972187867215 	
9.24997969893933 	
6.24998967446151 	
0.999998481277345 	
2.49999375506695 	
10.9999751311748 	
0.999999364845566 	
9.09720780361123 	
3.7499927094283 	
7.37499128235363 	
8.74998527391256 	
9.24998871789861 	
6.09721396052121 	
4.24999360636391 	
5.62498780629991 	
6.8472108119487 	
8.62498549043474 	
6.49999027670989 	
9.24997864719636 	
7.97221053395258 	
3.49999332552548 	
7.22220503555173 	
6.99998529256903 	
7.74998818067649 	
4.12499400513517 	
6.40971361292722 	
6.3472105491533 	
3.74999789214643 	
7.39582163107936 	
9.74998487823332 	
3.49999765212327 	
8.37498221280086 	
6.24998867311794 	
7.37498389186279 	
5.22221772773131 	
10.6504466396932 	
2.99999061450366 	
3.99999339326943 	
5.76272521101259 	
3.12499856831199 	
5.49998743667035 	
10.940958420318 	
2.49999875736744 	
6.24998693496329 	
7.9999816919144 	
5.09721671911358 	
8.99998325915553 	
8.12498657298362 	
3.99999729672148 	
6.09720986332731 	
6.09721195715151 	
11.5971950281049 	
7.49998779022928 	
4.74999705768371 	
0 	
4.99999406555102 	
4.74998993440193 	
8.87498075838826 	
6.7499906164649 	
7.92823315494382 	
9.77081539340097 	
