6.99998562403664 	
8.3749822535656 	
2.74999633148862 	
10.5173419866822 	
3.49999660258748 	
5.59720761130194 	
2.99999865848402 	
8.52545423005416 	
8.64581740499909 	
7.74998399050869 	
6.24998554417274 	
7.84720954030267 	
10.3472017131509 	
3.49999352451193 	
7.37498129759882 	
7.84720975239004 	
6.49998683167805 	
8.24998060326073 	
0.999998905533304 	
1.99999926437223 	
7.37498674377329 	
5.99998976165073 	
6.74999004589327 	
2.99999555372654 	
6.59721038609131 	
8.74998318976313 	
4.41665840501368 	
7.99998215009367 	
6.59720640146595 	
6.3958200402437 	
0.999998883927388 	
8.87497384894013 	
4.99999023048509 	
5.99998701713446 	
2.62499499605355 	
0 	
5.89582508171048 	
8.74998332576781 	
10.4999757266479 	
5.89582224067183 	
4.49999390187479 	
7.52545452871271 	
10.3159600580977 	
4.9999932696585 	
5.99999186389619 	
5.84721185187686 	
4.49999512418261 	
9.24303755194661 	
3.74999274558248 	
11.3471946097408 	
6.99999050851473 	
5.49998562284665 	
7.62498091848023 	
5.59721440772749 	
7.34721125564176 	
8.99998418777949 	
2.99999597507436 	
9.99997801430668 	
1.99999660754433 	
7.57811243343118 	
7.12497943960871 	
8.24998259848005 	
7.24998832083314 	
0 	
2.49999474686613 	
9.67822121769386 	
8.34720745800803 	
5.7499863868225 	
10.0127186557073 	
8.74998012899887 	
5.09721660849779 	
0.999999481250932 	
6.4999879578367 	
0.999999358698125 	
5.59721681259887 	
8.59721031169208 	
3.74999164525604 	
7.59720717667697 	
7.74998324875379 	
10.9999761491628 	
3.74999052454248 	
3.49999297499763 	
2.49999638607231 	
11.3471964026733 	
10.4999747745224 	
2.9999958345855 	
6.87498808651314 	
10.2499804657616 	
8.22220021664055 	
10.0798396414896 	
8.69443326787788 	
8.69443300222475 	
2.99999622011282 	
4.49999324068997 	
