0.999999674307175 	
0.999999480761447 	
1.99999857684425 	
0 	
0 	
1.99999751115817 	
5.87498822101143 	
0.999999674307175 	
7.49998444866183 	
8.22220971777753 	
1.99999857684425 	
3.49999725557329 	
4.74999124672709 	
0.999999151454652 	
6.49999219874508 	
5.24999300466104 	
6.1944363119998 	
5.09721564573132 	
0.999999075432228 	
4.7499942690832 	
7.09720324571486 	
3.91666160025624 	
5.09721730627048 	
5.89582577109683 	
2.49999936383076 	
5.62498556496377 	
2.99999591431822 	
5.81249338844351 	
5.49999322952892 	
1.49999725801586 	
4.1249931533883 	
1.4999991831514 	
3.24999251988918 	
0.999999077353539 	
8.37498505471342 	
4.24999550052961 	
0 	
3.49999570085432 	
3.99999331529561 	
3.24999804956474 	
4.24999019250022 	
3.41666388647875 	
1.99999720316506 	
7.49304464452618 	
3.12499409938803 	
5.84720846349847 	
5.89582702198822 	
0.999998782052696 	
5.4999902095528 	
0 	
1.9999981544939 	
0 	
3.49999471450777 	
4.49999431637493 	
1.49999945202234 	
0 	
0.999999632186113 	
5.12499115478624 	
5.7499887505576 	
5.49999282360158 	
1.49999893263319 	
0.999999632186113 	
0.999999002910543 	
3.49999739964019 	
0.999998481277345 	
4.84720813401257 	
2.74999568239876 	
2.99999806020818 	
3.74999620602928 	
1.9999973092601 	
2.99999700873163 	
8.24998462528156 	
0.999999481250932 	
5.74999381491263 	
6.99999049119686 	
5.999991128548 	
5.49999459844548 	
2.999996424353 	
1.99999865224599 	
1.49999902894885 	
0.999998923078963 	
3.49999497304741 	
0 	
9.59720339471915 	
2.99999744393963 	
6.24999417839282 	
2.2499969376144 	
1.49999876307492 	
0 	
0 	
5.12498864118436 	
0.999999271778114 	
2.99999774095368 	
2.49999611065863 	
2.49999522877515 	
6.99998462111199 	
6.24999283675726 	
2.49999811683676 	
4.99999472505617 	
6.49999211729848 	
