7.37499303150326 	
6.74998860053454 	
1.99999645490106 	
1.99999764319358 	
0 	
7.09721283539105 	
0 	
4.31249404439706 	
4.4999968628883 	
0 	
1.49999876307492 	
2.49999545229646 	
7.74998583147556 	
6.5972130007979 	
2.99999540987704 	
4.99998805263506 	
1.99999753940073 	
0 	
3.49999587308255 	
2.49999588878596 	
0.999999480761448 	
4.49999461672601 	
4.81249069808104 	
5.6249904822643 	
4.49999464319373 	
6.4999869582333 	
0.999998923078963 	
3.41666283052357 	
1.99999784615793 	
1.99999877993995 	
4.74999173801444 	
8.92822229058915 	
5.49999331008827 	
7.62498865420788 	
0.99999895272789 	
8.27545541305787 	
4.12499644536534 	
1.99999784615793 	
4.49999390187479 	
3.74999660287624 	
5.99999333010398 	
2.99999742073694 	
5.22221570726758 	
7.87498672767778 	
3.49999492432594 	
5.99999093714873 	
4.24999702576919 	
5.24998929937319 	
3.49999775116065 	
2.99999676923689 	
1.99999932899716 	
0 	
2.49999845850451 	
6.49999007341352 	
8.19443501109001 	
4.99998759857614 	
0.999998923078963 	
7.77081723891854 	
7.51735471083069 	
6.59721569614629 	
1.49999830080934 	
4.99999094825922 	
0 	
2.4166630868778 	
0.99999895272789 	
1.99999720316506 	
4.99999280850826 	
5.59721325285974 	
5.97221556501511 	
0.999999358698126 	
1.99999689140866 	
5.09721481147867 	
8.67822880809442 	
0.999999481250932 	
0.999998364929024 	
0 	
0 	
6.99999138038422 	
4.99999052178797 	
5.74999338165526 	
3.99999260532449 	
5.74999342268692 	
2.7499978714374 	
4.99999196174031 	
5.49999470382096 	
2.74999671061539 	
2.99999670948018 	
6.59721579276003 	
0.999998259031573 	
2.99999641250277 	
3.12499565791405 	
1.49999819346348 	
0.999998185223192 	
4.74999147337397 	
4.499994035382 	
1.99999693566197 	
0 	
0 	
2.74999763837166 	
6.81249038926804 	
