0.999999955750158 	
0.999999834909781 	
0.999999674307175 	
2.74999773958736 	
0 	
1.99999933545574 	
0.999999674307175 	
0 	
0 	
2.4166650115433 	
0.999999955750158 	
0.999999834909781 	
0.999999674307175 	
2.74999773958736 	
0 	
1.99999933545574 	
0.999999674307175 	
0 	
0 	
2.4166650115433 	
0 	
2.66666479460314 	
0.999999632186113 	
0.999999883968031 	
0.999999834909781 	
2.9999987764146 	
0 	
0 	
1.74999923163423 	
0 	
1.99999933545574 	
2.41666502559257 	
0.999999955750158 	
1.66666619070354 	
2.41666502559257 	
1.66666619070354 	
1.99999933545574 	
1.99999966981956 	
0 	
0.999999834909781 	
0 	
0.999999955750158 	
0.999999632186113 	
0.999999674307175 	
0.999999955750158 	
0.999999834909781 	
0 	
1.66666629127801 	
2.66666499351234 	
1.99999926437223 	
0.999999955750158 	
1.99999966981956 	
1.99999933545574 	
2.74999773958736 	
1.66666629127801 	
0 	
1.99999966981956 	
0.999999674307175 	
0.999999834909781 	
0.999999834909781 	
