3.41666336547436 	
4.41666117540184 	
4.41666117540184 	
4.41666117540184 	
4.41666117540184 	
4.41666117540184 	
1.99999926437223 	
3.66666370610646 	
4.41666117540184 	
4.41666117540184 	
3.41666336547436 	
4.41666117540184 	
4.41666117540184 	
4.41666117540184 	
4.41666117540184 	
4.41666117540184 	
1.99999926437223 	
3.66666370610646 	
4.41666117540184 	
4.41666117540184 	
3.41666336547436 	
4.41666117540184 	
3.74999637851961 	
3.41666336547436 	
1.99999926437223 	
3.74999637851961 	
1.99999926437223 	
4.41666117540184 	
4.41666117540184 	
4.41666117540184 	
3.66666370610646 	
4.41666117540184 	
4.41666117540184 	
4.41666117540184 	
1.99999926437223 	
3.66666370610646 	
4.41666117540184 	
4.41666117540184 	
4.41666117540184 	
3.41666336547436 	
3.66666370610646 	
3.41666310686437 	
1.99999966981956 	
4.41666117540184 	
4.41666117540184 	
3.74999637851961 	
3.41666336547436 	
3.41666336547436 	
4.41666117540184 	
3.41666336547436 	
4.41666117540184 	
4.41666117540184 	
4.41666117540184 	
3.41666336547436 	
3.74999637851961 	
4.41666117540184 	
1.99999926437223 	
4.41666117540184 	
4.41666117540184 	
4.41666117540184 	
4.41666117540184 	
4.41666117540184 	
4.41666117540184 	
3.41666310686437 	
1.99999966981956 	
3.66666370610646 	
4.41666117540184 	
3.66666370610646 	
3.41666310686437 	
3.66666370610646 	
4.41666117540184 	
4.41666117540184 	
4.41666117540184 	
3.41666310686437 	
1.99999966981956 	
3.66666370610646 	
4.41666117540184 	
3.66666370610646 	
3.41666310686437 	
3.66666370610646 	
4.41666117540184 	
4.41666117540184 	
4.41666117540184 	
4.41666117540184 	
3.74999637851961 	
4.41666117540184 	
4.41666117540184 	
4.41666117540184 	
1.99999926437223 	
4.41666117540184 	
4.41666117540184 	
4.41666117540184 	
3.66666370610646 	
3.66666370610646 	
1.99999966981956 	
4.41666117540184 	
4.41666117540184 	
4.41666117540184 	
1.99999966981956 	
1.99999966981956 	
4.41666117540184 	
3.41666336547436 	
3.66666370610646 	
3.41666336547436 	
3.41666310686437 	
3.41666336547436 	
3.74999637851961 	
1.99999966981956 	
4.41666117540184 	
3.66666370610646 	
3.41666336547436 	
4.41666117540184 	
4.41666117540184 	
4.41666117540184 	
1.99999966981956 	
4.41666117540184 	
3.41666336547436 	
1.99999966981956 	
4.41666117540184 	
4.41666117540184 	
4.41666117540184 	
3.66666370610646 	
3.41666310686437 	
4.41666117540184 	
4.41666117540184 	
4.41666117540184 	
1.99999966981956 	
1.99999926437223 	
4.41666117540184 	
3.41666310686437 	
1.99999966981956 	
1.99999966981956 	
4.41666117540184 	
4.41666117540184 	
4.41666117540184 	
4.41666117540184 	
1.99999966981956 	
3.66666370610646 	
4.41666117540184 	
4.41666117540184 	
4.41666117540184 	
4.41666117540184 	
4.41666117540184 	
3.41666336547436 	
4.41666117540184 	
4.41666117540184 	
4.41666117540184 	
1.99999966981956 	
4.41666117540184 	
3.66666370610646 	
3.74999637851961 	
3.41666310686437 	
3.41666310686437 	
4.41666117540184 	
3.41666336547436 	
4.41666117540184 	
4.41666117540184 	
4.41666117540184 	
1.99999926437223 	
3.41666310686437 	
4.41666117540184 	
4.41666117540184 	
4.41666117540184 	
4.41666117540184 	
3.41666336547436 	
3.74999637851961 	
4.41666117540184 	
3.41666336547436 	
3.41666336547436 	
4.41666117540184 	
4.41666117540184 	
4.41666117540184 	
4.41666117540184 	
4.41666117540184 	
4.41666117540184 	
3.41666310686437 	
4.41666117540184 	
1.99999966981956 	
4.41666117540184 	
4.41666117540184 	
4.41666117540184 	
4.41666117540184 	
3.41666336547436 	
3.74999637851961 	
3.66666370610646 	
4.41666117540184 	
3.41666336547436 	
4.41666117540184 	
3.74999637851961 	
1.99999966981956 	
4.41666117540184 	
4.41666117540184 	
1.99999966981956 	
3.41666336547436 	
3.41666310686437 	
1.99999926437223 	
1.99999966981956 	
4.41666117540184 	
1.99999926437223 	
3.41666310686437 	
4.49999642918162 	
4.74999701040163 	
5.49999507950197 	
2.74999820834646 	
3.74999754819337 	
4.49999642918162 	
3.74999742005522 	
4.49999642918162 	
3.49999683581784 	
5.49999507950197 	
4.74999701040163 	
4.49999563383421 	
1.99999966981956 	
0 	
3.49999718799853 	
0.999999674307175 	
4.74999691871653 	
3.74999742005522 	
3.74999789214643 	
4.74999691871653 	
0.999999955750158 	
3.74999742005522 	
3.74999789214643 	
3.74999799545277 	
4.74999691871653 	
4.74999691871653 	
1.99999966981956 	
4.49999642918162 	
0.999999674307175 	
5.49999507950197 	
3.74999742005522 	
2.74999888109405 	
3.49999718799853 	
4.49999563383421 	
0.999999834909781 	
3.99999857917373 	
5.49999507950197 	
4.49999563383421 	
4.49999642918162 	
3.74999742005522 	
5.49999507950197 	
3.74999799545277 	
5.49999507950197 	
4.74999691871653 	
4.49999642918162 	
3.74999742005522 	
3.74999799545277 	
4.49999563383421 	
4.74999701040163 	
4.74999701040163 	
1.99999926437223 	
