4.49999642918162 	
5.49999507950197 	
5.49999507950197 	
4.49999642918162 	
1.99999966981956 	
5.49999507950197 	
4.49999563383421 	
5.49999507950197 	
3.49999718799853 	
3.74999789214643 	
4.74999701040163 	
5.49999507950197 	
5.49999507950197 	
0.999999955750158 	
4.74999701040163 	
5.49999507950197 	
4.49999563383421 	
0.999999834909781 	
5.49999507950197 	
5.49999507950197 	
5.49999507950197 	
5.49999507950197 	
5.49999507950197 	
1.99999966981956 	
4.49999563383421 	
4.74999701040163 	
5.49999507950197 	
1.99999966981956 	
3.49999718799853 	
3.74999742005522 	
4.49999642918162 	
5.49999507950197 	
5.49999507950197 	
4.49999563383421 	
1.99999966981956 	
3.74999742005522 	
4.49999642918162 	
4.74999691871653 	
1.99999966981956 	
5.49999507950197 	
4.74999701040163 	
4.74999691871653 	
4.49999563383421 	
3.74999789214643 	
1.99999966981956 	
3.74999742005522 	
3.74999789214643 	
3.74999742005522 	
1.99999966981956 	
4.49999563383421 	
4.49999563383421 	
