0 	
0.999999955750158 	
0.999999948466456 	
0 	
0.999999955750158 	
0 	
0 	
0 	
0.999999834909781 	
0 	
0 	
0.999999955750158 	
0.999999948466456 	
0 	
0.999999955750158 	
0 	
0 	
0 	
0.999999834909781 	
0 	
0 	
0.999999834909781 	
0.999999955750158 	
0 	
0 	
0.999999674307175 	
0 	
1.66666619070354 	
0 	
0 	
0 	
0 	
0 	
0 	
0.999999955750158 	
0 	
0.999999834909781 	
0 	
0.999999955750158 	
0 	
0 	
0 	
0 	
0 	
0 	
0 	
0 	
0 	
0 	
0 	
0 	
0 	
0.999999674307175 	
0 	
0 	
1.66666629127801 	
0.999999955750158 	
0 	
0.999999674307175 	
0 	
0 	
0 	
0 	
0 	
0 	
0 	
0 	
0 	
0 	
0 	
0 	
0 	
0 	
0 	
0 	
0 	
0 	
0 	
0 	
0 	
0 	
0 	
0 	
0 	
0 	
1.99999970759252 	
0 	
0 	
3.49999798159795 	
0 	
0.999999955750158 	
0 	
0 	
1.99999970759252 	
0 	
0 	
0 	
0 	
2.74999888109405 	
0 	
0 	
0 	
1.99999970759252 	
0 	
0 	
0 	
0 	
2.99999911337028 	
0 	
0 	
0 	
0 	
0 	
0 	
0 	
0 	
0 	
0 	
0 	
0 	
0 	
0 	
0 	
0 	
0 	
0 	
0.999999955750158 	
0 	
0 	
0 	
0 	
0 	
0 	
0 	
0.999999955750158 	
0 	
0 	
0 	
0 	
0 	
0 	
0 	
0 	
0 	
0 	
0 	
0.999999834909781 	
0 	
0 	
0 	
0 	
0 	
0 	
1.99999937108649 	
0 	
0 	
0 	
0 	
0 	
0 	
0 	
0 	
0 	
0.999999955750158 	
0 	
0 	
0 	
0 	
1.99999970759252 	
0 	
