2.9999987764146 	
1.99999926437223 	
3.41666310686437 	
0.999999674307175 	
2.4166650115433 	
3.66666370610646 	
3.74999637851961 	
3.41666336547436 	
0 	
3.74999637851961 	
2.9999987764146 	
1.99999926437223 	
3.41666310686437 	
0.999999674307175 	
2.4166650115433 	
3.66666370610646 	
3.74999637851961 	
3.41666336547436 	
0 	
3.74999637851961 	
0.999999674307175 	
1.99999921140241 	
0.999999674307175 	
0 	
3.41666310686437 	
1.66666619070354 	
0.999999632186113 	
0 	
2.41666502559257 	
4.41666117540184 	
3.41666310686437 	
3.74999637851961 	
1.99999933545574 	
4.41666117540184 	
2.41666479960746 	
3.41666336547436 	
3.41666310686437 	
3.74999637851961 	
0.999999955750158 	
3.74999637851961 	
1.99999926437223 	
0.999999674307175 	
2.66666479460314 	
1.99999926437223 	
2.74999760993195 	
1.99999926437223 	
1.66666619070354 	
2.66666499351234 	
0.999999674307175 	
0.999999632186113 	
1.74999923163423 	
3.66666370610646 	
1.99999966981956 	
3.41666336547436 	
0.999999834909781 	
0.999999955750158 	
0.999999834909781 	
2.4166650115433 	
2.41666479960746 	
3.41666336547436 	
