2.4166650115433 	
0 	
0.999999632186113 	
0.999999955750158 	
0 	
0 	
0 	
0 	
0 	
0 	
2.4166650115433 	
0 	
0.999999632186113 	
0.999999955750158 	
0 	
0 	
0 	
0 	
0 	
0 	
0 	
2.4166650115433 	
0 	
0 	
0.999999948466456 	
0 	
0 	
0 	
0 	
0.999999883968031 	
0 	
0 	
0.999999955750158 	
0 	
0.999999955750158 	
0 	
0.999999955750158 	
0 	
0 	
0.999999834909781 	
0 	
0 	
0.999999955750158 	
0 	
0 	
1.74999941875956 	
0 	
0.999999834909781 	
0 	
0.999999674307175 	
2.4166650115433 	
0 	
0.999999955750158 	
0 	
0 	
0 	
0 	
0 	
0 	
0 	
0 	
0 	
0.999999955750158 	
0 	
0 	
0 	
0 	
0 	
0 	
0 	
0 	
2.74999823660233 	
0 	
0 	
0 	
0 	
0 	
0 	
2.74999858975924 	
3.49999798159795 	
0.999999955750158 	
0 	
0 	
0 	
0 	
1.99999937108649 	
0 	
0 	
0 	
0 	
0 	
0 	
0 	
0 	
0 	
0.999999955750158 	
0 	
0 	
0 	
1.99999970759252 	
0 	
0.999999955750158 	
0 	
0.999999955750158 	
0.999999955750158 	
0 	
0 	
0.999999955750158 	
0 	
0 	
0 	
0 	
0 	
0 	
0.999999834909781 	
0 	
0 	
0 	
0 	
0 	
0 	
1.99999970759252 	
0 	
0 	
0 	
0 	
0 	
0 	
0 	
0 	
0 	
0 	
0.999999955750158 	
0 	
0.999999955750158 	
1.99999970759252 	
0 	
0 	
0 	
0.999999955750158 	
0 	
0 	
0.999999955750158 	
0.999999955750158 	
0 	
0 	
0 	
0 	
0 	
0 	
0 	
0 	
0 	
0 	
0 	
0 	
0 	
0.999999955750158 	
0 	
0 	
0 	
0 	
0 	
0 	
0 	
0 	
1.99999970759252 	
0 	
0 	
0.999999955750158 	
