3.41666336547436 	
1.99999966981956 	
3.74999637851961 	
3.41666336547436 	
2.74999760993195 	
4.41666117540184 	
3.41666310686437 	
4.41666117540184 	
3.41666336547436 	
1.99999926437223 	
3.41666336547436 	
1.99999966981956 	
3.74999637851961 	
3.41666336547436 	
2.74999760993195 	
4.41666117540184 	
3.41666310686437 	
4.41666117540184 	
3.41666336547436 	
1.99999926437223 	
3.41666310686437 	
1.99999966981956 	
3.41666336547436 	
3.41666310686437 	
3.66666370610646 	
4.41666117540184 	
4.41666117540184 	
4.41666117540184 	
4.41666117540184 	
4.41666117540184 	
0.999999834909781 	
3.41666310686437 	
3.66666370610646 	
3.41666310686437 	
4.41666117540184 	
3.66666370610646 	
4.41666117540184 	
4.41666117540184 	
0.999999955750158 	
3.41666336547436 	
1.99999926437223 	
1.99999926437223 	
4.41666117540184 	
3.66666370610646 	
3.41666336547436 	
4.41666117540184 	
0.999999674307175 	
3.41666310686437 	
1.99999926437223 	
4.41666117540184 	
4.41666117540184 	
3.66666370610646 	
0.999999834909781 	
3.41666336547436 	
3.41666336547436 	
4.41666117540184 	
4.41666117540184 	
1.99999966981956 	
3.41666336547436 	
2.66666499351234 	
3.66666370610646 	
2.74999760993195 	
1.99999966981956 	
4.41666117540184 	
4.41666117540184 	
1.99999966981956 	
1.99999926437223 	
3.41666310686437 	
1.99999966981956 	
1.99999926437223 	
3.66666370610646 	
2.74999760993195 	
1.99999966981956 	
4.41666117540184 	
4.41666117540184 	
1.99999966981956 	
1.99999926437223 	
3.41666310686437 	
1.99999966981956 	
1.99999926437223 	
4.41666117540184 	
2.66666479460314 	
0.999999632186113 	
4.41666117540184 	
3.41666310686437 	
3.41666310686437 	
1.99999966981956 	
1.99999966981956 	
3.41666310686437 	
4.41666117540184 	
1.99999926437223 	
1.99999966981956 	
3.74999637851961 	
3.74999637851961 	
3.41666310686437 	
3.41666310686437 	
3.41666336547436 	
4.41666117540184 	
3.41666310686437 	
3.74999637851961 	
3.66666370610646 	
3.66666370610646 	
3.66666370610646 	
3.41666310686437 	
4.41666117540184 	
4.41666117540184 	
3.74999637851961 	
3.41666310686437 	
3.66666370610646 	
4.41666117540184 	
3.41666310686437 	
2.74999760993195 	
3.66666370610646 	
3.41666336547436 	
3.74999637851961 	
4.41666117540184 	
3.41666336547436 	
1.99999926437223 	
1.99999966981956 	
4.41666117540184 	
3.41666336547436 	
4.41666117540184 	
4.41666117540184 	
4.41666117540184 	
3.41666336547436 	
1.99999926437223 	
3.41666336547436 	
3.74999637851961 	
2.74999760993195 	
4.41666117540184 	
3.41666336547436 	
3.41666336547436 	
4.41666117540184 	
4.41666117540184 	
4.41666117540184 	
3.41666310686437 	
1.99999926437223 	
4.41666117540184 	
4.41666117540184 	
2.66666499351234 	
2.74999760993195 	
4.41666117540184 	
4.41666117540184 	
4.41666117540184 	
3.41666310686437 	
4.41666117540184 	
3.41666336547436 	
3.74999637851961 	
2.4166650115433 	
1.99999966981956 	
4.41666117540184 	
3.41666336547436 	
4.41666117540184 	
3.66666370610646 	
2.41666479960746 	
3.41666336547436 	
3.41666310686437 	
3.41666310686437 	
3.66666370610646 	
3.66666370610646 	
3.41666310686437 	
3.41666336547436 	
1.99999926437223 	
3.41666310686437 	
3.41666310686437 	
2.41666479960746 	
1.99999966981956 	
3.74999637851961 	
3.74999637851961 	
1.99999926437223 	
1.99999926437223 	
4.41666117540184 	
4.41666117540184 	
4.41666117540184 	
4.41666117540184 	
3.41666310686437 	
3.41666336547436 	
1.99999926437223 	
4.41666117540184 	
3.41666310686437 	
3.41666336547436 	
4.41666117540184 	
4.41666117540184 	
3.74999637851961 	
1.99999926437223 	
4.41666117540184 	
4.41666117540184 	
0.999999955750158 	
2.41666502559257 	
3.41666336547436 	
3.41666336547436 	
3.41666336547436 	
2.66666499351234 	
4.41666117540184 	
3.41666310686437 	
2.74999760993195 	
2.66666499351234 	
2.4166650115433 	
3.41666310686437 	
3.66666370610646 	
4.74999701040163 	
4.74999701040163 	
4.49999563383421 	
3.49999718799853 	
3.74999742005522 	
4.49999563383421 	
4.74999691871653 	
0.999999632186113 	
3.49999683581784 	
0 	
3.99999857917373 	
0.999999632186113 	
4.74999691871653 	
2.74999866212173 	
3.74999799545277 	
2.74999820834646 	
3.49999798159795 	
3.49999798159795 	
3.99999857917373 	
0.999999632186113 	
0.999999955750158 	
0.999999955750158 	
3.49999798159795 	
2.99999895380229 	
0.999999955750158 	
2.74999904188744 	
0.999999632186113 	
0.999999955750158 	
3.74999799545277 	
3.74999742005522 	
3.74999789214643 	
3.99999857917373 	
2.74999904188744 	
3.74999754819337 	
4.74999701040163 	
3.49999798159795 	
3.74999754819337 	
0.999999955750158 	
0.999999955750158 	
4.49999642918162 	
4.49999642918162 	
3.74999789214643 	
0 	
4.49999642918162 	
4.74999691871653 	
0.999999834909781 	
2.74999858975924 	
4.49999642918162 	
3.49999718799853 	
0 	
1.99999937108649 	
