3.41666336547436 	
2.66666479460314 	
1.99999926437223 	
1.99999926437223 	
1.99999926437223 	
0.999999674307175 	
0 	
1.99999966981956 	
2.41666502559257 	
2.74999773958737 	
3.41666336547436 	
2.66666479460314 	
1.99999926437223 	
1.99999926437223 	
1.99999926437223 	
0.999999674307175 	
0 	
1.99999966981956 	
2.41666502559257 	
2.74999773958737 	
0.999999834909781 	
1.99999966981956 	
3.41666310686437 	
1.99999933545574 	
2.4166650115433 	
1.66666610786424 	
1.99999926437223 	
3.41666310686437 	
3.74999637851961 	
2.4166650115433 	
0 	
1.99999926437223 	
0.999999834909781 	
0.999999955750158 	
0 	
1.99999966981956 	
2.41666502559257 	
0 	
2.41666502559257 	
0.999999674307175 	
1.99999926437223 	
3.41666336547436 	
0.999999674307175 	
1.99999933545574 	
0.999999834909781 	
0.999999834909781 	
1.99999966981956 	
1.74999923163423 	
3.41666310686437 	
1.99999926437223 	
3.41666336547436 	
2.4166650115433 	
1.99999926437223 	
2.66666479460314 	
1.99999926437223 	
2.74999773958736 	
0 	
0.999999674307175 	
1.99999926437223 	
1.66666610786424 	
