5.49999507950197 	
5.49999507950197 	
5.49999507950197 	
4.49999563383421 	
5.49999507950197 	
5.49999507950197 	
5.49999507950197 	
4.49999563383421 	
5.49999507950197 	
5.49999507950197 	
5.49999507950197 	
5.49999507950197 	
5.49999507950197 	
5.49999507950197 	
4.74999691871653 	
5.49999507950197 	
4.49999563383421 	
5.49999507950197 	
5.49999507950197 	
5.49999507950197 	
1.99999966981956 	
4.74999701040163 	
4.49999563383421 	
5.49999507950197 	
5.49999507950197 	
5.49999507950197 	
5.49999507950197 	
4.49999563383421 	
4.74999691871653 	
4.49999642918162 	
5.49999507950197 	
4.74999691871653 	
1.99999966981956 	
5.49999507950197 	
5.49999507950197 	
5.49999507950197 	
5.49999507950197 	
4.74999691871653 	
4.74999701040163 	
5.49999507950197 	
5.49999507950197 	
5.49999507950197 	
5.49999507950197 	
4.49999563383421 	
4.49999642918162 	
5.49999507950197 	
5.49999507950197 	
5.49999507950197 	
5.49999507950197 	
5.49999507950197 	
5.49999507950197 	
