0.999999883968031 	
0 	
0 	
0.999999883968031 	
0.999999955750158 	
0 	
0 	
0 	
0.999999834909781 	
0 	
0.999999883968031 	
0 	
0 	
0.999999883968031 	
0.999999955750158 	
0 	
0 	
0 	
0.999999834909781 	
0 	
0 	
0 	
0 	
0 	
0.999999955750158 	
0.999999834909781 	
2.41666502559257 	
0 	
0 	
0 	
0 	
0.999999955750158 	
1.99999966981956 	
0 	
0 	
0 	
0.999999955750158 	
0 	
0 	
0 	
0 	
0 	
0 	
0.999999955750158 	
0.999999883968031 	
0 	
0.999999674307175 	
0 	
0 	
0 	
0.999999834909781 	
0 	
0.999999955750158 	
0 	
0.999999674307175 	
0 	
0 	
0 	
0 	
1.74999923163423 	
0 	
0 	
0 	
1.66666610786424 	
0 	
0 	
0 	
0 	
0 	
0.999999834909781 	
0.999999955750158 	
0 	
0.999999632186113 	
0 	
0 	
0 	
1.99999937108649 	
0 	
0 	
0 	
0 	
0 	
0.999999674307175 	
1.99999937108649 	
2.74999858975924 	
0.999999834909781 	
2.74999866212173 	
0 	
0.999999955750158 	
0 	
1.99999970759252 	
0 	
0 	
0 	
0.999999955750158 	
0 	
0 	
0 	
0 	
0 	
0 	
2.74999888109405 	
0 	
0 	
0.999999834909781 	
0 	
0 	
0 	
1.99999970759252 	
0 	
0 	
0.999999834909781 	
0.999999955750158 	
0 	
0 	
0.999999955750158 	
0 	
2.74999888109405 	
2.74999888109405 	
1.99999970759252 	
0 	
0 	
0 	
0 	
0 	
0.999999955750158 	
2.74999904188744 	
0 	
0 	
0 	
0 	
0 	
0 	
0 	
0 	
0 	
0 	
2.74999888109405 	
0 	
0 	
0.999999955750158 	
0 	
0 	
0 	
0 	
0 	
2.99999911337028 	
0 	
0 	
0 	
1.99999970759252 	
0 	
0.999999834909781 	
0.999999955750158 	
0 	
0 	
0.999999955750158 	
2.74999858975924 	
2.74999858975924 	
0 	
0 	
1.99999970759252 	
0 	
0 	
0.999999834909781 	
0.999999955750158 	
1.99999925212376 	
0.999999674307175 	
1.99999937108649 	
1.99999937108649 	
