0.999999948466456 	
0.999999955750158 	
2.66666499351234 	
0.999999834909781 	
0.999999955750158 	
2.41666479960746 	
1.99999921140241 	
0 	
3.41666336547436 	
1.74999941875956 	
0.999999948466456 	
0.999999955750158 	
2.66666499351234 	
0.999999834909781 	
0.999999955750158 	
2.41666479960746 	
1.99999921140241 	
0 	
3.41666336547436 	
1.74999941875956 	
0.999999955750158 	
3.66666370610646 	
2.74999773958737 	
0 	
0 	
0.999999674307175 	
0 	
0.999999955750158 	
0 	
0 	
2.4166650115433 	
0 	
0.999999948466456 	
0 	
0 	
0 	
0 	
2.41666502559257 	
0.999999834909781 	
2.66666499351234 	
0 	
0.999999883968031 	
0 	
1.74999923163423 	
1.99999966981956 	
0 	
0.999999955750158 	
0 	
0.999999674307175 	
0.999999955750158 	
0 	
0 	
0.999999955750158 	
0.999999955750158 	
0.999999955750158 	
0 	
0.999999674307175 	
0.999999955750158 	
0 	
2.66666479460314 	
