4.41666117540184 	
4.41666117540184 	
4.41666117540184 	
4.41666117540184 	
4.41666117540184 	
4.41666117540184 	
4.41666117540184 	
4.41666117540184 	
4.41666117540184 	
4.41666117540184 	
4.41666117540184 	
4.41666117540184 	
4.41666117540184 	
4.41666117540184 	
4.41666117540184 	
4.41666117540184 	
4.41666117540184 	
4.41666117540184 	
4.41666117540184 	
4.41666117540184 	
4.41666117540184 	
4.41666117540184 	
4.41666117540184 	
4.41666117540184 	
4.41666117540184 	
4.41666117540184 	
4.41666117540184 	
4.41666117540184 	
4.41666117540184 	
4.41666117540184 	
4.41666117540184 	
4.41666117540184 	
4.41666117540184 	
4.41666117540184 	
4.41666117540184 	
4.41666117540184 	
4.41666117540184 	
4.41666117540184 	
4.41666117540184 	
4.41666117540184 	
4.41666117540184 	
4.41666117540184 	
4.41666117540184 	
4.41666117540184 	
4.41666117540184 	
4.41666117540184 	
4.41666117540184 	
4.41666117540184 	
4.41666117540184 	
4.41666117540184 	
4.41666117540184 	
4.41666117540184 	
4.41666117540184 	
4.41666117540184 	
4.41666117540184 	
4.41666117540184 	
4.41666117540184 	
4.41666117540184 	
4.41666117540184 	
4.41666117540184 	
4.41666117540184 	
4.41666117540184 	
4.41666117540184 	
4.41666117540184 	
4.41666117540184 	
4.41666117540184 	
4.41666117540184 	
4.41666117540184 	
4.41666117540184 	
4.41666117540184 	
4.41666117540184 	
4.41666117540184 	
4.41666117540184 	
4.41666117540184 	
4.41666117540184 	
4.41666117540184 	
4.41666117540184 	
4.41666117540184 	
4.41666117540184 	
4.41666117540184 	
4.41666117540184 	
4.41666117540184 	
4.41666117540184 	
4.41666117540184 	
4.41666117540184 	
4.41666117540184 	
4.41666117540184 	
4.41666117540184 	
4.41666117540184 	
4.41666117540184 	
4.41666117540184 	
4.41666117540184 	
4.41666117540184 	
4.41666117540184 	
4.41666117540184 	
4.41666117540184 	
4.41666117540184 	
4.41666117540184 	
4.41666117540184 	
4.41666117540184 	
4.41666117540184 	
4.41666117540184 	
4.41666117540184 	
4.41666117540184 	
4.41666117540184 	
4.41666117540184 	
4.41666117540184 	
4.41666117540184 	
4.41666117540184 	
4.41666117540184 	
4.41666117540184 	
4.41666117540184 	
4.41666117540184 	
4.41666117540184 	
4.41666117540184 	
4.41666117540184 	
4.41666117540184 	
4.41666117540184 	
4.41666117540184 	
4.41666117540184 	
4.41666117540184 	
4.41666117540184 	
4.41666117540184 	
4.41666117540184 	
4.41666117540184 	
4.41666117540184 	
4.41666117540184 	
4.41666117540184 	
4.41666117540184 	
4.41666117540184 	
4.41666117540184 	
4.41666117540184 	
4.41666117540184 	
4.41666117540184 	
4.41666117540184 	
4.41666117540184 	
4.41666117540184 	
4.41666117540184 	
4.41666117540184 	
4.41666117540184 	
4.41666117540184 	
4.41666117540184 	
4.41666117540184 	
4.41666117540184 	
4.41666117540184 	
4.41666117540184 	
4.41666117540184 	
4.41666117540184 	
4.41666117540184 	
4.41666117540184 	
4.41666117540184 	
4.41666117540184 	
4.41666117540184 	
4.41666117540184 	
4.41666117540184 	
4.41666117540184 	
4.41666117540184 	
4.41666117540184 	
4.41666117540184 	
4.41666117540184 	
4.41666117540184 	
4.41666117540184 	
4.41666117540184 	
4.41666117540184 	
4.41666117540184 	
4.41666117540184 	
4.41666117540184 	
4.41666117540184 	
4.41666117540184 	
4.41666117540184 	
4.41666117540184 	
4.41666117540184 	
4.41666117540184 	
4.41666117540184 	
4.41666117540184 	
4.41666117540184 	
4.41666117540184 	
4.41666117540184 	
4.41666117540184 	
4.41666117540184 	
4.41666117540184 	
4.41666117540184 	
4.41666117540184 	
4.41666117540184 	
4.41666117540184 	
4.41666117540184 	
4.41666117540184 	
4.41666117540184 	
4.41666117540184 	
4.41666117540184 	
4.41666117540184 	
4.41666117540184 	
4.41666117540184 	
4.41666117540184 	
4.41666117540184 	
4.41666117540184 	
4.41666117540184 	
4.41666117540184 	
4.41666117540184 	
4.41666117540184 	
4.74999691871653 	
4.49999642918162 	
4.74999691871653 	
4.74999701040163 	
5.49999507950197 	
4.49999563383421 	
3.74999789214643 	
5.49999507950197 	
4.49999642918162 	
4.49999642918162 	
4.74999701040163 	
4.49999563383421 	
0.999999834909781 	
5.49999507950197 	
5.49999507950197 	
3.74999754819337 	
4.49999563383421 	
4.74999701040163 	
5.49999507950197 	
5.49999507950197 	
2.74999866212173 	
5.49999507950197 	
3.74999799545277 	
3.49999718799853 	
5.49999507950197 	
4.49999642918162 	
4.49999563383421 	
5.49999507950197 	
0.999999955750158 	
0.999999955750158 	
1.99999966981956 	
4.49999563383421 	
5.49999507950197 	
1.99999966981956 	
4.49999642918162 	
4.74999701040163 	
4.49999563383421 	
1.99999966981956 	
1.99999966981956 	
4.49999642918162 	
1.99999966981956 	
4.49999642918162 	
4.49999563383421 	
3.99999857917373 	
3.74999789214643 	
1.99999966981956 	
4.49999563383421 	
0.999999834909781 	
1.99999926437223 	
5.49999507950197 	
5.49999507950197 	
