0 	
2.66666479460314 	
0 	
0.999999955750158 	
0 	
0 	
0 	
0.999999674307175 	
1.99999926437223 	
0.999999674307175 	
0 	
2.66666479460314 	
0 	
0.999999955750158 	
0 	
0 	
0 	
0.999999674307175 	
1.99999926437223 	
0.999999674307175 	
1.66666610786424 	
0.999999955750158 	
0 	
0 	
0.999999834909781 	
0 	
1.99999933545574 	
0 	
0 	
0.999999674307175 	
0.999999834909781 	
0 	
0 	
0 	
0 	
0.999999955750158 	
0.999999674307175 	
1.66666629127801 	
0 	
0.999999955750158 	
1.74999923163423 	
0.999999834909781 	
0 	
0 	
0 	
0 	
0.999999834909781 	
0 	
0 	
0 	
0 	
0.999999834909781 	
0 	
0.999999834909781 	
1.99999933545574 	
0 	
0 	
0.999999883968031 	
0.999999674307175 	
0 	
