1.99999933545574 	
4.41666117540184 	
0 	
0.999999955750158 	
0.999999834909781 	
1.99999966981956 	
1.99999966981956 	
2.74999773958736 	
2.66666499351234 	
0.999999674307175 	
1.99999933545574 	
4.41666117540184 	
0 	
0.999999955750158 	
0.999999834909781 	
1.99999966981956 	
1.99999966981956 	
2.74999773958736 	
2.66666499351234 	
0.999999674307175 	
2.41666502559257 	
0 	
2.74999773958736 	
2.41666479960746 	
1.74999941875956 	
0.999999834909781 	
1.99999966981956 	
1.66666619070354 	
3.41666336547436 	
0.999999955750158 	
0.999999834909781 	
0.999999674307175 	
3.66666370610646 	
0.999999834909781 	
0.999999632186113 	
1.99999966981956 	
3.41666336547436 	
3.41666310686437 	
2.66666499351234 	
0.999999955750158 	
0 	
3.41666336547436 	
0.999999674307175 	
0.999999955750158 	
2.66666499351234 	
2.74999773958737 	
0.999999834909781 	
0 	
1.66666610786424 	
1.99999966981956 	
0.999999674307175 	
1.99999966981956 	
2.74999760993195 	
3.41666336547436 	
1.74999923163423 	
0.999999955750158 	
0.999999674307175 	
0 	
0 	
2.41666479960746 	
