5.49999507950197 	
5.49999507950197 	
5.49999507950197 	
5.49999507950197 	
5.49999507950197 	
5.49999507950197 	
5.49999507950197 	
5.49999507950197 	
5.49999507950197 	
5.49999507950197 	
5.49999507950197 	
5.49999507950197 	
5.49999507950197 	
5.49999507950197 	
5.49999507950197 	
5.49999507950197 	
5.49999507950197 	
5.49999507950197 	
5.49999507950197 	
5.49999507950197 	
5.49999507950197 	
5.49999507950197 	
5.49999507950197 	
5.49999507950197 	
5.49999507950197 	
5.49999507950197 	
5.49999507950197 	
5.49999507950197 	
5.49999507950197 	
5.49999507950197 	
5.49999507950197 	
5.49999507950197 	
5.49999507950197 	
5.49999507950197 	
5.49999507950197 	
5.49999507950197 	
5.49999507950197 	
5.49999507950197 	
5.49999507950197 	
5.49999507950197 	
5.49999507950197 	
5.49999507950197 	
5.49999507950197 	
5.49999507950197 	
5.49999507950197 	
5.49999507950197 	
5.49999507950197 	
5.49999507950197 	
5.49999507950197 	
5.49999507950197 	
5.49999507950197 	
