0 	
0.999998736321736 	
0.999999051189899 	
1.99999771848993 	
0 	
0 	
1.99999830006787 	
0 	
0 	
0.999999051189899 	
1.99999830006787 	
1.99999830006787 	
0.999999150033936 	
1.99999771848993 	
0.999998905533304 	
0.999999051189899 	
1.9999981023798 	
0 	
0 	
0 	
0 	
0.999999051189899 	
0 	
3.49999580525239 	
0.999999150033936 	
0 	
0 	
0.999999150033936 	
1.9999981023798 	
0.999999051189899 	
0.999999150033936 	
0 	
1.49999980424771 	
0 	
0.999999051189899 	
0 	
0.999998905533304 	
1.99999830006787 	
0.999999051189899 	
0 	
0.999999150033936 	
0.999999150033936 	
0.999999150033936 	
1.99999830006787 	
1.99999830006787 	
0.999999150033936 	
0.999999051189899 	
1.99999830006787 	
1.49999819346348 	
0.999999150033936 	
1.49999819346348 	
0.999998905533304 	
0.999999051189899 	
0 	
0 	
0 	
1.99999830006787 	
0.999998905533304 	
1.99999830006787 	
1.99999771848993 	
0.999999051189899 	
0.999998905533304 	
0 	
0 	
1.99999830006787 	
0.999999150033936 	
0.999999150033936 	
0.999999150033936 	
0.999999051189899 	
0.999999150033936 	
0.999999150033936 	
1.99999830006787 	
0.999999150033936 	
0.999999051189899 	
0.999999150033936 	
0 	
1.99999830006787 	
0.999999150033936 	
0 	
0.999999051189899 	
0.999999150033936 	
0.999999051189899 	
1.99999830006787 	
1.99999830006787 	
0 	
0.999999150033936 	
0.999999150033936 	
0 	
0.999999150033936 	
0.999999150033936 	
0.999999051189899 	
0.999999150033936 	
0.999999150033936 	
0 	
0.999999150033936 	
2.49999683625499 	
0.999999150033936 	
2.49999683625499 	
0 	
0 	
1.99999771848993 	
0 	
