0 	
0.999999051189899 	
0 	
0 	
0.999999150033936 	
0 	
0 	
0.999999150033936 	
2.49999683625499 	
0.999999051189899 	
2.49999683625499 	
0 	
0 	
0 	
0.999999051189899 	
0 	
1.49999980424771 	
1.49999819346348 	
0 	
0.999999150033936 	
0.999999051189899 	
0 	
1.99999830006787 	
0.999999150033936 	
0 	
0 	
1.99999830006787 	
0 	
0.999999150033936 	
0.999999150033936 	
1.99999830006787 	
0 	
0 	
1.9999981023798 	
1.99999771848993 	
0 	
2.49999683625499 	
1.99999830006787 	
0.999999150033936 	
0 	
1.9999981023798 	
0.999999051189899 	
0.999999051189899 	
1.9999981023798 	
1.49999819346348 	
0.999999150033936 	
0 	
0.999999051189899 	
0 	
0 	
0.999999150033936 	
1.49999819346348 	
0 	
0.999999051189899 	
0.999999150033936 	
0.999999150033936 	
0.999999051189899 	
0.999999955750158 	
1.99999830006787 	
0.999999150033936 	
0.999999051189899 	
1.99999830006787 	
1.99999830006787 	
2.49999683625499 	
0 	
0.999999051189899 	
0 	
1.99999830006787 	
1.99999830006787 	
0 	
0 	
0 	
0.999999150033936 	
0.999999150033936 	
0 	
0 	
0 	
0 	
0.999999051189899 	
1.9999981023798 	
0 	
0.999999150033936 	
0.999999150033936 	
1.99999830006787 	
1.9999981023798 	
1.99999830006787 	
0.999999150033936 	
0 	
0.999999150033936 	
0 	
2.49999683625499 	
1.99999830006787 	
1.9999981023798 	
0 	
0 	
0.999999150033936 	
0.999999150033936 	
0.999999150033936 	
0.999999150033936 	
0 	
0.999999150033936 	
