1.99999771848993 	
0.999999051189899 	
1.99999830006787 	
0 	
1.99999830006787 	
0.999999051189899 	
0.999999150033936 	
2.99999685913736 	
0.999998905533304 	
1.99999771848993 	
2.49999683625499 	
0.999999150033936 	
1.99999771848993 	
1.99999830006787 	
0.999999051189899 	
0 	
0 	
0.999999150033936 	
0.999999051189899 	
0 	
1.99999830006787 	
0 	
1.99999830006787 	
2.49999683625499 	
1.99999830006787 	
0.999999051189899 	
1.9999981023798 	
0 	
1.99999771848993 	
1.99999830006787 	
1.99999830006787 	
0.999999150033936 	
2.49999683625499 	
0.999999150033936 	
0.999999150033936 	
0.999999051189899 	
0 	
1.49999819346348 	
1.99999830006787 	
1.9999981023798 	
2.49999683625499 	
0.999999150033936 	
1.99999771848993 	
2.49999683625499 	
0.999999150033936 	
2.99999685913736 	
1.99999830006787 	
0 	
2.99999685913736 	
0.999999150033936 	
0.999999150033936 	
1.99999771848993 	
1.99999771848993 	
1.99999771848993 	
0.999999150033936 	
1.99999830006787 	
0.999998905533304 	
0.999999051189899 	
0.999999051189899 	
0 	
0.999999150033936 	
0.999999051189899 	
2.49999683625499 	
0.999999150033936 	
0 	
1.9999981023798 	
0.999999051189899 	
0.999999051189899 	
0.999998905533304 	
1.99999771848993 	
1.99999830006787 	
0.999999051189899 	
1.99999771848993 	
0.999998905533304 	
1.99999830006787 	
0.999999051189899 	
1.9999981023798 	
1.9999981023798 	
0.999999051189899 	
0.999999150033936 	
1.99999771848993 	
2.49999683625499 	
1.99999830006787 	
1.99999830006787 	
1.9999981023798 	
3.49999580525239 	
3.49999580525239 	
1.99999830006787 	
1.49999819346348 	
1.99999771848993 	
2.99999685913736 	
2.49999683625499 	
0 	
0 	
0.999999150033936 	
1.99999771848993 	
0.999999150033936 	
1.99999771848993 	
0.999999150033936 	
1.99999830006787 	
