0.999999901248782 	
2.7999905639891 	
2.99999417055668 	
1.99999844386666 	
0.999999674307175 	
1.99999947392119 	
1.99999730563716 	
0.999999884905103 	
1.99999620143674 	
1.99999691708419 	
1.99999925955033 	
7.93748943229318 	
3.99999821131202 	
2.74999823660233 	
0 	
4.99999619724083 	
3.99999821131202 	
1.99999750134629 	
3.74999711404631 	
1.9999986200448 	
4.74999329207385 	
2.99999822086715 	
1.99999778256141 	
1.9999986200448 	
3.49999677161523 	
0 	
4.74999592864607 	
0 	
1.99999857684425 	
3.99999748534765 	
2.7499978714374 	
3.74999675392923 	
3.99999412817483 	
3.7499963170816 	
2.99999861238401 	
2.99999788580052 	
0.999999748813936 	
0.999999666544599 	
2.99999918232585 	
5.99999573053275 	
0 	
1.99999910565601 	
7.99998964746485 	
1.99999845764699 	
0.999998773333598 	
2.99999654077016 	
1.99999900162489 	
1.99999866748731 	
1.99999910565601 	
3.49999577590319 	
5.99999441546551 	
1.99999926941578 	
5.99999441546551 	
1.9999993635404 	
4.74999496565812 	
2.99999747093531 	
0.999999236133908 	
1.9999981710566 	
0.999998977910281 	
2.99999918232585 	
2.74999888109405 	
5.2499951052363 	
1.99999878934161 	
3.9999953230032 	
0.999999855520611 	
1.99999840144513 	
2.99999772204389 	
1.99999937108649 	
3.9999971536885 	
0 	
3.99999756039156 	
2.99999683168595 	
5.74999283020619 	
2.99999823811123 	
1.99999857684425 	
3.99999630898781 	
1.99999866748731 	
4.99999710239897 	
1.99999910565601 	
0.999999625291197 	
3.49999663703507 	
0 	
2.74999676499049 	
1.99999878934161 	
3.99999654227145 	
0 	
3.9999981932187 	
0 	
0 	
1.9999981710566 	
0.999999098665657 	
2.49999614745306 	
3.99999636622452 	
6.24999148383484 	
1.99999926941578 	
2.99999823811123 	
3.99999850424752 	
2.74999783985878 	
3.9999971536885 	
6.93748922743593 	
3.99999636622452 	
2.99999672473014 	
1.99999926941578 	
2.99999918232585 	
0.999999098665657 	
0 	
1.99999857684425 	
2.7499980742022 	
5.49999501150424 	
0.999999391670172 	
1.99999798262039 	
