0.999999827192305 	
0.999999752650952 	
0.999999948466456 	
0 	
0 	
3.29999606932377 	
1.99999885957907 	
1.99999644019786 	
0.999999726098982 	
0.999999883968031 	
0 	
0.999999464071826 	
0.999999075432228 	
3.74999522342671 	
2.99999839005062 	
2.99999823811123 	
1.99999799826361 	
3.9999969127622 	
5.74999379478249 	
0 	
0.999999236133908 	
2.74999735523939 	
2.99999681645478 	
2.99999895496878 	
3.99999706995445 	
0.999999533150113 	
0 	
2.999994823001 	
2.99999822086715 	
3.74999538180751 	
2.99999683168595 	
1.99999937108649 	
2.99999846823145 	
2.99999876883854 	
1.99999910565601 	
0.999998861590164 	
5.93749229700717 	
1.49999876307492 	
3.99999756039156 	
4.93749400119866 	
5.99999646324415 	
1.99999815449391 	
0 	
1.49999860311264 	
4.99999619724084 	
3.49999714425724 	
0.999998871804723 	
2.99999581504329 	
2.99999895496878 	
4.9999928848332 	
2.74999676499049 	
4.99999628641265 	
1.9999986200448 	
0 	
2.99999736245125 	
2.99999744664827 	
4.9999943224335 	
0.999999236133908 	
1.99999815449391 	
1.99999925212376 	
0 	
0 	
0.999999666544599 	
3.74999675392923 	
0.999999703628503 	
5.99999441546551 	
1.99999926941578 	
0 	
0 	
3.74999704062235 	
4.99999628641265 	
2.99999761014542 	
1.9999981544939 	
0 	
1.9999996737167 	
1.99999926941578 	
3.99999748534765 	
2.99999788580052 	
5.99999155782083 	
1.99999878934161 	
0.999999703628503 	
1.99999925212376 	
2.74999823660233 	
2.99999788580052 	
1.99999882108138 	
1.9999981544939 	
1.99999926941578 	
1.99999910565601 	
3.99999500269257 	
1.99999761588545 	
1.99999925212376 	
5.93749360547089 	
2.99999822086715 	
0.999998905533304 	
4.99999525250456 	
4.99999628641265 	
0.999999666544599 	
1.99999827113573 	
5.99999073492668 	
0 	
3.99999626827105 	
0.999999391670172 	
3.4999968750492 	
3.99999523177091 	
2.99999918232585 	
4.99999308832826 	
0 	
2.7499972938257 	
1.99999927110994 	
1.99999788105946 	
3.74999699402152 	
4.49999585937809 	
1.99999857684425 	
