1.99999856727011 	
2.99999619208834 	
0.999997520552696 	
0 	
0 	
2.99999125141045 	
0.999998750375256 	
3.99999113296848 	
0.999999741155676 	
0.999999721186918 	
3.9999960818452 	
6.7499897485399 	
1.99999761588545 	
2.74999776667512 	
4.74999469931202 	
1.99999750134629 	
1.99999815449391 	
4.99999325584785 	
5.99999446308696 	
1.99999788105946 	
4.93749466377451 	
3.74999362584378 	
4.74999603024804 	
3.99999748534765 	
1.99999761588545 	
5.99999523535285 	
2.99999822086715 	
1.99999778256141 	
1.99999925212376 	
4.74999444734904 	
4.93749388906387 	
2.99999744664827 	
3.9999969732615 	
4.74999705768371 	
6.99999397745253 	
5.99999556808251 	
3.999996941153 	
5.74998991141152 	
1.99999761363494 	
4.49999556001233 	
4.99999256716901 	
2.49999875736744 	
2.99999895380229 	
5.74999283020619 	
4.74999537833838 	
3.74999780596388 	
3.99999636579591 	
5.99999332019708 	
6.9999914122797 	
3.99999764216277 	
2.99999544500814 	
4.9999953669367 	
5.99999071118652 	
2.99999895380229 	
1.99999867906581 	
3.99999209058022 	
1.9999996737167 	
4.99999596433714 	
5.74999038053994 	
3.74999520020007 	
2.74999689842802 	
3.99999370389694 	
2.99999566699152 	
5.99999320266165 	
5.99999270117958 	
2.99999623466304 	
0.999999320815288 	
3.99999545062878 	
4.99999444012396 	
1.99999878934161 	
3.74999604379213 	
3.99999576211891 	
4.99999139592244 	
0.999999151454652 	
3.99999429848488 	
5.74999399685383 	
0.99999866589421 	
7.93748489900521 	
4.74999329207385 	
1.99999798262039 	
4.74999592864607 	
1.99999776270476 	
4.99999396689062 	
2.99999773906073 	
3.74999780596388 	
1.9999986200448 	
2.74999823660233 	
4.74999416431197 	
3.74999362584378 	
1.99999857684425 	
0.999998977910281 	
2.99999846823145 	
6.99999285637018 	
4.99999565630067 	
3.9999961070383 	
3.99999630898781 	
3.74999477915851 	
1.99999790358759 	
3.99999706995445 	
1.9999993635404 	
3.99999626827105 	
2.49999741172187 	
0 	
5.99999187790764 	
3.9999960818452 	
0.999999464071826 	
0 	
1.99999736794324 	
3.49999429903578 	
2.99999895496878 	
6.93749104212613 	
3.99999534023869 	
1.9999981544939 	
3.9999969127622 	
3.74999520020007 	
3.74999780596388 	
4.99999527488886 	
5.74999017365239 	
0.999999151454652 	
5.74999462188474 	
0.999999075311881 	
1.99999845764699 	
3.99999580264291 	
5.74999351023675 	
4.74999284526846 	
2.99999761014542 	
2.99999861238401 	
3.74999711404631 	
0.999999075311881 	
3.49999765027731 	
3.99999582322961 	
4.99999313476499 	
7.93748785814772 	
0.999999748813936 	
0 	
4.74999485961712 	
1.74999903519047 	
2.99999543129925 	
5.9374909762418 	
2.999996424353 	
1.99999788105946 	
2.99999918232585 	
6.9999914122797 	
1.99999689605968 	
1.99999932513795 	
4.99999628641265 	
6.74999176837967 	
1.9999976062915 	
4.99999466877451 	
4.99999405187939 	
1.9999981544939 	
2.9999950146107 	
0 	
5.249992714634 	
0.999999855520611 	
3.9999971536885 	
5.99999096686017 	
2.74999835632591 	
0.999998402331085 	
0.999999481250932 	
2.99999895496878 	
4.99999328554055 	
0 	
7.93748943229318 	
4.74999498722673 	
1.99999878934161 	
3.49999606804143 	
2.99999911337028 	
3.99999756039156 	
5.74999351023675 	
3.99999345614526 	
5.99999254223003 	
5.74999462188474 	
4.74999478563086 	
2.74999866212173 	
1.49999876307492 	
7.93748652312693 	
5.99999303080871 	
4.99999477929425 	
3.99999800490292 	
5.24999092802005 	
0.999998905533304 	
2.99999867005905 	
2.99999822086715 	
3.74999711404631 	
2.99999775849896 	
3.74999430207062 	
5.99999319664791 	
5.9999937713812 	
3.99999719258118 	
3.74999607697248 	
5.49999505327633 	
1.99999882108138 	
4.74999277056277 	
1.99999857684425 	
0.999999236133908 	
2.99999531711036 	
0.999999075432228 	
5.99999199226374 	
6.93749217308059 	
7.93748599955356 	
3.99999683955801 	
4.99999606608101 	
5.93749229700717 	
5.74999342179493 	
1.99999827113573 	
1.99999882108138 	
0.999999481250932 	
0 	
0 	
