1.99999442652002 	
0.999997520552696 	
1.99999585219471 	
0.999998609333551 	
2.49999829214237 	
0 	
2.49999685130048 	
2.99999190336001 	
4.49999275789143 	
0 	
2.79999633943396 	
0.999999481250932 	
6.99998971808507 	
3.9999981932187 	
3.99999630898781 	
4.49999654064069 	
0.999999190685501 	
0.999998871804723 	
2.24999819708486 	
3.74999780596388 	
0.999998905533304 	
2.99999876883854 	
4.99999606608101 	
3.74999736164879 	
2.99999544500814 	
1.99999937108649 	
0.999999391670172 	
2.99999683168595 	
6.99998873010302 	
2.74999676499049 	
0 	
0 	
4.74999592864607 	
1.99999664209393 	
4.74999376493104 	
1.9999986200448 	
2.74999614739528 	
0.999999481250932 	
5.93749314647215 	
0.999999151454652 	
3.9999981932187 	
0.999998750375256 	
4.99999751315111 	
2.99999854782063 	
0 	
3.99999587889262 	
1.99999894792271 	
3.9999926987511 	
4.99999474400249 	
6.93749217308059 	
2.99999511251726 	
0.999998977910281 	
4.93749442787351 	
3.49999862848395 	
3.99999764216277 	
1.99999925212376 	
2.99999811685766 	
1.99999761363494 	
5.74999547313115 	
3.74999639775326 	
1.99999925212376 	
2.99999578859684 	
0 	
4.99999236015016 	
4.74999244036367 	
4.93749512077019 	
2.999996930998 	
0.999999855520611 	
1.9999981544939 	
4.99999419640088 	
3.99999764216277 	
1.99999878934161 	
4.99999607569192 	
1.99999937108649 	
4.74999420567287 	
1.99999926941578 	
3.74999754645223 	
2.99999861238401 	
0.999999075311881 	
3.9999981932187 	
2.99999627558494 	
4.99999628641265 	
5.49999453162314 	
4.74999592864607 	
2.99999535547884 	
2.99999822086715 	
1.99999937108649 	
2.99999736245125 	
4.9374942553374 	
2.99999775849896 	
6.43748839231343 	
2.99999689529516 	
0.999999236133907 	
1.99999850271798 	
3.99999739319056 	
2.99999747093531 	
3.74999486452373 	
3.74999754645223 	
2.99999681645478 	
4.74999277595068 	
6.99999008294818 	
3.9999953230032 	
3.99999461964634 	
4.99999710239897 	
0 	
6.93749064956814 	
1.9999981710566 	
3.99999737940166 	
0.999999666544599 	
5.24999243710418 	
2.99999699745989 	
