2.49999535985872 	
0.999997736941295 	
0.999999236133908 	
1.9999948839964 	
0 	
0 	
0.999997360362375 	
0.999999832267026 	
0 	
0.999998871804723 	
0 	
0.999998977910281 	
2.99999861238401 	
1.99999900162489 	
2.74999835632591 	
3.99999636579591 	
2.99999683168595 	
7.93748672909764 	
0.999999236133907 	
2.99999562578752 	
4.49999568849901 	
5.99999446348171 	
2.99999761014542 	
0.999999625291197 	
3.74999639775326 	
0.999999236133907 	
1.99999897990202 	
0 	
4.74999460173615 	
3.99999576609221 	
3.99999706995445 	
2.99999861238401 	
4.99999659074021 	
4.74999592864607 	
1.99999816560928 	
0 	
3.74999562544666 	
3.99999821131202 	
3.99999413691145 	
1.9999986200448 	
0.999998402331085 	
5.74998998374734 	
1.99999866748731 	
5.99999332019708 	
2.99999761014542 	
0 	
2.99999788580052 	
2.99999761014542 	
3.99999626827105 	
5.74999250602497 	
5.74999332157714 	
3.99999587889262 	
0.999999391670172 	
4.99999396689062 	
0 	
2.74999756007185 	
1.99999970759252 	
3.74999675392923 	
0.999999236133907 	
1.9999981710566 	
4.9999968575813 	
5.99999446308696 	
3.99999513637868 	
1.99999779089037 	
3.99999675334663 	
3.99999640627261 	
1.99999925212376 	
2.99999861238401 	
4.99999710239897 	
0 	
0.999999748813936 	
4.99999474400249 	
1.74999903519047 	
5.74999219419009 	
6.74999287601183 	
1.4999989542961 	
0 	
1.99999827425585 	
0.999999625291197 	
4.7499944118049 	
4.99999628641265 	
0.999998750375256 	
0 	
2.74999673987177 	
0 	
1.74999802114021 	
4.74999576294342 	
2.99999577536835 	
5.74999517284729 	
2.99999861238401 	
3.74999604379213 	
3.99999630898781 	
2.74999673987177 	
4.99999684288731 	
2.74999689842802 	
1.99999910565601 	
1.99999910565601 	
4.93749303702881 	
2.99999839005062 	
3.99999636622452 	
1.99999753972726 	
4.74999603024804 	
3.74999607697248 	
2.99999582380491 	
2.99999861238401 	
0.999999362001564 	
4.99999371351926 	
4.9999953669367 	
4.74999652235538 	
2.99999736245125 	
4.74999433838506 	
2.99999689529516 	
3.74999711404631 	
2.99999761014542 	
3.99999850424752 	
0.999999391670172 	
4.99999505049143 	
2.99999711734673 	
1.99999761363494 	
1.99999827425585 	
2.99999895496878 	
2.99999788580052 	
2.99999911337028 	
1.99999900162489 	
4.99999606608101 	
2.99999846823145 	
2.99999895496878 	
4.99999527488886 	
3.74999604432589 	
1.99999925212376 	
1.99999840144513 	
0 	
2.99999839005062 	
5.99999556808251 	
0 	
1.9999986200448 	
4.99999419640088 	
3.99999472512487 	
0 	
2.99999511251726 	
1.74999802114021 	
4.93749400119866 	
1.99999866748731 	
5.49999494324664 	
0 	
1.99999926941578 	
3.9999952577278 	
4.74999279493487 	
1.99999882108138 	
0.999999748813936 	
4.74999558825646 	
2.99999918232585 	
3.74999675392923 	
3.99999619812253 	
0 	
3.74999542808003 	
0 	
3.99999523177091 	
4.99999628641265 	
2.99999577536835 	
2.99999747093531 	
6.9999924120478 	
7.9999916109802 	
2.99999741976735 	
0 	
1.99999798262039 	
4.99999606608101 	
1.99999736794324 	
1.99999878934161 	
2.74999756007185 	
3.9999971536885 	
2.74999823660233 	
2.99999654077016 	
3.74999411167703 	
7.99998964746485 	
5.93749015193343 	
0 	
0.999999666544599 	
1.99999970759252 	
0 	
0.999999666544599 	
2.99999839005062 	
0 	
2.99999725384085 	
1.99999670479698 	
0 	
1.9999981710566 	
2.99999861238401 	
3.99999596524077 	
3.99999596524077 	
0 	
4.99999534787343 	
2.7499980742022 	
1.99999900162489 	
0.999999632186113 	
2.99999627558494 	
2.99999761014542 	
2.99999764431886 	
3.49999537547774 	
0 	
1.99999798262039 	
0.999999703628503 	
0.999999481250932 	
2.74999704772144 	
2.74999823660233 	
2.99999895496878 	
6.74999176837967 	
5.9999946681605 	
4.49999344759065 	
0.999999190685501 	
