0 	
0 	
1.99999633943501 	
1.99999458812149 	
2.79999201569732 	
0.999998586348325 	
2.79999578849934 	
0 	
3.49998807709114 	
0.999999884905103 	
0.999999287989574 	
1.99999867906581 	
0 	
0.999999703628503 	
1.9999993635404 	
0.999998861590164 	
3.99999596524077 	
0.999999748813936 	
2.99999861238401 	
1.99999910565601 	
0 	
0.999999748813936 	
4.99999396689062 	
3.74999704062235 	
0.999999674307175 	
0 	
1.99999882108138 	
2.74999888109405 	
2.99999876883854 	
4.99999328554055 	
1.99999799826361 	
2.7499978714374 	
2.99999822086715 	
0 	
2.49999877289482 	
1.99999882108138 	
2.7499981798787 	
2.7499972938257 	
2.99999867005905 	
0 	
2.99999867005905 	
0.999999956897249 	
2.99999839005062 	
1.99999857684425 	
3.99999636579591 	
0.999999464071826 	
4.99999606608101 	
3.99999523177091 	
1.99999966981956 	
0.999999956897249 	
0 	
0 	
3.99999855967928 	
2.74999639802741 	
0.999999748813936 	
0.999999236133907 	
0.999999748813936 	
3.74999520020007 	
3.99999748534765 	
2.74999738908406 	
0.999998750375256 	
1.99999970759252 	
2.74999626358476 	
1.99999910565601 	
3.74999569118353 	
1.99999925212376 	
0.999999625291197 	
2.99999773906073 	
3.99999764216277 	
3.99999850424752 	
2.99999823811123 	
1.99999882108138 	
2.49999730003203 	
1.99999798262039 	
1.99999878934161 	
0.999999464071826 	
0 	
2.99999876883854 	
1.99999882108138 	
0.999999956897249 	
4.99999751315111 	
1.99999773781891 	
6.93748847797401 	
1.99999910565601 	
2.7499980742022 	
1.99999799826361 	
0 	
2.99999846823145 	
0.999999362001564 	
2.74999823660233 	
1.99999925212376 	
2.99999614676923 	
0.999999748813936 	
1.9999986200448 	
1.99999937108649 	
3.99999626827105 	
1.99999925212376 	
4.24999573208166 	
3.99999748534765 	
3.74999529480881 	
0 	
1.49999980424771 	
5.99999348069076 	
1.99999857684425 	
0 	
1.99999925212376 	
3.74999604379213 	
1.99999878934161 	
3.99999626827105 	
1.99999798262039 	
1.99999882108138 	
