0.99999474465783 	
1.99998583786183 	
0 	
0.999999674307175 	
0 	
3.49998869506113 	
0 	
0.999999834909781 	
3.99998654473623 	
2.74999823660233 	
1.99999475370579 	
0.999996941785306 	
0 	
3.91666279540138 	
4.99998397534427 	
2.49999868701623 	
0 	
2.99999846823145 	
0 	
5.49998342803228 	
3.99998514553927 	
0 	
1.49999955366899 	
1.99999352977448 	
0 	
1.49999980424771 	
1.99999431488743 	
0 	
0 	
0 	
0.999999481250932 	
0 	
0.999999674307175 	
1.49999595755704 	
0 	
0 	
0.999999674307175 	
0 	
3.66666278477565 	
0 	
0 	
2.74999866212173 	
0.999997258157217 	
1.99999409155748 	
2.74999892230153 	
4.74998228456632 	
3.99998918589185 	
0 	
0.999999955750158 	
0 	
3.66666262569397 	
5.49998295579609 	
3.99998922093983 	
4.99999529315188 	
3.57464774439853 	
0 	
0 	
4.74998427486062 	
3.49998774870129 	
2.99999055222316 	
7.74997941762695 	
2.37499911755597 	
0 	
0 	
3.49999046296886 	
7.7499763668903 	
0 	
6.74997276898235 	
0.999999632186113 	
3.37499678615956 	
2.99999055586468 	
1.99999241050503 	
2.74999892230153 	
4.49999573853064 	
1.99999319823617 	
3.74998896249644 	
0.999999481250932 	
0.999999834909781 	
0 	
4.49998752846749 	
3.99998602184007 	
2.99999142266555 	
2.49999892615434 	
1.99999966981956 	
0.999997157443717 	
1.99999900820924 	
0 	
3.49998869506113 	
1.99999257276964 	
0.999999955750158 	
1.49999555876023 	
2.74999892230153 	
3.99998575566572 	
3.99998877869629 	
0 	
1.49999955366899 	
0 	
0 	
2.99999044929437 	
0 	
0 	
4.77545851788172 	
0 	
2.99999111752045 	
