2.49999878881634 	
1.99999921140241 	
2.99997286719704 	
4.49998728397155 	
0 	
1.99999871739625 	
4.24999547840469 	
2.49999868701623 	
0 	
3.24999683591198 	
5.99998677738513 	
4.49998371931437 	
4.49998721193826 	
0 	
3.99998458202371 	
5.24998228029563 	
1.99999375221061 	
1.99999926437223 	
3.16666415362973 	
3.99998958299284 	
0 	
0 	
5.74997945603001 	
6.99997664017219 	
6.49997750464926 	
5.49998310118613 	
0.999999481250932 	
2.49999258214994 	
6.24997518786772 	
7.24997911541548 	
2.9999879221574 	
4.99997970049362 	
3.99999685295864 	
2.49999220713466 	
0 	
0 	
2.08333165080448 	
2.08333165080448 	
6.749981758429 	
5.9999819932594 	
0 	
0 	
2.99998845473814 	
4.74998767488181 	
0 	
2.99998981764804 	
3.57291284530607 	
4.24998553401536 	
4.99999529315188 	
4.49998796968548 	
0.999999834909781 	
3.99998886510705 	
0.999999834909781 	
6.24998219487928 	
4.74998162357757 	
0 	
2.74999783461912 	
8.56246022446809 	
4.2499879862773 	
3.99998862977487 	
0.999999834909781 	
0 	
0 	
2.99998882445032 	
0 	
0 	
1.99999370390979 	
0 	
0 	
4.78818771375049 	
1.4999991831514 	
1.99999318019368 	
3.49999022918642 	
3.49998797237152 	
2.99999013881684 	
1.99999353314672 	
1.99999966981956 	
2.37499850729458 	
0.999999632186113 	
3.99998687816477 	
3.29166291052193 	
0.999999834909781 	
2.99998969522862 	
0 	
2.99999082535592 	
0 	
0 	
6.74997622898087 	
2.74999866212173 	
2.99998982034151 	
2.74999216039316 	
0 	
5.99998351183813 	
6.49998238696492 	
0 	
0 	
1.99999918908834 	
4.49998683337518 	
0.999999632186113 	
4.7499846506797 	
1.99999431488743 	
5.74998334569564 	
2.49999875736744 	
