0 	
0.999996480204417 	
0 	
0.999999632186113 	
4.9999844728217 	
3.99998529223721 	
0.999996328219657 	
2.49999247057435 	
2.99999895380229 	
0 	
3.12499713779442 	
0.999999834909781 	
2.99998960017221 	
2.49999875736744 	
0 	
2.83333026134997 	
5.7499840960278 	
0 	
0 	
1.99999910565601 	
0.999999834909781 	
4.74998624827619 	
5.74998363321145 	
0.999999834909781 	
0.999999834909781 	
0.999997157443717 	
4.49998692469053 	
3.99998626601607 	
0 	
2.74999820834646 	
1.99999451631443 	
1.99999918908834 	
0 	
1.49999945202234 	
4.749987346997 	
0 	
2.99998768582901 	
1.49999595755704 	
0 	
0 	
2.99999209255384 	
1.49999575434303 	
0 	
4.99998715429609 	
3.08333096428697 	
1.99999353355105 	
4.749987346997 	
0 	
4.06249602078371 	
0 	
4.49998796936779 	
0 	
0 	
3.74998948535853 	
2.99999013881684 	
0 	
0.999999834909781 	
0 	
0 	
3.91666181733038 	
1.99999416622316 	
4.2499884035328 	
2.99999209255384 	
1.99999472836923 	
1.99999937108649 	
0.999999674307175 	
0.999999834909781 	
0 	
4.74998557370185 	
0.999999834909781 	
0 	
0.999999834909781 	
0.999999955750158 	
0 	
1.99999431488743 	
2.49999308980779 	
3.99998597727484 	
0 	
0 	
3.49998913721058 	
0 	
1.99999431488743 	
0 	
0 	
0 	
0 	
0.999996941785307 	
0.999999955750158 	
0.999999834909781 	
0.999996941785307 	
0 	
0.999996941785306 	
1.99999287783286 	
1.49999980424771 	
0 	
1.99999935938627 	
2.99998950081989 	
0.999996565076204 	
4.99998629078609 	
3.74998771763757 	
0 	
1.99999431488743 	
2.99999142266554 	
