0 	
0.999996639132483 	
0 	
3.9999869503968 	
1.99998563378226 	
0.999999632186113 	
0 	
1.99999970759252 	
3.99998922093983 	
0 	
3.49999084834756 	
0.999999674307175 	
4.74998462825593 	
1.99999935032798 	
2.99999895380229 	
3.99998760835353 	
2.99999082535592 	
0 	
2.99999177447166 	
2.74999904188744 	
0 	
4.99998619123986 	
1.99999937108649 	
3.3194394570601 	
1.99999414119142 	
0 	
2.93055263022732 	
3.74998975385881 	
0 	
0.999999834909781 	
0 	
3.99998945673845 	
0 	
2.99999209255384 	
2.99998950081989 	
3.76561978040443 	
0.999999674307175 	
0 	
4.99998556534726 	
0.999999834909781 	
3.74998700409297 	
0 	
0 	
0 	
4.74998547072106 	
3.99998903262887 	
0 	
1.99999934861435 	
2.99999116393895 	
0.999999955750158 	
0.999999955750158 	
0 	
2.99999013274422 	
0 	
0 	
0 	
0.999999674307175 	
2.99999144109472 	
0 	
2.7499978714374 	
0.999999834909781 	
2.99999209255384 	
3.99998796742231 	
0 	
0.999999674307175 	
0 	
0 	
0.999999632186113 	
0.999997364184613 	
2.41666549643645 	
2.99999177447166 	
0 	
0.999999834909781 	
1.99999896250186 	
3.99998945673845 	
2.99999191511408 	
0 	
3.63888563430739 	
0 	
0 	
0 	
3.78819037874373 	
0 	
3.49999012557057 	
0 	
1.99999226946682 	
0 	
0 	
0 	
0 	
0 	
0.999999955750158 	
4.74998712704483 	
1.99999265643931 	
1.99999319823617 	
2.99999770705536 	
0 	
0 	
0 	
0 	
3.99998704331633 	
0 	
0 	
0 	
3.63888563430739 	
