4.66665689691773 	
6.74993742907694 	
7.74994234030731 	
3.1666629473098 	
4.62499478448336 	
5.24997928555491 	
3.49998996705215 	
2.99998948793828 	
5.87498305929458 	
1.49999955366899 	
6.49998219777439 	
0 	
3.74998934025444 	
1.99999937108649 	
5.24999152432787 	
0.999999481250932 	
7.99997244354778 	
0 	
5.74997743638904 	
7.24997705871392 	
7.74997086119801 	
2.99999154537939 	
3.99998623562992 	
2.9999900921115 	
5.99998507651829 	
4.99998322126787 	
3.99999684441715 	
6.49997628217059 	
0.999999632186113 	
0.999999834909781 	
5.74998104185084 	
8.74995464988707 	
5.72221041012316 	
1.49999876307492 	
6.62497436556358 	
5.74998205102953 	
1.99999256833665 	
1.49999945202234 	
7.99996358379294 	
5.74998110199169 	
6.24998250420207 	
6.24997939121223 	
0 	
3.41666337680557 	
5.49998106684806 	
5.99998239013492 	
5.74997955477845 	
0 	
6.24997654596333 	
2.99999889655834 	
5.58332437436591 	
3.74998975385881 	
5.99998324645531 	
1.99999313015241 	
6.24997404561697 	
4.83592964561476 	
0 	
0 	
0.999999674307175 	
2.74999823660233 	
3.99998185878895 	
5.49997880997189 	
0.999999632186113 	
6.99998157275614 	
4.99998130561749 	
2.99999048238231 	
5.49998432078633 	
8.2499613137573 	
0.999999674307175 	
0 	
0.999999632186113 	
4.74998427486062 	
7.24997957473319 	
3.83332961799804 	
3.99998797202411 	
2.74999888109405 	
3.9999975598799 	
8.99996820256749 	
3.49999653979875 	
7.99996938971768 	
0.999999481250932 	
0 	
2.74999823660233 	
6.74998135814328 	
5.99998243904792 	
6.49998157539838 	
0 	
5.49998369407745 	
4.74998297918234 	
5.99998104259799 	
3.83332850865308 	
0.999999674307175 	
0 	
0.999999481250932 	
6.99997950923944 	
0 	
5.2499807700934 	
0 	
8.4999738244521 	
2.74999825663029 	
1.99999926437223 	
0 	
6.7499797508317 	
2.99998882445032 	
