0.999996802065968 	
2.16666489912407 	
4.99995506017342 	
0.999999834909781 	
3.12499750330641 	
0 	
5.99998147087261 	
1.99999257276963 	
5.49998099177551 	
4.49998683794264 	
0.999999358698125 	
0 	
4.74998573668824 	
2.91666343853625 	
4.99997896701556 	
2.33333085512178 	
3.74998948535853 	
4.49999524438369 	
2.9999923757144 	
6.74997260350037 	
1.99999925212376 	
0 	
6.99998025052235 	
0 	
6.99997660678344 	
0.999999632186113 	
4.99998589421449 	
5.74998101511383 	
5.99997816175061 	
0 	
0.999996328219657 	
3.99998529223721 	
2.49999840848296 	
4.74998337771863 	
3.49998721845842 	
0 	
2.99999055586468 	
0 	
3.49998806881319 	
5.99998182010374 	
7.24997865652897 	
2.99998980522184 	
4.49999563383421 	
5.49998464586226 	
4.99998364294784 	
0.999996087264233 	
0 	
0 	
4.74998557370185 	
1.99999227410681 	
5.99998366971048 	
0 	
3.49999683581784 	
0.999996087264232 	
0.999999834909781 	
5.12498635216351 	
3.49998867993832 	
0.999999674307175 	
3.99998886510705 	
0 	
0 	
5.99998284533109 	
1.99999896250186 	
0 	
0 	
6.74997965076122 	
1.4999991831514 	
4.92360245754496 	
1.99999329110013 	
0 	
1.99999143856841 	
7.7499780535776 	
0 	
4.99998608139377 	
0.999999632186113 	
2.99998980522184 	
0 	
1.99999910565601 	
1.99999265643931 	
1.99999352977448 	
0.999999834909781 	
1.99999934861435 	
2.99999055586468 	
0 	
3.99998397149549 	
3.99998687816477 	
1.49999945202234 	
0.999999358698125 	
0 	
0.999999632186113 	
2.99999122193889 	
1.99999343211831 	
7.24997260598816 	
5.49998341969529 	
1.49999955366899 	
6.9999747236698 	
0 	
0 	
4.49999460817529 	
4.49998823887597 	
3.99998816810565 	
3.49999022918642 	
8.74997498315795 	
