0.999999674307175 	
5.9999437840828 	
4.41664699308061 	
1.99999328124051 	
5.99997901776068 	
1.99999966981956 	
2.74999866212173 	
4.99998286258537 	
7.7499673019577 	
0 	
0 	
5.49997765448918 	
6.74997955353968 	
1.4999991831514 	
5.99999180558492 	
0 	
4.99998001982569 	
0.999999481250932 	
6.74997964567378 	
5.49997820417888 	
7.13887501685458 	
6.74997238855534 	
6.24998142599709 	
7.49997860378329 	
4.49998453104291 	
0.999999674307175 	
5.24998099598749 	
7.24997888695897 	
3.99999622397628 	
4.8749942686098 	
5.9999728105627 	
0.999999632186113 	
0 	
2.99999890404468 	
1.99999896250186 	
1.4999989542961 	
6.99997485693293 	
0 	
4.74964944126797 	
6.74997233484178 	
3.74999685519768 	
2.49999741746146 	
4.49999590286375 	
6.74997309046803 	
3.99999068151147 	
3.99998687816477 	
4.16665892687067 	
6.49997809949571 	
1.99999287783286 	
0 	
0 	
4.99998239617722 	
4.49998868620717 	
4.99997940660809 	
9.74996872097666 	
1.74999903519047 	
3.49999018619483 	
0.999999674307175 	
0 	
0.999999955750158 	
0.999999834909781 	
7.89661656575313 	
6.49998047955747 	
0 	
1.99999472836923 	
4.99997789176106 	
7.99996958517273 	
4.49998553083623 	
3.74998973697478 	
0.999996766573362 	
0 	
0.999999632186113 	
0 	
2.99999013881684 	
2.99999150868606 	
3.24999683591198 	
4.96874320002302 	
4.49998566398059 	
0 	
3.49999046603186 	
6.49998136522968 	
4.9999822380019 	
1.49999955366899 	
2.7499978714374 	
3.99998757807244 	
6.4999824867814 	
3.99998903262887 	
3.83332841117594 	
0 	
3.49999520188026 	
0 	
3.74998926962103 	
2.99999889655834 	
4.49998875326236 	
6.9722136510782 	
4.99998494791684 	
0.999999674307175 	
4.58332502085363 	
0 	
7.24997935403637 	
4.0833275767549 	
0.999999674307175 	
1.99999926437223 	
