0 	
0 	
0.999999955750158 	
0 	
0 	
0 	
0.999999834909781 	
0.999999151454652 	
0 	
0 	
0 	
0 	
0 	
0 	
0.999999955750158 	
0 	
0.999999552828006 	
0 	
0 	
0 	
0 	
0 	
0 	
0 	
0 	
0.999999075432228 	
0 	
0 	
0 	
0 	
0 	
0 	
0 	
0 	
0 	
0 	
0 	
0 	
0 	
0.999999674307175 	
0 	
1.99999937108649 	
0 	
0 	
1.99999918908834 	
0 	
0 	
1.49999911581104 	
0 	
0 	
1.49999945202234 	
0 	
3.49999639717766 	
0 	
1.99999925212376 	
1.4999991831514 	
0 	
1.4999991831514 	
0 	
0.999999632186113 	
0 	
0 	
0 	
0.999999327545693 	
0 	
0.999999955750158 	
0 	
0 	
0 	
0 	
0 	
0 	
0 	
0 	
0.999999834909781 	
0 	
0 	
0 	
0 	
0 	
0 	
0 	
0 	
0 	
0 	
0 	
0.999999364845566 	
0 	
0 	
0 	
0 	
0 	
0 	
0 	
0.999999834909781 	
0 	
1.99999966981956 	
0 	
0 	
0 	
1.49999932924201 	
0 	
0 	
0 	
0 	
0 	
1.99999970759252 	
0 	
0 	
0 	
0 	
0 	
0 	
0 	
0 	
0 	
0 	
0 	
0 	
1.99999935938627 	
4.39582990668647 	
0 	
0 	
0 	
0 	
0 	
0.999999955750158 	
0 	
0 	
0.999999674307175 	
0.999999426058267 	
0 	
0 	
0 	
0 	
2.4999979864831 	
0 	
0 	
0 	
0 	
0 	
0 	
