0.999999674307175 	
0 	
4.55353526825468 	
4.54165626089507 	
0.999999834909781 	
0.999999685543246 	
0 	
0 	
4.49998688989475 	
6.3368537270462 	
0.999999632186113 	
1.49999945202234 	
0.999999685543246 	
1.49999955366899 	
6.49997578577244 	
0 	
4.64283676898997 	
0.999999358698125 	
5.45235445791417 	
0.999999834909781 	
0.999999632186113 	
2.49999892545067 	
1.99999865872454 	
1.99999890401956 	
4.49999692202226 	
3.49999578472168 	
0 	
0 	
0 	
3.99999739622711 	
6.02674457535163 	
4.49997528496648 	
0 	
0 	
0 	
0.999999834909781 	
4.37499127903412 	
3.16666499066759 	
0 	
3.66666408630966 	
0.999999955750158 	
0.999999834909781 	
0 	
4.4999953720903 	
2.99999894107634 	
0 	
3.62499471392794 	
1.99999926437223 	
0.999999552828006 	
2.49999837980964 	
0.999999674307175 	
0 	
1.99999944585635 	
1.99999918908834 	
3.99999489742296 	
1.49999980424771 	
5.62499067972227 	
0 	
3.49999795907647 	
1.49999955366899 	
1.49999929000486 	
3.24999797999058 	
0 	
1.49999955366899 	
0 	
0 	
8.99998501886577 	
3.49999680551573 	
0 	
4.49999527468074 	
2.74999727085654 	
0 	
0.99999962606188 	
0 	
1.99999934861435 	
0 	
4.9999935309975 	
1.99999935032798 	
0 	
0 	
3.49999833761148 	
0.99999985379626 	
1.74999903519047 	
1.4999991831514 	
1.99999896250186 	
0.999999674307175 	
0.999999834909781 	
3.49999581227775 	
0.999999674307175 	
0.999999834909781 	
3.49999767540646 	
2.9999980578977 	
1.99999865872454 	
0 	
0 	
0 	
2.9999984437528 	
3.24999712257056 	
2.62499670495853 	
0 	
0.999999834909781 	
2.99999767465056 	
0.999999674307175 	
0 	
1.99999944585635 	
0.999999685543246 	
1.99999900820924 	
1.99999865872454 	
1.49999980424771 	
1.4999991831514 	
0.99999985379626 	
0 	
0 	
0.999999674307175 	
1.99999877993995 	
2.99999883633664 	
2.99999836630281 	
0.999999632186113 	
0 	
0 	
1.49999980424771 	
5.24999100513763 	
2.24999850852381 	
1.99999928206219 	
0 	
1.499999440046 	
1.99999966981956 	
0.999999834909781 	
0 	
0.999999955750158 	
2.49999901334407 	
0.999999632186113 	
0 	
1.99999868409949 	
4.24999394667901 	
1.99999934861435 	
3.99999757763828 	
0 	
0 	
0.999999834909781 	
0 	
