1.74999953715819 	
2.99999860048971 	
2.16666554028404 	
0 	
0 	
1.49999980424771 	
1.99999918908834 	
0.999999481250932 	
0.999999834909781 	
0 	
0.999999552828006 	
0.99999962606188 	
0 	
3.78569737856894 	
0 	
0 	
0 	
0 	
1.99999966981956 	
1.99999935032798 	
0 	
0 	
0 	
3.78569737856894 	
0.999999674307175 	
0 	
0 	
2.49999915348231 	
0.999999955750158 	
3.24999783091737 	
0 	
0.999999674307175 	
0 	
0 	
1.4999991831514 	
0 	
1.66666577077729 	
0 	
0 	
3.49999855763678 	
0.999999481250932 	
0 	
0.999999834909781 	
3.38094149130617 	
