0 	
0 	
4.80415130205842 	
0 	
5.35711862024611 	
1.4999991831514 	
0 	
0 	
2.99999880760855 	
0 	
2.49999733542455 	
0 	
0 	
0.999999674307175 	
1.499999440046 	
2.49999931067901 	
1.99999865872454 	
0.999999674307175 	
0.999999632186113 	
6.77378570207932 	
2.49999733542455 	
0 	
1.49999980424771 	
0 	
1.49999945202234 	
3.49999657835668 	
0.999999674307175 	
2.49999853092383 	
0.999999955750158 	
0.999999834909781 	
0 	
0.999999674307175 	
1.49999955366899 	
0.999999834909781 	
1.99999890401956 	
2.49999915348231 	
5.07140404858828 	
0 	
4.07141049582148 	
1.99999782450847 	
0 	
2.99999625233065 	
