0 	
1.99999966981956 	
2.99999869451319 	
1.9999981260745 	
4.74999283797672 	
1.99999909405555 	
2.99999665848982 	
3.99999697490023 	
0 	
2.99999797836898 	
1.99999893668407 	
1.99999875587544 	
0.999999834909781 	
1.99999800582109 	
0.999999326122992 	
2.49999762037436 	
0.999999703628503 	
1.9999982677487 	
2.99999901958131 	
4.74999620125453 	
0.999999151454652 	
1.99999777232655 	
1.99999800582109 	
3.99999617769864 	
0.999999955750158 	
2.99999898878071 	
0 	
1.99999777232655 	
2.99999790492049 	
4.99999456312363 	
2.99999785164221 	
2.99999634615809 	
1.99999756410539 	
1.99999934861435 	
2.99999700873163 	
3.9999982592725 	
3.74999688298609 	
2.49999870221434 	
2.99999901958131 	
3.49999360881253 	
0.999999362001565 	
1.99999757984424 	
1.99999800582109 	
2.99999914797821 	
1.99999756410539 	
2.99999606696726 	
3.99999581150904 	
2.99999901958131 	
3.24999628089994 	
1.99999875587544 	
3.87499714613018 	
3.74999769991469 	
0.999999002910543 	
4.49999314939954 	
3.74999797370754 	
0.999999075432228 	
0.999999955750158 	
1.49999866630492 	
2.99999760360247 	
1.99999932899716 	
0.999999834909781 	
1.99999828192451 	
5.37499399207332 	
2.24999871399747 	
2.49999762037436 	
2.9999972478683 	
1.49999926114479 	
5.4999937784287 	
0.999999703628503 	
2.99999797836898 	
1.74999903519047 	
3.99999784033562 	
2.99999830618309 	
4.24999722564529 	
2.7499989252341 	
3.99999453371875 	
2.74999782931506 	
0.999999834909781 	
2.74999860785906 	
2.99999898878071 	
2.99999665848982 	
1.74999903519047 	
2.99999790492049 	
2.99999774135801 	
1.99999909405555 	
0.999999151454652 	
2.99999797836898 	
1.99999863237226 	
1.99999757984424 	
0.999999955750158 	
5.99999239438602 	
3.74999769991469 	
2.99999914797821 	
0.999998782052696 	
1.99999928403517 	
0.999999874489039 	
0.999999955750158 	
5.74999205700366 	
0 	
4.49999618012505 	
5.24999355072592 	
