0 	
0.999999834909781 	
0.999999834909781 	
1.99999935032798 	
6.16665547660706 	
1.49999980424771 	
5.29165145872632 	
0.999999632186113 	
1.99999944585635 	
0.999999834909781 	
0 	
0.999999632186113 	
0.999999674307175 	
3.28570762284013 	
1.49999973592541 	
0.999999834909781 	
0.999999955750158 	
0 	
2.66666489828874 	
1.49999980424771 	
0.999999834909781 	
0.999999632186113 	
0.999999674307175 	
4.68748617044111 	
0 	
0.999999955750158 	
0.999999834909781 	
0 	
2.99999833166541 	
0 	
4.79165255223416 	
0 	
0 	
1.99999928958687 	
0.999999955750158 	
0 	
0.999999632186113 	
0 	
0.999999955750158 	
0.99999985379626 	
3.37499133828481 	
0 	
1.49999955366899 	
