2.4999989594695 	
0 	
0.999999358698125 	
0.999999632186113 	
1.99999935032798 	
4.4731943060406 	
0 	
0 	
2.49999875736744 	
6.74998543480341 	
0.999999834909781 	
0.999999955750158 	
1.49999955366899 	
0.999999834909781 	
4.16666364840527 	
2.49999875736744 	
5.99996627506991 	
5.14282347530201 	
0.999999674307175 	
0 	
1.49999955366899 	
0.999999955750158 	
0 	
0 	
0 	
1.99999928958687 	
1.99999928958687 	
0 	
2.99999777827406 	
5.49997261604908 	
0 	
0 	
0 	
0 	
2.49999875225464 	
4.72915692292923 	
0.999999674307175 	
0.999999632186113 	
2.49999821456015 	
4.49999269762554 	
1.99999944585635 	
0.999999834909781 	
0.999999481250932 	
