3.99999638210422 	
4.74999459885605 	
6.0714005807551 	
3.80950954853616 	
0 	
6.41665836321004 	
2.49999885878323 	
0 	
0 	
1.99999966981956 	
2.66666421952802 	
1.99999896250186 	
2.9999979085922 	
0 	
3.02082558159993 	
1.99999918908834 	
3.06249131305655 	
4.49999590584591 	
1.99999937108649 	
0.999999674307175 	
2.66666421952802 	
0.99999962606188 	
0 	
2.49999892545067 	
0 	
1.74999953715819 	
4.98210526315686 	
2.49999842879065 	
3.49999767540646 	
4.64282840812642 	
0 	
1.99999944585635 	
0 	
0 	
1.99999896250186 	
0.999999685543246 	
0 	
0 	
0.999999674307175 	
0.999999834909781 	
0 	
0 	
4.99999289392231 	
0 	
0 	
0 	
0.999999674307175 	
0 	
2.24999871399747 	
2.49999825838657 	
1.99999857983407 	
1.99999948254491 	
0 	
2.49999892545067 	
1.49999955366899 	
0 	
1.99999934861435 	
0.999999834909781 	
0.999999834909781 	
3.9999975525234 	
0.999999685543246 	
1.99999896250186 	
0.99999962606188 	
0 	
0.999999834909781 	
0.99999985379626 	
2.49999822630263 	
0 	
0.999999632186113 	
1.99999840465054 	
0 	
1.49999945202234 	
2.49999892545067 	
2.62499715590821 	
0.999999674307175 	
3.49999532859923 	
1.99999896250186 	
0.999999552828006 	
0 	
2.74999770913059 	
0 	
0 	
0 	
0.99999985379626 	
0 	
1.99999896250186 	
3.62499645133448 	
0.999999834909781 	
0.999999674307175 	
0.999999834909781 	
0.999999481250932 	
0.999999955750158 	
1.49999956887986 	
0.999999674307175 	
0 	
0.999999358698125 	
0.99999962606188 	
3.49999715614899 	
2.99999858329022 	
2.99999858000972 	
0 	
0 	
0.999999632186113 	
0 	
1.99999966981956 	
0.999999674307175 	
0.999999674307175 	
1.99999894378058 	
2.49999892545067 	
4.24999529854272 	
0 	
0 	
0 	
2.99999883633664 	
0 	
0.999999674307175 	
0 	
4.99999309191782 	
5.74999025250314 	
1.99999944585635 	
2.49999868031027 	
2.49999868701623 	
0 	
0.999999834909781 	
2.9999980775029 	
0 	
2.49999799324953 	
0 	
2.99999890404468 	
3.49999833158347 	
3.49999626819008 	
0 	
1.4999991831514 	
2.74999868028227 	
2.9999979085922 	
0 	
3.49999736869659 	
2.24999810215954 	
0 	
1.99999840465054 	
2.24999810215954 	
