2.99999790492049 	
2.99999860410666 	
1.99999966981956 	
3.49999724944545 	
3.49999684471483 	
1.9999981260745 	
0.999999326122993 	
2.99999890819269 	
2.99999797836898 	
2.99999797836898 	
2.7499989252341 	
4.749995029232 	
2.74999825663029 	
2.74999860785906 	
2.49999859665474 	
2.49999892545067 	
2.7499989960642 	
1.99999815470708 	
2.49999633401427 	
3.99999891650426 	
3.7499981170294 	
2.999998590577 	
0.999999674307175 	
3.99999865799432 	
1.99999693920059 	
0 	
4.99999464491015 	
2.4999976837412 	
5.74999354078249 	
0 	
0.999999674307175 	
2.99999665848982 	
2.74999782931506 	
2.99999914797821 	
0.999999834909781 	
3.99999784033562 	
1.99999875587544 	
1.74999938758003 	
2.99999774135801 	
3.24999836459272 	
1.99999868331612 	
1.9999982677487 	
1.99999928403517 	
2.99999830618309 	
1.99999868331612 	
3.99999772239473 	
2.99999790492049 	
1.99999966981956 	
1.99999906940444 	
2.99999899349574 	
0 	
1.99999863237226 	
0.999999674307175 	
3.99999729198589 	
2.99999785164221 	
2.99999746233996 	
3.99999525569926 	
3.9999982592725 	
1.99999863237226 	
0 	
0 	
1.99999835846966 	
2.99999774135801 	
2.99999634841067 	
2.99999774135801 	
3.99999340953325 	
2.99999572598421 	
1.99999932899716 	
2.99999669322477 	
2.99999890819269 	
2.74999829676732 	
0 	
1.99999909405555 	
3.99999797193303 	
3.49999680402475 	
0 	
1.49999926114479 	
1.99999906940444 	
3.99999650281768 	
1.99999754086996 	
0.999999481250932 	
2.99999790492049 	
2.4999976837412 	
1.99999800582109 	
1.99999863237226 	
2.74999860785906 	
1.99999906940444 	
0.999999674307175 	
5.24999376863117 	
2.99999669322477 	
1.49999949753796 	
2.99999914797821 	
0.999999326122993 	
1.99999849423867 	
3.74999604426384 	
1.99999882423494 	
1.99999909405555 	
1.49999949753796 	
2.99999790492049 	
0.999999247119337 	
