0 	
2.24999788982681 	
1.99999835846966 	
3.99999680562313 	
0 	
0.999999326122993 	
1.49999949753796 	
2.99999748290368 	
1.99999842537038 	
0.999999834909781 	
3.74999769991469 	
0.999999632186113 	
0.999999326122992 	
1.99999865224598 	
3.99999811576938 	
0 	
0.999999247119337 	
0 	
0.999998886163273 	
3.4999960258705 	
1.49999955366899 	
4.74999620125453 	
2.99999748290368 	
0.999999326122993 	
1.99999932899716 	
1.99999906940444 	
3.99999865799432 	
4.2499957579229 	
0 	
1.99999865224598 	
2.74999860785906 	
0.999999703628503 	
1.99999757984424 	
0 	
0.999999326122992 	
0.999999664498579 	
0.999999326122992 	
0 	
2.74999674565512 	
0 	
0.999999834909781 	
2.99999890819269 	
0.999999358698126 	
0 	
0.999999955750158 	
1.99999932899716 	
0.999999247119337 	
2.99999797836898 	
1.99999849423867 	
1.74999938758003 	
0.999999534702219 	
0.999999955750158 	
0.999999834909781 	
2.99999665848982 	
0.999999674307175 	
0.999999955750158 	
0.999999955750158 	
0.999999534702219 	
0.999999674307175 	
0.999999326122993 	
0.999999326122993 	
1.99999777232655 	
1.99999865224599 	
2.74999687127097 	
0 	
3.74999433330096 	
2.49999621090924 	
0.999999002910543 	
0.999999326122992 	
0 	
2.99999790492049 	
2.74999860785906 	
3.99999746780462 	
0.999999703628503 	
0.999999247119337 	
0 	
1.99999928403517 	
0.999999955750158 	
0.999999955750158 	
1.99999800582109 	
0.999999834909781 	
1.99999909405555 	
1.99999928403517 	
1.99999906940444 	
0 	
0 	
1.99999849423867 	
0.999999955750158 	
3.7499981170294 	
1.99999865224598 	
0.999999955750158 	
0.999999674307175 	
0.999999955750158 	
1.99999906940444 	
0 	
1.99999756410539 	
0 	
0 	
2.99999898878071 	
0 	
0 	
