0 	
1.99999906940444 	
0 	
1.99999906940444 	
1.99999849423867 	
0.999999326122992 	
2.74999726695012 	
3.99999726474452 	
0.999999481250932 	
0.999999834909781 	
2.999998590577 	
2.99999899349574 	
0.999999133874351 	
0.999999664498579 	
0 	
0.999999247119337 	
0.999999834909781 	
1.99999906940444 	
1.99999865224598 	
2.99999790492049 	
0 	
1.49999955366899 	
0 	
0 	
2.99999899349574 	
0.999999362001565 	
0 	
1.99999934861435 	
2.49999859665474 	
2.99999860410666 	
1.49999980424771 	
0 	
0.999999133874351 	
1.99999868331612 	
0 	
1.99999863237226 	
0.999999955750158 	
0.999999955750158 	
2.99999860410666 	
1.99999928403517 	
0.999999955750158 	
2.99999700873163 	
0 	
0.999999834909781 	
0.999999834909781 	
1.74999938758003 	
0.999999534702219 	
1.99999932899716 	
0 	
0 	
