1.99999932899716 	
1.99999932899716 	
0 	
0 	
0 	
0 	
0.999999664498579 	
0.999999534702219 	
0.999999002910543 	
0 	
0.999999534702219 	
0.999999326122992 	
1.49999945202234 	
0 	
0 	
0.999999002910543 	
0 	
0 	
0.999999955750158 	
0.999999534702219 	
0 	
0.999999326122992 	
0.999999955750158 	
0 	
1.99999906940444 	
0 	
1.99999928403517 	
0 	
0.999999534702219 	
0 	
0 	
0 	
0.999999481250932 	
0.999999955750158 	
0 	
0 	
0.999999955750158 	
0 	
0.999998905533304 	
0 	
0.999999481250932 	
0 	
0 	
1.99999932899716 	
0 	
0 	
0 	
2.7499989960642 	
0 	
0 	
0.999999834909781 	
0 	
0.999999834909781 	
