0.999999632186113 	
0.999999834909781 	
0.99999985379626 	
1.99999816560928 	
3.16666499066759 	
1.99999918908834 	
0.99999985379626 	
0 	
1.99999918908834 	
0 	
1.99999934861435 	
0 	
0.99999962606188 	
5.28568749316426 	
0.999999834909781 	
0 	
0 	
2.99999709807618 	
1.99999928958687 	
0.999999481250932 	
1.99999934861435 	
0 	
0 	
0.999999955750158 	
0 	
0 	
0.999999834909781 	
2.49999892545067 	
0.999999674307175 	
0.999999834909781 	
3.71426452324337 	
0.999999834909781 	
0.999999834909781 	
0 	
0 	
5.29165656214286 	
0 	
1.74999953715819 	
0.999999834909781 	
0.999999955750158 	
0 	
0 	
