0 	
3.9999975525234 	
0 	
0 	
0 	
1.99999904301064 	
4.49999356327768 	
0 	
3.35713818291713 	
0 	
0 	
0.999999955750158 	
2.33333110893205 	
2.49999826870372 	
0 	
2.99999895380229 	
0 	
1.66666592369118 	
0 	
0 	
0 	
0 	
4.38093714466196 	
2.49999826870372 	
0 	
0 	
1.99999936122043 	
0 	
0.999999834909781 	
0 	
2.62499759196712 	
0 	
0 	
0 	
0.999999674307175 	
0.999999834909781 	
0.999999834909781 	
0 	
0.999999955750158 	
1.49999980424771 	
0 	
4.93748797993457 	
0 	
1.49999955366899 	
0.999999955750158 	
