1.99999263505609 	
0 	
1.99999906940444 	
0.999999955750158 	
0 	
0.999999326122992 	
0 	
0 	
2.999998590577 	
0 	
0.999999247119337 	
0 	
0.999999326122993 	
0.999999834909781 	
0 	
0 	
1.99999928403517 	
1.49999949753796 	
0.999999326122992 	
0 	
0.999999955750158 	
0.999999674307175 	
1.99999966981956 	
0.999999002910543 	
0 	
0 	
1.99999928403517 	
1.99999906940444 	
0 	
0 	
0 	
1.99999865224598 	
0 	
0 	
1.49999980424771 	
1.99999865224598 	
1.99999863237226 	
0 	
0.999999874489039 	
0 	
0 	
1.99999906940444 	
0 	
1.99999865224598 	
0.999999834909781 	
1.99999906940444 	
0.999999002910543 	
0.999998886163273 	
0 	
0.999999247119337 	
0.999999664498579 	
1.99999906940444 	
1.99999895379353 	
0 	
0 	
1.99999895379353 	
0 	
0 	
1.99999863237226 	
0 	
0.999999834909781 	
0.999999955750158 	
0 	
0 	
2.4999976837412 	
0 	
0 	
0 	
1.99999800582109 	
0 	
0 	
0.999999326122993 	
0 	
0 	
0 	
0.999999955750158 	
1.99999906940444 	
0 	
1.99999865224598 	
0.999999834909781 	
1.99999835846966 	
0.999999151454652 	
1.99999906940444 	
1.49999949753796 	
2.99999860410666 	
1.49999949753796 	
1.99999800582109 	
0 	
0 	
0.999999133874351 	
0.999999955750158 	
2.99999797836898 	
0.999999834909781 	
0 	
0.999999326122992 	
1.49999949753796 	
0.999999133874351 	
0 	
4.74999645031055 	
1.49999980424771 	
2.49999846908513 	
0.999999674307175 	
0 	
0 	
0 	
0.999999955750158 	
0.999999834909781 	
0.999999874489039 	
0 	
0 	
0.999999358698126 	
0 	
1.99999909405555 	
0.999999955750158 	
0 	
0 	
0 	
1.99999932899716 	
0.999999326122992 	
0 	
0 	
0.999999703628503 	
1.99999895379353 	
0 	
0 	
0.999999534702219 	
1.99999932899716 	
0 	
0 	
1.49999949753796 	
2.74999860785906 	
1.99999966981956 	
1.49999955366899 	
0.999999247119337 	
1.99999871739625 	
1.49999876307492 	
1.99999906940444 	
1.49999949753796 	
0 	
0 	
0 	
0 	
0.999999664498579 	
0 	
1.99999865224598 	
0 	
2.99999899349574 	
1.99999863237226 	
0.999999703628503 	
0 	
1.99999865224598 	
