0.999999632186113 	
0.999999834909781 	
0 	
0.999999834909781 	
0 	
0 	
1.49999955366899 	
0.999999674307175 	
0.999999955750158 	
0.999999834909781 	
0 	
0.999999685543246 	
0 	
0.999999674307175 	
0.999999834909781 	
1.99999928206219 	
0.999999674307175 	
0 	
0.999999674307175 	
0.999999685543246 	
0 	
0.999999685543246 	
0 	
0.999999481250932 	
0.999999552828006 	
7.12495338905167 	
0.99999962606188 	
2.28571045194477 	
0.99999962606188 	
0 	
0 	
2.99999833166541 	
2.49999799324953 	
3.21427615683967 	
2.16666554028404 	
2.49999892545067 	
0 	
0 	
0.999999674307175 	
0.999999674307175 	
4.49999515571966 	
0 	
