0.999999534702219 	
1.99999932899716 	
0 	
0 	
0 	
0.999999664498579 	
0 	
0.999999664498579 	
0.999999664498579 	
0 	
0 	
0 	
1.99999932899716 	
0 	
0 	
0 	
0 	
0 	
0 	
0 	
0 	
1.99999895379353 	
0 	
0.999999664498579 	
0 	
0.999999664498579 	
0 	
0 	
0 	
0 	
0 	
0 	
0.999999664498579 	
0.999999834909781 	
0.999999955750158 	
0 	
0.999999664498579 	
0 	
0 	
0 	
0 	
0.999999534702219 	
0.999999955750158 	
0 	
0.999999874489039 	
0 	
0 	
0 	
0 	
0 	
0 	
0 	
0 	
0 	
0 	
0 	
0 	
0 	
0 	
0 	
0 	
0 	
0 	
0 	
0 	
0 	
0 	
0 	
0 	
0 	
0 	
0 	
0 	
0 	
0 	
0 	
0.999999955750158 	
0 	
0 	
0 	
0 	
0 	
0 	
0 	
0 	
0 	
0 	
0 	
0 	
0 	
0 	
0 	
0 	
0 	
0 	
0 	
0 	
0 	
0 	
0 	
0 	
0 	
0 	
0 	
0 	
0 	
0 	
0 	
0 	
0 	
0 	
0 	
0 	
0 	
0 	
0 	
0 	
0 	
