2.99999914797821 	
2.99999890819269 	
1.99999932899716 	
0.999999955750158 	
0 	
0.999999955750158 	
2.99999860410666 	
2.99999860410666 	
1.49999906191345 	
0 	
1.99999757984424 	
1.99999906940444 	
0.999999133874351 	
2.99999860410666 	
1.99999906940444 	
0.999999247119337 	
0 	
0.999999362001565 	
1.99999932899716 	
0.999999534702219 	
2.49999931067901 	
1.49999955366899 	
2.2499991836716 	
1.99999906940444 	
1.99999966981956 	
2.99999790492049 	
1.99999777232655 	
0 	
0.999999326122993 	
0 	
1.99999932899716 	
1.99999932899716 	
0.999999955750158 	
0.999999664498579 	
2.99999914797821 	
0 	
2.99999760360247 	
0 	
1.99999882423494 	
1.99999863237226 	
0.999999955750158 	
2.99999830618309 	
0 	
3.99999811576938 	
1.99999928403517 	
3.87499574357172 	
4.99999661115025 	
0.999998886163273 	
2.74999860785906 	
0 	
