0.999999664498579 	
0 	
0 	
0.999999664498579 	
0 	
0 	
0 	
0 	
0 	
0.999999955750158 	
0.999999358698126 	
0 	
0.999999834909781 	
0.999999534702219 	
0 	
0 	
0 	
0 	
1.99999906940444 	
0 	
0 	
0 	
0.999999481250932 	
0.999999326122992 	
0 	
1.99999934861435 	
0 	
0 	
0 	
0 	
0 	
0 	
0 	
1.99999932899716 	
0 	
0 	
1.99999966981956 	
0.999999955750158 	
0 	
1.99999928403517 	
1.99999966981956 	
0 	
0 	
0 	
0 	
0 	
0 	
0.999999834909781 	
0.999999534702219 	
1.99999906940444 	
0 	
0.999999534702219 	
0.999999955750158 	
0 	
0 	
0 	
0.999999534702219 	
0 	
