1.99999918908834 	
0.999999674307175 	
1.99999904301064 	
0 	
0 	
0 	
2.49999931067901 	
3.99999581147918 	
3.49999779391191 	
0 	
0 	
0.999999955750158 	
4.2916605659328 	
5.64283265648018 	
0.999999834909781 	
0.999999955750158 	
0.999999685543246 	
2.9999980775029 	
2.4999989594695 	
0 	
0 	
2.66666532515068 	
0 	
0.99999962606188 	
0.999999674307175 	
0 	
6.21426411592652 	
1.49999980424771 	
4.38092888830537 	
0 	
0.999999481250932 	
2.49999853092383 	
1.99999918908834 	
0 	
2.9999980578977 	
0.999999674307175 	
1.99999966981956 	
0.999999685543246 	
3.24999737185243 	
0.999999955750158 	
0 	
0 	
5.62499121482719 	
1.4999989542961 	
0 	
0 	
1.4999991831514 	
0 	
0.99999962606188 	
0.999999632186113 	
0 	
1.99999890401956 	
0 	
0 	
0.999999685543246 	
1.99999928958687 	
0 	
3.49999732503903 	
0.999999834909781 	
4.99999681696592 	
0 	
1.49999980424771 	
1.99999894378058 	
4.49999683044644 	
0 	
0 	
3.03124486481706 	
0 	
1.99999890401956 	
2.49999892615434 	
2.49999915160878 	
0.999999674307175 	
1.99999877993995 	
1.49999945202234 	
0.999999674307175 	
1.99999890401956 	
0 	
2.24999798995434 	
0 	
1.99999877255857 	
0 	
4.37499519392228 	
1.49999945202234 	
0 	
1.99999926437223 	
1.99999936122043 	
1.99999935032798 	
2.74999586421905 	
1.99999966981956 	
3.49999858345191 	
0 	
0 	
0 	
0 	
1.49999955366899 	
0.999999674307175 	
4.24999606792681 	
2.49999868031027 	
3.49999786266982 	
0 	
2.99999752614984 	
1.99999944585635 	
0 	
0.999999685543246 	
0 	
0 	
0.999999674307175 	
0.999999955750158 	
0 	
2.24999810215954 	
1.49999980424771 	
0 	
0.999999552828006 	
0 	
0.99999962606188 	
1.99999937006216 	
3.4999984828955 	
0 	
0 	
4.49999382043133 	
0 	
0 	
2.9999989755954 	
1.99999890401956 	
1.99999944585635 	
2.49999766455713 	
2.24999871399747 	
0 	
1.99999918908834 	
0.999999685543246 	
0 	
0.999999674307175 	
0 	
3.49999657130176 	
1.99999910565601 	
0 	
0 	
4.99999378123068 	
1.4999991831514 	
0 	
1.49999955366899 	
