1.99999777232655 	
0 	
1.99999754086996 	
4.99999639010212 	
2.99999797836898 	
2.99999797678766 	
1.99999863237226 	
1.99999909405555 	
0.999999002910543 	
0.999999002910543 	
0 	
2.99999774135801 	
0.999999955750158 	
3.49999702265772 	
3.24999689890655 	
0 	
2.99999890404468 	
1.99999849423867 	
0.999999834909781 	
6.43749209129938 	
0.999999834909781 	
0.999999834909781 	
1.99999906940444 	
0 	
2.99999898878071 	
3.74999769991469 	
2.99999914797821 	
0 	
3.99999617769864 	
0.999999834909781 	
1.99999777232655 	
0.999999674307175 	
1.99999868331612 	
3.9999982592725 	
2.99999700873163 	
0 	
3.49999702265772 	
3.74999651040063 	
2.74999726695012 	
0.999999077353539 	
2.99999702665085 	
2.9999968398425 	
0.999999674307175 	
4.99999512449232 	
2.99999797836898 	
3.49999752735947 	
2.99999785164221 	
2.99999797836898 	
1.99999906940444 	
2.24999871399747 	
1.99999777232655 	
1.99999932899716 	
0 	
2.99999869451319 	
1.9999982677487 	
0.999999955750158 	
0.999999247119337 	
0.999999674307175 	
0 	
2.99999869451319 	
0 	
1.99999865224598 	
1.99999909405555 	
0 	
1.99999800582109 	
2.99999890819269 	
3.99999811576938 	
1.99999865224599 	
2.99999914797821 	
0 	
1.49999945202234 	
0 	
2.49999931067901 	
2.99999899349574 	
0.999999674307175 	
0.999999955750158 	
0.999999534702219 	
2.74999822173355 	
2.49999806767951 	
0 	
5.4999925541093 	
0 	
4.99999661115025 	
2.74999782931506 	
0.999999534702219 	
1.9999982677487 	
0.999999534702219 	
2.99999797678766 	
3.99999772239473 	
4.87499627736657 	
3.99999729198589 	
2.74999735503022 	
2.999998590577 	
1.99999863237226 	
2.99999914797821 	
0 	
2.74999742293418 	
0 	
2.7499989960642 	
2.49999802355571 	
0.999999002910543 	
