0 	
0 	
0 	
0 	
0 	
0 	
0 	
0 	
0.99999985379626 	
0.999999410540692 	
0.999999645144809 	
0 	
0.999999874489039 	
0 	
0 	
0 	
0 	
0 	
0 	
0 	
0 	
0 	
0 	
0 	
0 	
0 	
0 	
0 	
0 	
0 	
0 	
0 	
0 	
0 	
1.49999980424771 	
0.999999703628503 	
0.999999874489039 	
0 	
0 	
0 	
0 	
0 	
0 	
0 	
0.999999674307175 	
0 	
0 	
0 	
0 	
0 	
0 	
0 	
0 	
0.999999703628503 	
0 	
0 	
0 	
0 	
0 	
0 	
0 	
0 	
0 	
0 	
0 	
0.999999874489039 	
0 	
0.99999962606188 	
0 	
0 	
0 	
0 	
0 	
0 	
0 	
0 	
0 	
0 	
0 	
0 	
0 	
0 	
0 	
0 	
0 	
0 	
0 	
0 	
0 	
0 	
0 	
0 	
0 	
0 	
0 	
0 	
0 	
0 	
0 	
0 	
0 	
0 	
0.999999533150113 	
0 	
0 	
0 	
0 	
0 	
0 	
0.999999874489039 	
0 	
