2.99999744864943 	
2.3333302031896 	
1.99999790099917 	
1.99999707382271 	
0.999999632186113 	
0.999999075432228 	
1.99999815932539 	
0.999999151454652 	
0.999999364845566 	
1.99999815086446 	
0 	
0.999999955750158 	
0.999999480663034 	
1.99999798254191 	
4.49999454459513 	
0.999999358698126 	
1.99999810182898 	
2.99999490263184 	
0.999999480761448 	
0 	
0.999999480761447 	
0.999999271778113 	
0 	
0.999999151454652 	
0 	
2.49999845876156 	
3.87499655163685 	
1.99999815177416 	
0.999998619516363 	
0 	
0.999998619516363 	
0 	
1.99999830693778 	
1.99999749189852 	
1.9999972186671 	
2.99999623784778 	
0.999999358698125 	
1.99999894104466 	
