4.99999313040782 	
0.999998736943545 	
3.33332815596468 	
1.99999781106661 	
1.99999810182898 	
0.999999358698125 	
0.999998499122287 	
1.99999640665107 	
1.99999781106661 	
0.999998905533304 	
0.999999674307175 	
0.999999481250932 	
2.99999673900363 	
4.99998929897168 	
2.49999747827548 	
2.99999666052528 	
0.999999151454652 	
0 	
1.99999910565601 	
0.999998481277345 	
2.49999841697894 	
3.49999678514168 	
0 	
2.99999646460525 	
5.74998914983742 	
1.99999761588545 	
0.999999552828006 	
4.74999442972722 	
0.999999364845566 	
3.4999955495118 	
3.41666302262853 	
1.99999896250186 	
2.49999619931472 	
2.99999501118388 	
4.74999311034515 	
2.99999623784778 	
2.99999806020818 	
3.99999328151982 	
1.99999718568666 	
4.99999403971364 	
0.999999075432228 	
4.9999887202977 	
0.999999075432228 	
4.49999498882616 	
2.99999625112577 	
0.999998923012306 	
0.999999481250932 	
3.99999708711245 	
0.999999075432228 	
1.99999790099917 	
1.99999784602461 	
2.99999666052528 	
1.49999690378532 	
1.99999809906127 	
2.99999790718452 	
3.99999741129696 	
0 	
0.999999320815288 	
1.99999894104466 	
1.99999810182898 	
0 	
0.999999151454652 	
4.99999353038567 	
3.4999955495118 	
8.74998109572689 	
4.49999187204166 	
5.99999193067931 	
5.1249905064102 	
0.999998923012306 	
2.99999680207726 	
1.99999815086445 	
5.49999082198988 	
1.99999800912044 	
2.74999700393145 	
5.99998595859833 	
1.4999989542961 	
1.99999782261552 	
1.99999882108138 	
2.49999842879065 	
2.99999548648872 	
0 	
2.99999580036376 	
4.74999246464175 	
3.99999138744457 	
0.999998991310192 	
3.99999461168988 	
1.99999894104466 	
3.99999225520738 	
0 	
6.99999164247703 	
2.49999685300908 	
1.99999861524161 	
1.9999986200448 	
7.99998245874766 	
2.99999680207726 	
3.99999230118489 	
2.74999873621326 	
1.99999890401956 	
3.99999394136281 	
3.49999517463071 	
3.99999556707539 	
4.99999202855594 	
3.08332783109027 	
1.99999818104543 	
0 	
3.49999703772191 	
0.999999075432228 	
4.74999545796703 	
1.99999782261552 	
3.99999606325218 	
