0.999999879990005 	
0 	
0 	
0 	
0 	
0 	
0 	
0 	
2.74999782159296 	
0.999999410540692 	
0 	
0 	
0.999999410540692 	
0 	
0 	
0.999999151454652 	
2.99999844228434 	
2.99999887635127 	
0 	
0 	
0 	
0 	
0.999999674307175 	
0 	
3.12499788930525 	
0 	
0 	
0 	
0 	
0 	
0 	
0 	
0 	
0.999999834909781 	
0 	
0 	
0 	
0 	
0 	
1.99999931263766 	
0 	
0 	
0.999999834909781 	
0 	
0 	
0 	
0 	
0 	
0 	
0 	
0 	
0 	
0 	
0 	
0 	
0 	
0 	
0.999999271778113 	
0.999999410540692 	
0.999999481250932 	
0.999999834909781 	
0 	
0 	
0 	
0 	
0.999999674307175 	
0 	
0.999999271778113 	
0.99999962606188 	
0 	
0 	
0.999999410540692 	
0 	
0.999999685543246 	
0 	
0 	
0.999999955750158 	
0 	
0 	
0 	
0 	
0 	
0 	
0 	
0 	
0 	
0 	
0 	
0 	
0 	
0 	
0 	
0 	
0 	
0 	
0 	
0 	
0.999999674307175 	
0.999999480761448 	
0 	
0.999999288422124 	
0.999999834909781 	
3.74999614468787 	
0 	
0.999999685543246 	
