0 	
2.4999969476349 	
2.99999644397749 	
0.999999860690213 	
0.999998619516363 	
1.99999790099917 	
1.99999750683481 	
2.08333083275183 	
0.999998553871898 	
0.999998609333551 	
0.999999746982215 	
1.99999723903273 	
0 	
0 	
0.999999530927831 	
0 	
1.99999707332008 	
0.999999364845566 	
0.999998499122288 	
0.999998745949259 	
1.99999723903273 	
4.74999546545 	
0.999998923012306 	
5.49999102474516 	
0.999999834909781 	
0.999999151454652 	
0 	
1.99999596985583 	
1.49999812600971 	
0.999999879990005 	
0.999999358698125 	
3.49999354997094 	
1.99999757872987 	
2.49999619931472 	
0.999998609333551 	
0.999999674307175 	
0.999999358698125 	
0 	
