3.49999401064329 	
0.999999271778113 	
0 	
0.999999480761447 	
3.99999600668493 	
0 	
1.99999722946668 	
2.99999761873334 	
3.93749448066434 	
6.49999027657624 	
0.999999589914344 	
0.999998619516363 	
3.49999510002745 	
0 	
2.99999684427337 	
1.99999638995362 	
1.99999679279736 	
1.49999791793733 	
3.49999075552076 	
2.99999377641099 	
2.99999637099004 	
2.99999610750812 	
3.49999239960042 	
0.99999804752187 	
0 	
0 	
3.9999888625427 	
0.999999530927831 	
4.37499251873276 	
0.999999589914344 	
4.99999084264086 	
3.3333281024366 	
0.999999589914344 	
0.999999480663034 	
0 	
3.99999363975283 	
2.99999817778914 	
