3.49999655071915 	
0 	
2.49999811683676 	
0.999999674307175 	
0.999998745949259 	
3.99999551771061 	
0 	
0 	
0 	
0 	
0 	
0.999999358698125 	
0.999999674307175 	
2.99999459403981 	
0 	
0 	
1.99999896250186 	
0 	
0.999999271778113 	
1.99999833751845 	
0.999997984927917 	
0.999999860690213 	
0.999999625450423 	
0 	
0 	
0.99999940027035 	
0.999999211869688 	
1.49999791793733 	
0.999999480761448 	
0.999998923012306 	
0 	
0.999999287989574 	
0 	
1.99999702554968 	
0 	
0 	
0 	
1.99999810182898 	
2.99999338060724 	
0.999999090522717 	
