0 	
0.999999271778113 	
0 	
0 	
0 	
0 	
0 	
0 	
0 	
0 	
0 	
0 	
0 	
0 	
0 	
0 	
0.99999962606188 	
0 	
0.999999834909781 	
0 	
0 	
0 	
0.999999480761447 	
0 	
0 	
0 	
0 	
0 	
0 	
0 	
0 	
1.99999872969113 	
0 	
0 	
0 	
0.999999955750158 	
0 	
1.99999925090085 	
0.999999364845566 	
0 	
0 	
0.99999985379626 	
0 	
0 	
0.999999674307175 	
0 	
0 	
0 	
0 	
0.999999834909781 	
0.999999625450423 	
0 	
0.999999955750158 	
0 	
0 	
0 	
0 	
0 	
0 	
0 	
0 	
0.999999685543246 	
0 	
0.999999674307175 	
0 	
0 	
0 	
0 	
0 	
0 	
0 	
0 	
0 	
0 	
0 	
0 	
0.999999625450423 	
0.999999625450423 	
2.49999845876156 	
0 	
0 	
0 	
0 	
0 	
0 	
0.999999625450423 	
0.999999685543246 	
0 	
0 	
0 	
0.999999481250932 	
0 	
0 	
0 	
0 	
0 	
0 	
0 	
0 	
1.99999876578492 	
0 	
0 	
0.999999955750158 	
0 	
0 	
0 	
