0.999999090522717 	
2.66666263236976 	
0.99999804752187 	
0 	
3.74999495174152 	
0 	
0.999999075432228 	
0 	
0 	
0.999999480761447 	
0 	
0 	
0.999999090522717 	
0.999998923012306 	
0.999999589914344 	
0 	
0.999999659358369 	
1.49999830080934 	
0 	
2.83332673408322 	
0 	
0.999999632186113 	
0.999999480761447 	
0.999998609333551 	
0.999998923012306 	
0.999998958154171 	
0 	
0.999999955750158 	
0.999999271778113 	
0 	
0.999999481250932 	
0.999999481250932 	
2.74999666187245 	
1.99999832684567 	
0.999999090522717 	
0.999999740617273 	
1.99999656872884 	
2.99999642382818 	
1.9999983029093 	
