0.999999271778113 	
0.999998750375256 	
1.9999983029093 	
0 	
2.49999813394022 	
3.49999371601574 	
1.9999983029093 	
3.08332775362031 	
1.99999651806315 	
0.999999271778113 	
2.99999412064536 	
3.49999517463071 	
0 	
4.749994446046 	
0.999999075432228 	
0.999999090522717 	
0.999999090522717 	
1.99999784602461 	
0 	
0.999998619516363 	
2.999996762166 	
0.999998619516363 	
3.74999564761442 	
2.99999563345281 	
1.99999590220379 	
0.99999860933355 	
3.49999493178434 	
4.24999170770916 	
2.49999610714378 	
5.99998987405916 	
1.99999723903273 	
2.99999322113895 	
2.99999534099316 	
0.999999481250932 	
1.99999896152289 	
3.49999383068854 	
3.3333296560723 	
