3.9999945101688 	
3.9999926677048 	
1.49999764382931 	
0 	
0.999999076496691 	
1.99999635723063 	
1.99999746738372 	
0.999999364845566 	
2.99999496843866 	
1.99999885957907 	
0 	
0.999998619516363 	
1.99999586728421 	
1.99999665290149 	
0 	
0.999999075432228 	
0.999999358698125 	
2.99999684819362 	
1.99999687214045 	
0 	
0.999997767409883 	
2.99999574330913 	
0.999999674307175 	
0.999999503247507 	
0.999998883927388 	
0.999999253577603 	
0.999999364845566 	
3.08332597233787 	
0.999998905533304 	
1.499997983547 	
2.49999811061135 	
0.999999832757514 	
2.99999505843348 	
1.99999880958097 	
0 	
1.99999875917242 	
0 	
