0 	
0 	
2.99999774117892 	
0 	
0.999999625450423 	
0 	
0.999999746982215 	
0 	
0 	
0.999999410540692 	
0 	
0 	
0 	
0 	
0 	
0 	
0 	
0 	
0 	
0 	
0.999999552828006 	
0 	
0 	
0 	
0 	
0 	
0 	
0 	
0 	
0 	
0 	
0 	
0 	
0.999999674307175 	
0.999999481250932 	
0 	
0 	
0 	
0 	
0 	
0 	
0.999999834909781 	
0.999999834909781 	
0 	
0 	
0 	
0 	
0 	
0 	
0 	
0 	
0.999999634707892 	
0.999999410540692 	
0 	
1.99999872969113 	
1.49999955366899 	
0 	
0 	
0 	
0 	
0 	
0 	
0 	
0.999999480761448 	
0 	
0 	
0 	
1.99999896152289 	
0 	
0 	
0 	
0.999999480761447 	
0 	
0 	
0 	
0.999999834909781 	
0 	
0.999999480761448 	
0 	
0 	
0 	
0 	
1.99999949396443 	
0 	
0 	
0 	
0 	
0 	
0.999999358698125 	
0 	
0 	
0 	
0.999999674307175 	
0 	
0.999999955750158 	
0 	
0.999999955750158 	
0 	
0 	
0 	
0 	
0 	
0 	
0 	
0 	
