0 	
0.999999860690213 	
1.99999875446975 	
2.9999980945367 	
0 	
0.999998188774909 	
0 	
0.999999632186113 	
0 	
0.999999358698125 	
0 	
0 	
1.99999880147944 	
0.999999674307175 	
2.99999598931774 	
2.99999638254632 	
0.999999832757514 	
0 	
0 	
2.49999845876156 	
0.999999151454652 	
1.99999877466551 	
2.99999642645697 	
1.9999986200449 	
0 	
0 	
0.999999358698125 	
0 	
0.999998883927388 	
1.99999856727011 	
0 	
0.999999480761448 	
0 	
0 	
0 	
0.999998923012306 	
0.999998883927388 	
0 	
0.999999481250932 	
0.999999632186113 	
0 	
0 	
