4.99999096593949 	
1.99999488103886 	
1.99999697901011 	
2.49999830688071 	
1.99999612679155 	
3.9999961422086 	
1.99999894104466 	
0.999998750375256 	
0 	
2.99999369148612 	
0.999998745949259 	
4.49999346493489 	
0 	
0 	
0 	
1.99999790099917 	
3.49999371088512 	
3.9999930554173 	
0.99999979579725 	
1.99999824805526 	
4.99999162046213 	
1.99999856684441 	
1.99999825006846 	
0.999998883927388 	
1.99999736675934 	
0.999998923012306 	
3.99999720678024 	
1.99999672985805 	
1.99999931263766 	
2.49999761253793 	
2.99999808755342 	
0 	
1.99999837456202 	
0.999999358698125 	
0 	
1.99999377274256 	
1.99999776785478 	
3.99999739490411 	
