0 	
0 	
0 	
0 	
0 	
0 	
0 	
0 	
0 	
1.99999906940444 	
0.999999834909781 	
0.999999534702219 	
0 	
0 	
0 	
0.999999834909781 	
0.999999534702219 	
1.99999865224599 	
0.999999674307175 	
0.999999955750158 	
2.99999797836898 	
0 	
0 	
0 	
0 	
0 	
0 	
0 	
0.999999955750158 	
1.99999932899716 	
0 	
0 	
0 	
0 	
0.999999326122992 	
0 	
1.99999895379353 	
0 	
2.99999790492049 	
0.999999955750158 	
0 	
0 	
0 	
0.999999955750158 	
0 	
0 	
0 	
0 	
0 	
0.999999834909781 	
0.999999834909781 	
0 	
0 	
0 	
0.999999534702219 	
0 	
0.999999674307175 	
1.49999945202234 	
0 	
0 	
1.99999906940444 	
0 	
0 	
0 	
0.999999834909781 	
0 	
0.999999834909781 	
1.99999906940444 	
0 	
0 	
0 	
0 	
0.999999664498579 	
0.999999534702219 	
0 	
0.999999955750158 	
0 	
0 	
0 	
0.999999955750158 	
0.999999955750158 	
0 	
0 	
0.999999955750158 	
0 	
0 	
0 	
0 	
0 	
0 	
1.49999955366899 	
0.999999834909781 	
0 	
2.999998590577 	
0 	
0 	
0.999999834909781 	
0 	
0 	
0 	
0 	
0 	
0 	
0 	
2.99999899349574 	
