0 	
1.99999906940444 	
0.999999955750158 	
2.99999790492049 	
3.99999742434789 	
2.99999774135801 	
0 	
0 	
3.99999730449197 	
0 	
2.99999899349574 	
0 	
4.99999540042689 	
1.99999849423867 	
0 	
0.999999834909781 	
3.33332838374774 	
2.99999790492049 	
0.999999703628503 	
0 	
0 	
1.74999938758003 	
0 	
0.999999834909781 	
2.999998590577 	
0.999999834909781 	
0 	
0.999999834909781 	
0.999999664498579 	
0.999999703628503 	
0 	
0.999999834909781 	
0 	
0.999999955750158 	
0 	
0.999999674307175 	
0 	
0.999999625291197 	
0 	
0.999999874489039 	
0 	
5.49999656345242 	
0 	
0.999999358698126 	
1.99999966981956 	
3.99999813880887 	
4.49999722450695 	
1.99999865224599 	
0.999999632186113 	
2.99999797836898 	
0 	
1.99999835846966 	
1.49999945202234 	
1.99999865224599 	
0 	
1.99999966981956 	
1.99999934861435 	
1.99999932513795 	
0.999999834909781 	
1.99999895379353 	
1.99999966981956 	
3.74999643046245 	
2.99999774135801 	
4.49999648631112 	
0.999999534702219 	
0.999999834909781 	
3.99999729198589 	
0.999999834909781 	
3.99999813880887 	
0.999999534702219 	
0.999999834909781 	
2.99999760360247 	
3.99999729198589 	
1.99999906940444 	
0 	
2.99999860410666 	
0.999999674307175 	
0 	
0 	
2.99999860410666 	
1.99999865224598 	
0.999999834909781 	
2.99999860410666 	
1.99999896596004 	
0.999999834909781 	
0.999999247119337 	
0 	
0 	
1.99999906940444 	
0 	
0 	
2.49999931067901 	
0.999999674307175 	
0 	
0.999999674307175 	
2.99999860410666 	
0.999999834909781 	
1.99999865224598 	
0 	
3.99999671693932 	
2.74999788667356 	
