0.999999955750158 	
0 	
0.999999834909781 	
0 	
0.999999955750158 	
0 	
0 	
0 	
0.999999955750158 	
0 	
0.999999955750158 	
0.999999955750158 	
0 	
0 	
0 	
0 	
0 	
0.999999955750158 	
0 	
1.99999966981956 	
0 	
0 	
0 	
0.999999955750158 	
0 	
0 	
0 	
0.999999834909781 	
0 	
0 	
0 	
0.999999955750158 	
0.999999955750158 	
0 	
1.99999966981956 	
0 	
0.999999955750158 	
0.999999955750158 	
0 	
0 	
0 	
0 	
0 	
0.999999955750158 	
0.999999955750158 	
0 	
0 	
0 	
0 	
0 	
0.999999834909781 	
0 	
0 	
0 	
0 	
0 	
0.999999955750158 	
0 	
0.999999834909781 	
0 	
0 	
0 	
0.999999955750158 	
0 	
1.99999966981956 	
0 	
0.999999834909781 	
0.999999955750158 	
0 	
0 	
0 	
0.999999955750158 	
1.99999966981956 	
0 	
0.999999955750158 	
0 	
0 	
0.999999834909781 	
1.99999966981956 	
0.999999955750158 	
0 	
0.999999955750158 	
0 	
0.999999955750158 	
0.999999955750158 	
0 	
0 	
0.999999955750158 	
0 	
0 	
0 	
0 	
0 	
0 	
0.999999955750158 	
0 	
0 	
0 	
0 	
0.999999955750158 	
