0 	
2.33333119493376 	
1.99999906940444 	
1.99999934861435 	
4.99999602892461 	
0 	
2.999998590577 	
0 	
3.74999598302063 	
0 	
0.999999358698126 	
0.999999674307175 	
0 	
1.99999896596004 	
1.99999966981956 	
3.99999671693932 	
3.99999697490023 	
0 	
0 	
0.999999674307175 	
3.99999730449197 	
0.999999834909781 	
1.99999835846966 	
2.99999760360247 	
0.999999834909781 	
0.999999358698126 	
0 	
1.99999865224599 	
0.999999674307175 	
2.99999899349574 	
0.999999955750158 	
2.99999760360247 	
3.99999729198589 	
2.99999860410666 	
2.99999839157395 	
0.999999674307175 	
3.99999729198589 	
0 	
2.99999760360247 	
0 	
0.999999834909781 	
0 	
0.999999834909781 	
1.99999906940444 	
1.99999865224599 	
0 	
0 	
2.99999763706713 	
1.99999896596004 	
1.99999865224599 	
4.99999602892461 	
