0 	
0.999999955750158 	
0 	
0 	
0 	
0.999999834909781 	
0.999999664498579 	
1.99999934861435 	
2.999998590577 	
0.999999834909781 	
0 	
0.999999955750158 	
0 	
0 	
0.999999625291197 	
1.74999953715819 	
3.99999811576938 	
0 	
1.99999865224598 	
0 	
0.999999834909781 	
0 	
0.999999834909781 	
1.99999926437223 	
0 	
0 	
0.999999834909781 	
0.999999326122992 	
1.99999932513795 	
0.999999834909781 	
1.99999865224599 	
0.999999874489039 	
0 	
0.999999834909781 	
0.999999674307175 	
0 	
0 	
1.99999966981956 	
0 	
2.99999763706713 	
2.99999774135801 	
3.8749961217237 	
2.99999790492049 	
0 	
3.99999729198589 	
0.999999632186113 	
0.999999326122993 	
0.999999703628503 	
0.999999955750158 	
0 	
0 	
0.999999674307175 	
0 	
0.999999664498579 	
3.99999813880887 	
0.999999247119337 	
0 	
0 	
0 	
2.99999760360247 	
0.999999674307175 	
1.99999895379353 	
0.999999834909781 	
0 	
0 	
0.999999834909781 	
0 	
0.999999834909781 	
0.999999834909781 	
2.99999797836898 	
1.74999938758003 	
0 	
1.49999955366899 	
0.999999955750158 	
0.999999834909781 	
0.999999834909781 	
0 	
0.999999955750158 	
3.99999811576938 	
0.999999674307175 	
0.999999834909781 	
0.999999326122993 	
2.49999907915258 	
0 	
0.999999358698126 	
0 	
2.99999790492049 	
2.99999860410666 	
0.999999674307175 	
0 	
2.99999774135801 	
0.999999674307175 	
2.99999860410666 	
0 	
2.999998590577 	
0.999999674307175 	
0.999999955750158 	
0 	
0 	
0 	
1.74999906240779 	
0.999999834909781 	
0 	
