2.99999790492049 	
0.999999834909781 	
2.99999760360247 	
0.999999326122993 	
1.99999807596109 	
2.99999797836898 	
6.04165915016352 	
0.999999674307175 	
3.99999630940558 	
4.99999593695616 	
0.999999955750158 	
0 	
0.999999674307175 	
2.99999860410666 	
2.99999790492049 	
1.99999932513795 	
0.999999955750158 	
0.999999703628503 	
2.99999723206061 	
3.99999811576938 	
3.49999724944545 	
0 	
0.999999674307175 	
3.49999680402475 	
4.99999749736039 	
3.99999697490023 	
3.99999742434789 	
1.74999903519047 	
0 	
3.99999813880887 	
3.33333005206475 	
1.99999906630023 	
1.99999815470708 	
0 	
3.99999630941415 	
1.99999906630023 	
0.999999834909781 	
0.999999834909781 	
3.99999698847735 	
3.99999813880887 	
0.999999955750158 	
0 	
1.99999926437223 	
3.99999625214899 	
3.99999730449197 	
0 	
0.999999674307175 	
0.999999151454652 	
0.999999955750158 	
0 	
0.999999834909781 	
4.99999620977545 	
3.99999630940558 	
4.33332694631174 	
2.26041510765019 	
3.99999865799432 	
0 	
0.999999674307175 	
0.999999481250932 	
2.99999702665085 	
2.99999723206061 	
0.999999674307175 	
3.99999729198589 	
2.99999899349574 	
1.99999932513795 	
0.999999674307175 	
0 	
2.99999899349574 	
0 	
0.999999632186113 	
2.999998590577 	
3.99999676082483 	
0.999999874489039 	
2.99999774135801 	
4.74999534032127 	
0 	
3.99999730449197 	
4.99999408795454 	
0.999998923078964 	
0.999999834909781 	
1.99999934861435 	
0.999999632186113 	
3.31249748138276 	
2.99999774135801 	
2.26041481829219 	
3.99999685295864 	
0.999999358698126 	
1.99999934861435 	
0 	
0.999999834909781 	
2.31249812735931 	
1.99999812000998 	
0 	
0.999999834909781 	
2.99999889655834 	
1.99999849423867 	
1.99999865224599 	
2.33333119493376 	
0.999999834909781 	
3.99999677875972 	
