0.999999834909781 	
0 	
1.49999955366899 	
0.999999834909781 	
0.999999955750158 	
0.999999834909781 	
0.999999674307175 	
0 	
3.99999865799432 	
0 	
0.999999632186113 	
0 	
1.99999895379353 	
0.999999834909781 	
0 	
0.999999674307175 	
2.74999726695012 	
0 	
1.74999841678421 	
2.99999797836898 	
0 	
0.999999834909781 	
0 	
0 	
0.999999534702219 	
0.999999834909781 	
2.87499841732467 	
0 	
1.99999966981956 	
0 	
0 	
2.99999812520056 	
0.999999955750158 	
0 	
2.99999797836898 	
0 	
0.999999955750158 	
0 	
0.999999632186113 	
0 	
0 	
0 	
0.999999674307175 	
0 	
0 	
1.74999903519047 	
0 	
0 	
2.99999860410666 	
0.999999247119337 	
0.999999534702219 	
3.99999729198589 	
2.99999790492049 	
1.99999906940444 	
0 	
0 	
0.999999674307175 	
0.999999955750158 	
0.999999664498579 	
0 	
1.99999906940444 	
0 	
0 	
0 	
1.99999849423867 	
1.99999919989308 	
0 	
1.99999906940444 	
0 	
0 	
0.999999834909781 	
0 	
0 	
0.999999834909781 	
0 	
1.74999903519047 	
0 	
0.999999955750158 	
2.49999892545067 	
0 	
0.999999674307175 	
0 	
0.999999664498579 	
0 	
0.999999320815289 	
0 	
0 	
0 	
1.99999865224598 	
0.999999674307175 	
0 	
0 	
0 	
0.999999674307175 	
0.999999674307175 	
0 	
1.99999835846966 	
0.999999955750158 	
0.999999358698126 	
0.999999151454652 	
0 	
