4.99999574888169 	
3.99999625214899 	
4.49999590216492 	
0.999999674307175 	
2.99999889655834 	
2.99999889655834 	
1.99999934861435 	
1.99999828192451 	
3.99999697490023 	
3.49999833158347 	
1.99999926437223 	
4.99999602892461 	
0.999999674307175 	
1.99999966981956 	
0.999999834909781 	
0.999999674307175 	
5.99999580984098 	
3.04166262520389 	
3.99999630940558 	
2.99999763706713 	
3.87499450103719 	
2.99999760360247 	
0.999999834909781 	
0 	
0 	
1.99999934861435 	
6.99999016337189 	
3.99999697490023 	
2.99999683254847 	
2.99999763706713 	
4.99999661115025 	
4.99999602892461 	
2.99999735419132 	
3.68749538892229 	
2.99999684415597 	
4.56943885787698 	
2.99999876358006 	
1.99999919989308 	
3.99999625214899 	
7.33332257763687 	
2.99999720452189 	
3.99999671693932 	
5.99999437822349 	
2.99999663951758 	
3.99999729198589 	
2.99999797836898 	
2.99999776181668 	
5.56943601145242 	
0 	
4.74999393055489 	
0.999999955750158 	
1.99999807596109 	
4.99999521919551 	
1.99999815470708 	
2.33333080344635 	
3.99999730449197 	
1.99999926437223 	
0.999999674307175 	
1.99999926437223 	
2.99999746859185 	
4.99999521919551 	
0 	
0.999999632186113 	
0.999999834909781 	
3.33332957510824 	
0.999999632186113 	
2.7499987775295 	
2.99999720452189 	
2.99999723206061 	
0.999999955750158 	
2.99999723206061 	
2.99999702665085 	
4.99999602892461 	
4.4166610821368 	
2.999997744912 	
4.99999749736039 	
2.99999876358006 	
3.99999671693932 	
4.99999632428841 	
2.99999677666245 	
1.99999815470708 	
5.04166088667509 	
2.74999845705593 	
5.99999428912407 	
3.99999677875972 	
0.999999625291197 	
4.99999554557471 	
1.99999849423867 	
3.3333301791774 	
0.999999674307175 	
1.9999991944008 	
0.999999632186113 	
2.99999902292153 	
3.99999726474452 	
2.99999760360247 	
4.99999602892461 	
3.99999529711417 	
2.99999797836898 	
0 	
1.9999991944008 	
