2.99999797836898 	
2.99999860410666 	
0.999999674307175 	
0.999999674307175 	
4.99999652459213 	
0.999999674307175 	
2.74999799097122 	
0 	
2.99999720452189 	
0 	
1.74999953715819 	
3.99999630941415 	
0 	
3.99999671693932 	
0.999999674307175 	
1.99999926437223 	
1.99999865224599 	
2.9999984437528 	
0.999999674307175 	
0.999999481250932 	
3.99999671693932 	
1.99999926437223 	
3.99999677875972 	
2.99999774135801 	
0 	
1.9999981260745 	
2.99999797836898 	
3.74999661254773 	
1.99999934861435 	
0.999999247119337 	
3.04166394607005 	
2.99999760360247 	
1.74999841678421 	
4.99999652459213 	
3.74999797370754 	
0.999999481250932 	
0.999999632186113 	
3.99999625214899 	
0.999999674307175 	
1.99999934861435 	
2.99999702665085 	
2.99999790492049 	
4.99999652459213 	
3.99999661918029 	
0.999999674307175 	
1.99999849423867 	
1.99999815470708 	
1.93749842707504 	
0.999999632186113 	
2.99999902292153 	
0.999999075432228 	
1.99999835846966 	
3.99999697490023 	
0 	
2.99999723206061 	
4.99999586015345 	
2.99999790492049 	
3.99999730449197 	
1.74999938758003 	
0 	
3.93749647103741 	
3.99999742434789 	
2.99999902292153 	
1.99999926437223 	
3.99999697490023 	
4.74999484809771 	
1.99999926437223 	
0 	
3.56944000342968 	
2.99999876358006 	
2.99999735419132 	
3.26041255850398 	
0.999999703628503 	
2.99999790492049 	
2.99999763706713 	
2.7499987775295 	
0.999999632186113 	
4.99999620977545 	
2.99999889655834 	
3.99999671693932 	
0.999999703628503 	
2.99999699535597 	
2.99999774135801 	
0.999999075311881 	
2.74999819208227 	
1.99999966981956 	
0 	
0.999999834909781 	
1.99999849423867 	
0.999999326122993 	
0.999999632186113 	
0.999999625291197 	
1.99999966981956 	
2.99999860410666 	
1.99999926437223 	
0.999999674307175 	
0.999999533150113 	
0.999999834909781 	
4.99999602892461 	
2.99999797836898 	
