0 	
4.66665770014284 	
5.16665716663247 	
3.99999232499731 	
4.49999382345312 	
3.99999278745 	
5.4999933320024 	
0.999999302263557 	
2.99999816365478 	
2.49999755610836 	
2.49999827693327 	
3.49999517463071 	
8.99998378498647 	
4.49999522198729 	
4.99999562659974 	
2.99999787342571 	
1.49999858375387 	
6.49998937495078 	
3.99999412153187 	
4.999992109966 	
6.49998846697047 	
5.99998777574431 	
4.49999532698769 	
0 	
0.999998481277345 	
4.49999576343818 	
7.49998649997561 	
4.49999444481706 	
6.99998964080975 	
2.87499592990264 	
3.99999403142054 	
4.4999961897275 	
8.99998494465318 	
3.49999793016821 	
3.87499187074693 	
2.99999456490678 	
4.49999621683333 	
7.49998402558968 	
6.99998593899854 	
5.99999207513317 	
2.99999883633664 	
5.49999325621689 	
6.99998593899854 	
8.74998017261292 	
7.49998868772628 	
7.9999871151692 	
2.49999833264177 	
7.49998906560128 	
4.49999188730128 	
0.999999135567864 	
7.49998381123023 	
8.4999822055504 	
0.999999075432228 	
5.49999352998098 	
0.999999387104186 	
5.49998876861085 	
8.99998207805845 	
6.99998892759108 	
6.49999354542075 	
6.49999014533367 	
2.49999875736744 	
6.99998576005271 	
4.99999368343492 	
7.12498770805235 	
8.99998519311199 	
4.49999396529143 	
1.99999761588545 	
4.49999386229026 	
1.74999864733229 	
8.49998547791387 	
6.99999146544657 	
6.49998909683042 	
8.49998324466522 	
3.99999331006957 	
0.999998448623663 	
1.87499795111502 	
7.49998960911553 	
4.24999578762803 	
1.49999915265812 	
7.49998437375821 	
0 	
9.49997447672032 	
0.999999834909781 	
2.9999981354795 	
6.49999263750948 	
5.49999164336432 	
6.99998989283574 	
1.99999873116473 	
6.24999229586374 	
1.99999904404838 	
6.49998448072325 	
5.99998995612207 	
6.24998786535401 	
6.24999273096748 	
4.49999487977689 	
4.99999253410375 	
1.99999798262039 	
5.99998909540339 	
2.99999809674709 	
1.9999981544939 	
4.74999453019314 	
9.49998479059955 	
4.74999566075066 	
6.49998547579086 	
6.49999263750948 	
3.87499381592228 	
1.49999889275451 	
8.4999832155148 	
1.99999904404838 	
3.99999359765496 	
4.49999461160814 	
