0.999999096292642 	
0.999998960287192 	
0 	
0 	
0 	
0 	
0.999999955750158 	
0 	
0 	
0 	
0 	
0 	
0 	
0 	
0.999999955750158 	
0 	
0 	
0.999999625450423 	
0 	
0 	
0.999999746982215 	
0 	
0 	
1.99999949396443 	
0.999999955750158 	
0 	
0.999999632186113 	
0.999999834909781 	
0 	
0 	
0 	
0.999999625450423 	
0 	
0 	
0 	
0 	
0.999999955750158 	
0 	
0 	
0 	
0.999999955750158 	
0 	
0 	
0 	
0.999999746982215 	
0 	
0 	
0 	
0.999999625450423 	
0 	
0 	
0 	
0 	
0.999999632186113 	
0.999999625450423 	
0 	
0.999999625450423 	
0 	
0.999999834909781 	
0 	
1.99999925090085 	
0 	
0 	
0.999999955750158 	
0 	
0 	
0 	
0 	
0.999999955750158 	
0 	
0 	
0 	
0.999999746982215 	
0 	
0 	
0.999999955750158 	
0 	
0.999999632186113 	
0 	
0 	
0 	
0 	
0.999999955750158 	
1.99999949396443 	
0 	
0.999999481250932 	
0 	
0 	
0 	
0 	
0.999999955750158 	
0 	
0 	
0 	
0 	
0 	
0 	
0 	
1.74999953715819 	
0 	
0.999999955750158 	
0 	
0 	
0.999999955750158 	
0 	
0 	
0 	
0 	
0 	
0.999999955750158 	
0 	
0.999999625450423 	
0 	
0 	
1.99999944149998 	
0 	
0 	
0 	
1.99999944149998 	
0 	
0.999999746982215 	
0 	
0 	
0 	
0.999999625450423 	
0 	
0 	
0 	
0 	
1.4999991831514 	
0 	
0 	
0 	
0.999999746982215 	
0.999999746982215 	
0 	
0 	
0 	
0 	
0.999999955750158 	
0 	
0 	
0 	
0 	
1.99999949396443 	
0 	
0.999999746982215 	
0 	
0 	
0.999999746982215 	
0 	
0 	
0 	
0 	
0.999999625450423 	
0 	
0 	
0 	
0.999999746982215 	
0 	
0 	
1.99999923824231 	
0 	
0.999999746982215 	
0 	
0 	
0 	
0 	
0 	
0 	
1.99999931263766 	
0 	
0 	
1.99999966981956 	
0.999999746982215 	
0 	
0 	
0 	
0 	
0 	
0 	
0 	
0.999999955750158 	
0.999999955750158 	
0 	
0 	
0.999999625450423 	
0 	
0 	
0 	
0 	
0 	
1.99999923824231 	
0 	
0 	
0 	
0 	
0 	
0 	
0.999999746982215 	
0 	
2.49999870819152 	
