2.49999915348231 	
2.49999915348231 	
1.49999935476027 	
0 	
0 	
2.499995417538 	
0 	
2.49999842879065 	
1.99999784340385 	
3.49999633606602 	
0.999999394670805 	
2.49999719219566 	
3.99999636976848 	
0.999999358698125 	
2.49999901334407 	
0.999999552828006 	
0 	
1.49999915265812 	
1.99999882108138 	
0.999999874489039 	
4.99999730802411 	
1.49999955366899 	
3.49999506619285 	
3.99999517497732 	
2.49999875736744 	
0.999999481250932 	
5.49999194466481 	
1.499999440046 	
2.99999637075846 	
1.99999826243543 	
4.99999572431543 	
2.99999706222308 	
1.49999980424771 	
1.99999882108138 	
0.999999955750158 	
3.49999429903578 	
2.99999887818564 	
0 	
2.99999641395886 	
0 	
1.99999910565601 	
0 	
2.49999877573358 	
2.49999882919034 	
2.99999887818564 	
4.99999452671608 	
0 	
0 	
3.49999765027731 	
2.49999853334062 	
0.99999985379626 	
0.99999985379626 	
1.99999857684425 	
2.49999933657743 	
0 	
0.999999955750158 	
3.49999886691862 	
0 	
1.99999747337397 	
0.999999075432228 	
2.99999678351808 	
3.99999746232945 	
4.74999444362325 	
0 	
4.99999659268101 	
1.99999970759252 	
1.87499910550819 	
5.99999231376853 	
1.49999915265812 	
0 	
0.999999685543246 	
3.99999721767693 	
3.74999625518091 	
0 	
4.49999593585658 	
2.9999955991985 	
6.49999244835381 	
2.49999915348231 	
3.49999675156946 	
2.99999787873929 	
0 	
0 	
2.99999723174086 	
5.49999569951349 	
3.99999784641928 	
0 	
2.99999772195018 	
1.49999929000486 	
0.999999410540692 	
5.49999042791896 	
1.99999925212376 	
1.49999796193099 	
0 	
6.49999508483864 	
1.49999945202234 	
0 	
0 	
0 	
1.87499910550819 	
3.49999605331564 	
3.49999767204427 	
5.99999253215771 	
4.24999457943392 	
1.49999956887986 	
3.49999531400819 	
2.99999666691758 	
0 	
0 	
0 	
2.99999695761669 	
0 	
1.99999970759252 	
