1.99999812793649 	
5.4999950879266 	
2.49999598203648 	
2.49999853334062 	
1.49999914206631 	
3.49999794434731 	
4.1666621915346 	
3.99999664081183 	
1.49999935476027 	
3.24999589143011 	
3.9999958739607 	
4.49999460977066 	
4.99999504567078 	
4.49999157447465 	
2.49999768963608 	
3.49999716603056 	
2.99999682188516 	
0.999999075432228 	
3.49999719071467 	
4.99999420095783 	
3.99999746232945 	
2.49999882919034 	
0 	
3.49999765212327 	
1.49999837901047 	
6.99998967400635 	
3.49999726784329 	
4.99999684651166 	
1.49999956887986 	
1.99999882108138 	
7.99998628434771 	
3.49999573272328 	
0.99999962606188 	
0 	
0 	
6.99999121720861 	
1.49999915265812 	
3.49999639717766 	
3.99999764216277 	
0 	
6.4999932981462 	
2.99999895380229 	
1.49999973592541 	
3.9999971536885 	
4.49999230427606 	
0.999999674307175 	
2.99999744664827 	
2.99999587724954 	
5.49999340136299 	
4.49999421478832 	
1.99999833507472 	
1.9999981544939 	
4.49999002222137 	
4.24999376712182 	
1.49999915265812 	
3.49999767204427 	
0 	
5.99998890671148 	
0 	
1.49999929000486 	
1.74999846275501 	
1.99999882108138 	
3.9999965857758 	
1.74999737998739 	
3.49999729925248 	
1.49999935476027 	
1.99999824805428 	
5.49999408970205 	
0 	
1.99999731445302 	
4.49999591144493 	
3.99999659145469 	
3.49999466112027 	
1.99999747337397 	
5.49998983863289 	
2.49999755610836 	
0.999999685543246 	
0.999999135567864 	
2.99999806020818 	
3.99999746232945 	
7.49998896878342 	
2.99999895380229 	
4.99999645570952 	
3.99999746232945 	
3.99999646778056 	
0 	
4.99999407452015 	
3.99999460869725 	
5.4999934145574 	
3.49999663703507 	
5.49999590055647 	
4.99999394565371 	
4.99999446340841 	
5.4999927881532 	
2.99999772204389 	
5.49999498381303 	
1.99999805901027 	
0.9999984219932 	
6.4999945095408 	
5.4999927881532 	
0.99999962606188 	
0.999999955750158 	
5.99999257140702 	
5.49998912466827 	
1.99999905089845 	
1.99999910565601 	
4.87499359770619 	
4.49999629469598 	
0.999999117100202 	
9.99998463481187 	
5.49999123385989 	
1.49999859586134 	
5.49999551092445 	
5.49999259880503 	
3.99999594348892 	
1.99999877993995 	
4.99999356843369 	
0.999999552828006 	
5.49999208438789 	
3.49999483042603 	
1.99999861142006 	
0 	
6.9999912117434 	
3.4999971551754 	
1.99999925212376 	
3.49999844650581 	
2.99999846823145 	
3.99999651567165 	
6.99999172121475 	
0.999999625291197 	
3.74999379350346 	
4.99999573122268 	
1.49999945202234 	
1.49999914206631 	
3.49999886691862 	
5.4999919446648 	
0 	
5.99999382288886 	
1.74999953715819 	
0 	
1.99999815460396 	
1.74999827044953 	
5.49999525381704 	
6.99999030061923 	
0 	
2.49999875225464 	
5.49999301478581 	
2.99999654077016 	
7.24998818234551 	
2.49999936383076 	
1.4999989542961 	
2.99999656422529 	
3.99999537706332 	
9.49998145872312 	
3.499995180497 	
1.49999757860756 	
7.49999025132201 	
3.49999544441583 	
3.49999544441583 	
2.99999863665776 	
5.49999208438789 	
3.99999430301701 	
2.99999739365314 	
5.99999350133052 	
4.49999669470847 	
5.99999456846134 	
1.9999968439864 	
4.9999942319746 	
3.99999638664028 	
0.999999552828006 	
4.99999455444952 	
7.4999863835942 	
1.49999929000486 	
1.99999925212376 	
0 	
3.49999488518033 	
3.99999577796991 	
4.99998979940824 	
0.999999481250932 	
6.99999315838845 	
0 	
4.9999946048962 	
1.9999971922823 	
1.99999857684425 	
7.49998689006026 	
4.49999669470847 	
2.99999823162208 	
3.4999982968512 	
0.999999410540692 	
1.99999970759252 	
5.99999450578453 	
4.49999512477568 	
0 	
1.99999798262039 	
2.99999792922475 	
1.99999936122043 	
0.999998736686983 	
5.49998975169738 	
0 	
2.9999980578977 	
5.74999237848553 	
4.49999593585657 	
3.99999716456762 	
2.49999907915258 	
1.9999982342004 	
0.99999962606188 	
4.49999305239346 	
3.99999577112643 	
4.4999931796152 	
5.49999042791896 	
