0.999999948466456 	
0 	
0.999999948466456 	
0 	
0 	
0 	
0 	
0 	
0 	
0.999999842903487 	
0.999999955750158 	
0 	
0 	
0 	
0 	
0.999999685543246 	
0 	
0 	
0 	
3.49999794288185 	
1.49999956887986 	
0 	
0 	
1.99999864104431 	
0.999999955750158 	
0 	
0 	
0 	
0 	
1.99999873116473 	
0 	
0.99999962606188 	
0 	
0 	
1.99999970759252 	
0 	
0 	
4.99999645570952 	
0 	
0 	
0 	
0 	
0 	
1.99999970759252 	
1.99999970759252 	
1.49999973592541 	
0 	
0 	
1.99999873116473 	
1.49999876307492 	
0 	
0 	
0 	
0 	
0 	
0 	
0.999999674307175 	
0 	
0 	
0 	
0 	
0 	
0.999999955750158 	
0 	
0 	
0 	
0 	
0.99999962606188 	
0 	
1.4999989542961 	
0 	
0 	
0 	
0 	
0 	
0 	
0 	
1.99999826243543 	
0 	
3.49999716603056 	
0 	
0 	
0 	
0.99999985379626 	
0 	
0 	
0 	
0 	
1.99999858228381 	
1.49999973592541 	
1.49999956887986 	
0 	
0 	
0 	
1.99999925212376 	
0 	
0 	
0 	
0 	
0 	
0 	
0 	
0 	
1.99999910565601 	
1.99999925212376 	
1.49999899548204 	
0 	
0 	
0 	
0 	
0 	
0 	
0 	
0 	
1.99999970759252 	
0 	
0 	
0 	
0 	
0 	
0 	
0 	
