0 	
1.99999819258528 	
1.99999925090085 	
0 	
2.99999872598333 	
1.99999923824231 	
0.999999955750158 	
0 	
0 	
1.99999944149998 	
0.999999834909781 	
0 	
1.99999925090085 	
1.74999953715819 	
1.99999966981956 	
0.999999955750158 	
1.99999900332054 	
0 	
0.999999955750158 	
0.999999955750158 	
0 	
1.99999931263766 	
0.999999625450423 	
0 	
0 	
0 	
0 	
1.99999944149998 	
2.99999836512294 	
0.999999955750158 	
0.999999834909781 	
0.999999834909781 	
0.999999834909781 	
0.999999955750158 	
2.99999904195464 	
1.49999980424771 	
1.99999949396443 	
1.99999925090085 	
1.74999953715819 	
2.99999878342075 	
0.999999834909781 	
0 	
0.999999625450423 	
1.99999931263766 	
1.74999938758003 	
1.99999896250186 	
2.99999836512294 	
0.999999625450423 	
2.99999836512294 	
1.99999931263766 	
0 	
0.999999746982215 	
0.999999746982215 	
0 	
0.999999834909781 	
2.99999855923089 	
1.99999925090085 	
0.999999746982215 	
0.999999625450423 	
0.999999746982215 	
1.99999923824231 	
0 	
1.49999980424771 	
0.999999955750158 	
0.999999746982215 	
0.999999632186113 	
1.99999931263766 	
1.99999896152289 	
0.999999625450423 	
0 	
1.99999900332054 	
0 	
0 	
0 	
0 	
0 	
1.99999949396443 	
1.99999931263766 	
1.99999966981956 	
2.99999904195464 	
0.999999625450423 	
0 	
0 	
0 	
0 	
0 	
2.49999845876156 	
0 	
0.999999955750158 	
0 	
0.999999955750158 	
0 	
1.99999923824231 	
0 	
0.999999955750158 	
2.49999931067901 	
0.999999481250932 	
0.999999834909781 	
0 	
0 	
1.49999980424771 	
0 	
