0 	
0 	
2.99999836512294 	
1.49999955366899 	
2.99999836512294 	
3.99999773023027 	
0.999999480761447 	
0.999999632186113 	
0.999999955750158 	
0 	
2.99999836512294 	
1.99999949396443 	
0.999999834909781 	
1.99999949396443 	
0.999999955750158 	
0 	
0 	
1.99999896152289 	
0.999999955750158 	
0.999999955750158 	
1.99999925090085 	
0.999999834909781 	
0.999999625450423 	
0.999999955750158 	
3.99999788208931 	
1.99999923824231 	
0 	
0.999999955750158 	
0.999999625450423 	
0.999999955750158 	
1.49999955366899 	
1.99999944149998 	
0.999999480761447 	
0.999999955750158 	
0.999999746982215 	
1.74999953715819 	
2.49999870819152 	
0 	
0 	
0 	
1.99999966981956 	
1.99999931263766 	
1.49999980424771 	
2.99999807282561 	
0 	
1.49999980424771 	
2.99999855923089 	
1.99999944149998 	
1.99999944149998 	
0.999999746982215 	
2.7499989252341 	
0 	
1.99999894104466 	
1.99999931263766 	
0.999999834909781 	
0 	
0.999999955750158 	
1.99999894104466 	
0.999999625450423 	
0 	
0.999999955750158 	
0 	
0.999999834909781 	
1.99999931263766 	
4.49999724572072 	
1.99999923824231 	
1.99999923824231 	
1.99999925090085 	
1.74999953715819 	
0 	
0 	
2.99999855923089 	
1.99999966981956 	
0.999999625450423 	
0 	
1.99999944149998 	
1.99999894104466 	
0 	
0 	
0 	
0.999999746982215 	
0 	
2.49999870819152 	
1.99999949396443 	
0.999999955750158 	
0.999999632186113 	
0.999999834909781 	
2.99999872598333 	
1.99999923824231 	
1.99999894104466 	
2.99999807282561 	
0.999999955750158 	
1.49999980424771 	
0 	
0.999999746982215 	
0 	
1.74999938758003 	
2.99999904195464 	
0 	
2.99999878342075 	
1.99999944149998 	
0 	
