4.49999497349241 	
6.16665300568681 	
3.49999518417786 	
1.99999789641315 	
3.99999143579119 	
5.99998952948558 	
2.99999777827406 	
3.99999544097942 	
4.37499638999406 	
0 	
4.74999630025319 	
3.9999975598799 	
3.49999586886458 	
2.99999860048971 	
7.37498218217448 	
0.999999410540692 	
3.49999646803526 	
1.49999915265812 	
6.74999180149334 	
4.99999379146178 	
0.999998927286276 	
7.37498726852813 	
1.99999858228381 	
7.49998389339034 	
3.99999462890604 	
3.4999955202199 	
3.99999594348892 	
7.99998280468682 	
3.99999652487086 	
3.99999434743702 	
6.24999318616558 	
2.49999917739919 	
2.99999763099759 	
4.99999201551759 	
3.4999978234733 	
2.49999875225464 	
5.49999144299935 	
2.99999774092794 	
4.99999095793417 	
4.99999146359781 	
3.49999518417786 	
5.49999559528823 	
3.99999379098941 	
5.99998954148683 	
9.49997990240476 	
1.9999981544939 	
4.49999708258496 	
6.99999124994003 	
4.99999567354799 	
7.49998808610501 	
8.74998055085752 	
2.499997592277 	
3.49999765027731 	
1.99999798262039 	
3.99999428328453 	
2.49999875736744 	
4.99999238781078 	
4.99999565608857 	
6.49999088549861 	
2.99999544594797 	
3.49999472789923 	
4.4999953706474 	
4.49999092479096 	
4.99999463634193 	
3.49999862848395 	
4.99999160858969 	
2.99999637075846 	
7.99998894946918 	
2.9999981578366 	
8.74998284293076 	
6.49998904733879 	
8.49998758795124 	
0 	
5.49999325621689 	
3.99999795141553 	
0.999999074097364 	
0 	
1.4999989542961 	
0.999999362001565 	
8.49998418916626 	
4.49999532324483 	
3.49999823313827 	
3.99999821131202 	
1.49999924937879 	
3.49999716603056 	
4.99999226218467 	
0 	
4.49999453509563 	
2.99999744664827 	
6.99999311173913 	
3.99999711080158 	
6.49998998645828 	
6.9999943083765 	
8.49998678032165 	
5.74999411383607 	
3.99999524581483 	
8.49998804295266 	
1.99999882108138 	
3.49999844650581 	
7.999986671985 	
2.99999720773276 	
3.49999505486513 	
1.99999910565601 	
5.49999649312565 	
5.49999109070134 	
3.49999767204427 	
8.49998559383296 	
6.49999171214116 	
1.49999858375387 	
6.4999889811364 	
