1.74999903519047 	
1.99999955596248 	
1.66666562188009 	
0.999999410540692 	
1.99999809906127 	
1.99999748206918 	
0.999999075311881 	
2.49999815821284 	
0.999999500408498 	
1.499999440046 	
3.74999585624136 	
2.49999877573358 	
1.49999902894885 	
0 	
5.49999227949998 	
0.99999985379626 	
5.9999932014868 	
0.99999962606188 	
0 	
0.999998861590164 	
0.999999834909781 	
2.99999895496878 	
2.99999656422529 	
0 	
1.99999846927736 	
1.99999905089845 	
2.49999897808495 	
1.99999925212376 	
6.49999216913257 	
1.99999882108138 	
1.99999770948352 	
2.99999638584049 	
5.2499944640586 	
0.999999685543246 	
1.99999858228381 	
0 	
0.999999533150113 	
0 	
4.49999593585657 	
2.99999559386659 	
0.999999874489039 	
1.99999937108649 	
0.999999685543246 	
1.49999935476027 	
1.99999925212376 	
0 	
1.4999991831514 	
5.99999631991929 	
0 	
1.99999970759252 	
1.99999826243543 	
1.99999937108649 	
0.999999394670805 	
0.999999358698125 	
1.99999925212376 	
4.99999418287914 	
2.99999911337028 	
2.99999739365314 	
0 	
3.49999639717766 	
4.99999245035828 	
2.99999823162208 	
0.999999834909781 	
0 	
3.49999675156946 	
1.49999945202234 	
4.99999515092747 	
5.4999942987552 	
1.49999860311264 	
3.49999609223892 	
2.99999806020818 	
2.99999883633664 	
0.999999955750158 	
0.999999075432228 	
1.99999798262039 	
2.99999787342571 	
2.99999678351808 	
1.99999857684425 	
0.999999685543246 	
0 	
0 	
1.99999826243543 	
0.999999874489039 	
1.99999858228381 	
1.99999826243543 	
5.49999252716952 	
2.99999822086715 	
2.99999809674709 	
2.49999875225464 	
8.4999896303148 	
1.4999989795182 	
4.99999554601327 	
1.99999882108138 	
3.49999823313827 	
3.49999557138435 	
1.49999924937879 	
2.99999772204389 	
0 	
5.49999054980227 	
0 	
0.99999985379626 	
0.999999632186113 	
0 	
0 	
2.9999981578366 	
5.49999459390519 	
3.99999630085714 	
2.49999875225464 	
0 	
0.999999394670805 	
3.99999716456762 	
3.99999652487086 	
