0 	
0 	
0 	
0 	
0 	
0 	
0.999999096292642 	
0.999999096292642 	
0.999999096292642 	
0 	
0 	
0 	
0 	
0 	
0 	
0 	
0 	
0 	
0 	
0 	
0 	
0 	
0 	
0 	
0 	
0 	
0 	
0 	
0 	
0 	
0 	
0 	
0 	
0 	
0.999999746982215 	
0 	
0.999999746982215 	
0 	
0 	
0 	
0 	
0 	
0 	
0 	
0.999999746982215 	
0.999999955750158 	
0 	
0 	
0 	
0 	
0 	
0 	
0 	
0 	
0 	
0 	
0 	
0 	
0 	
0 	
0 	
0.999999746982215 	
0 	
0 	
0 	
1.99999949396443 	
0 	
0 	
0 	
0 	
0 	
0.999999746982215 	
0.999999955750158 	
0 	
0 	
0 	
0.999999955750158 	
0 	
0.999999955750158 	
0 	
0 	
0 	
0 	
0 	
0 	
0.999999955750158 	
0 	
0 	
0.999999955750158 	
0 	
0.999999746982215 	
0 	
0 	
0.999999746982215 	
0 	
0.999999746982215 	
0 	
0.999999955750158 	
0 	
0 	
0 	
0 	
0 	
0 	
0 	
0 	
0 	
0 	
0 	
0 	
