3.24999519577497 	
2.9999989935872 	
3.49999611293738 	
5.24999326946946 	
2.49999684233205 	
1.99999744833723 	
2.49999550005642 	
2.99999583418548 	
3.49999417879454 	
0.999998481277344 	
4.49999561847808 	
3.49999578680863 	
3.49999609223892 	
3.99999638664028 	
7.49998560838731 	
9.49998322432125 	
0 	
1.99999894378058 	
3.24999649354433 	
0 	
4.99999305631392 	
2.9999967755263 	
2.49999888210166 	
1.99999798262039 	
3.49999862848395 	
4.9999961102477 	
9.49998296948301 	
7.49998722238601 	
3.99999537706332 	
6.99998713159938 	
4.49999298557293 	
0.999999151454652 	
0 	
1.49999935476027 	
3.24999605199088 	
2.99999895496878 	
3.49999883066944 	
1.9999981544939 	
5.49999237619309 	
2.99999911337028 	
2.99999846823145 	
5.49999512014369 	
5.99998932453909 	
0.999999394670805 	
4.99999554601327 	
2.9999948537247 	
0 	
6.49998977111723 	
5.49999042791896 	
5.49998949138534 	
4.49999493993699 	
2.99999656422529 	
1.99999824805428 	
5.49999481438254 	
7.24998915072359 	
1.99999905089845 	
6.99999134434497 	
3.49999639717766 	
7.49998815775522 	
6.49999320080708 	
0 	
4.99999594150664 	
3.99999448788782 	
2.99999682188516 	
4.49999487828214 	
4.99999439504897 	
0 	
0.999999834909781 	
1.99999798262039 	
0.999999500812446 	
3.3749961895115 	
5.49999352998098 	
2.99999643381782 	
2.49999897808495 	
5.49999497533201 	
2.99999739365314 	
1.99999910565601 	
5.49999136479752 	
0.99999985379626 	
4.49999669470847 	
6.49999348301991 	
6.99998745177947 	
3.99999596524077 	
4.99999450898542 	
7.4999881446745 	
4.49999382217878 	
4.99999421977512 	
2.99999720773276 	
0 	
0.999999632186113 	
1.99999703163094 	
5.99999405482762 	
4.99999298849479 	
1.99999761588545 	
4.99999303413769 	
1.99999925212376 	
3.99999651567165 	
9.99998074739412 	
0.999998854741762 	
4.4999961897275 	
1.99999723689584 	
4.49999393085502 	
5.4999927923645 	
4.99999201551759 	
2.99999786526637 	
3.99999382288497 	
7.99998730146736 	
6.99999064435541 	
6.99999223880118 	
5.49999512014369 	
0.99999898587223 	
3.49999612222397 	
6.99999161396951 	
0.999999674307175 	
6.49998921824897 	
5.24999184968298 	
5.99999124053883 	
1.99999944585635 	
4.99999217806441 	
5.99999570980464 	
3.49999721109866 	
3.99999652487086 	
4.99999257907734 	
3.49999622915338 	
4.49999522238415 	
0 	
3.49999707979291 	
7.99998920042553 	
2.37499677134113 	
2.99999627119195 	
5.4999913501813 	
2.49999853092383 	
4.99999140337105 	
4.49999423530733 	
6.99999093096985 	
4.99999427370881 	
1.74999785042716 	
2.99999796029497 	
5.49999237619309 	
4.49999461489985 	
2.49999738121831 	
4.99999181457138 	
2.49999797029267 	
3.49999609223892 	
3.99999652487086 	
5.49999626660191 	
3.99999652487086 	
0 	
5.24999069989565 	
1.99999936122043 	
1.99999857684425 	
2.99999883633664 	
3.49999663703507 	
6.49999348301991 	
1.99999798262039 	
6.49999019769768 	
1.99999937108649 	
1.49999875378739 	
8.99998499085584 	
4.99999554601327 	
1.99999810704359 	
8.49998094090196 	
2.9999981578366 	
1.99999910565601 	
4.99999353827232 	
4.49999532324483 	
0.999999703628503 	
4.49999319573797 	
6.9999865189663 	
8.49998180416239 	
2.49999842879065 	
7.4999890686267 	
5.49999115757633 	
2.49999828497185 	
2.99999720773276 	
2.99999711734673 	
1.99999882108138 	
5.87499321375498 	
0 	
3.49999553372298 	
8.49998648819816 	
1.99999689140866 	
1.99999809906127 	
1.49999842036848 	
2.49999852645003 	
5.99998941696217 	
8.49998695785865 	
6.9999914259586 	
0 	
3.49999440581155 	
3.49999634919202 	
0.999999291141904 	
0 	
5.49998912466827 	
5.99999405484594 	
2.49999808808868 	
0 	
2.99999744664827 	
7.99998939164971 	
0 	
4.499996177507 	
3.99999821623885 	
1.99999876258743 	
2.99999706222308 	
3.49999708609348 	
1.74999864733229 	
3.49999883066944 	
0 	
4.99999424839785 	
2.99999733782542 	
