0 	
0 	
0 	
0 	
0.999999883968031 	
2.9999987764146 	
0 	
1.66666619070354 	
1.99999885957907 	
0.999999673059295 	
0 	
1.99999937006216 	
0.999999410540692 	
3.49999826699734 	
0.999998854741762 	
4.99999504567078 	
0.999999481250932 	
5.49998975169738 	
1.99999878934161 	
0 	
1.99999782261552 	
4.99999285758507 	
0 	
2.99999656422529 	
0 	
0.999999291141904 	
3.49999675156946 	
0 	
2.99999822086715 	
1.99999797174446 	
2.499997592277 	
0.999999358698125 	
1.99999937108649 	
0 	
0 	
0.999999834909781 	
0 	
3.49999765212327 	
4.49999766096335 	
2.99999682188516 	
1.49999860311264 	
0.999999481250932 	
0.99999985379626 	
0 	
0 	
3.99999607278431 	
1.99999803162609 	
4.49999593252007 	
0.999999310022398 	
3.9999958739607 	
4.49999669470847 	
3.99999716456762 	
1.49999980424771 	
2.99999728357556 	
0 	
0 	
3.49999700413418 	
3.99999678292039 	
3.99999594348892 	
0 	
0.999999362001564 	
0.999999955750158 	
1.49999945202234 	
1.99999797174446 	
1.99999970759252 	
3.74999526767089 	
0 	
0 	
1.99999797174446 	
0 	
1.49999915265812 	
0 	
0 	
0 	
1.99999873116473 	
0.999999834909781 	
0 	
1.99999873116473 	
0 	
0.999999625291197 	
0.999999075432228 	
0.999999834909781 	
0.999999834909781 	
0.999999481250932 	
0.999999685543246 	
0 	
2.99999809674709 	
0.999999955750158 	
1.99999815449391 	
1.99999937108649 	
0 	
1.99999873116473 	
3.49999883066944 	
1.4999991831514 	
0 	
0 	
4.99999394565371 	
0.999999500812446 	
3.49999682573214 	
2.99999706222308 	
0.999999955750158 	
0 	
1.8749993723198 	
0 	
1.99999937108649 	
6.49999244835381 	
0 	
1.99999937108649 	
1.99999858228381 	
0 	
4.49999510984806 	
1.99999826243543 	
0 	
4.99999659268101 	
1.49999945202234 	
