1.49999973592541 	
0 	
1.49999956887986 	
0.999999884905103 	
0 	
0 	
0 	
0.999999481250932 	
0 	
0 	
0 	
1.66666619070354 	
0.999999955750158 	
2.49999936383076 	
2.99999911337028 	
0 	
0 	
0 	
0 	
0 	
0 	
1.99999937108649 	
0 	
0 	
0 	
0 	
0 	
0 	
0 	
1.99999928958686 	
0 	
1.99999937108649 	
0 	
0 	
0.99999985379626 	
0 	
1.99999882108138 	
1.4999985478169 	
3.49999765212327 	
2.99999787342571 	
1.99999925212376 	
0.999999955750158 	
0 	
0 	
0 	
0 	
0 	
1.49999980424771 	
0 	
0 	
1.99999970759252 	
0 	
0.999999481250932 	
0 	
0 	
0.99999985379626 	
1.4999991831514 	
1.99999858228381 	
1.99999970759252 	
2.99999706222308 	
0 	
0 	
0 	
1.99999882108138 	
0 	
0 	
0 	
0.99999962606188 	
1.499999440046 	
0 	
1.99999892320964 	
0 	
0 	
0 	
2.49999738121831 	
0.99999985379626 	
0 	
1.99999797174446 	
0 	
0.999999674307175 	
0 	
1.99999858228381 	
2.99999796135815 	
0 	
0 	
0.999999131217715 	
0 	
0 	
0 	
0 	
0.99999985379626 	
0.999999685543246 	
0 	
0 	
0.999999685543246 	
0.999999955750158 	
0 	
0.999999685543246 	
3.99999678292039 	
0 	
0 	
0 	
0.999999874489039 	
1.49999956887986 	
0 	
0 	
0 	
0 	
0 	
0 	
3.49999605331564 	
0 	
0.999999955750158 	
