5.99999301414852 	
6.99998962870039 	
8.87498456439046 	
6.87498435834149 	
9.49997754250269 	
6.99998881314705 	
5.74998595660601 	
2.99999565946568 	
8.74998198769355 	
8.62498161757074 	
9.99997705551457 	
9.87497568654705 	
6.4999846964648 	
11.374969501548 	
8.99998072819163 	
1.9999981544939 	
8.49998522928511 	
11.3749672153491 	
8.8749742239585 	
8.87497937849425 	
6.87498449520857 	
7.49998608971727 	
8.49998307847178 	
7.49998674663545 	
7.99998449900575 	
6.49999278378151 	
7.99998470863426 	
6.49998983709521 	
4.12499499197998 	
7.49998667826237 	
10.4999769700155 	
8.87498047764305 	
10.6249786273328 	
7.49998442821288 	
8.49998481524447 	
5.49999224048608 	
6.87498425524123 	
7.37498428763355 	
10.8749767682671 	
10.1249749338942 	
10.4999702925777 	
3.7499958307964 	
5.37498983055886 	
7.99998521978593 	
4.49999203521154 	
5.3749938871229 	
8.37498142891119 	
8.49998237534071 	
9.49997522188681 	
9.74998222025661 	
9.49998189596557 	
10.2499799601291 	
4.87499554331841 	
8.74997902343678 	
10.3749784836459 	
9.87497720082 	
9.49997111758125 	
9.99997666423424 	
8.87497871692496 	
8.74998394878739 	
9.99997183258663 	
10.4999759417337 	
9.99998122871945 	
6.99999018993699 	
4.99999168790678 	
8.24998294976094 	
6.8749830868963 	
7.49998579178634 	
7.87498153774498 	
3.87499513743377 	
8.4999841964499 	
10.4999758636228 	
9.49998234027944 	
7.74998831262629 	
6.24998846373558 	
6.9999830904161 	
10.9999725217097 	
10.7499767092151 	
9.99997598402347 	
10.2499745268268 	
6.99998245257929 	
6.7499913762166 	
10.2499751051615 	
