0 	
1.99999937108649 	
2.49999904743348 	
0.999999884905103 	
0 	
0 	
1.99999863286624 	
0 	
0 	
0 	
2.49999915348231 	
1.99999933545574 	
0.99999962606188 	
1.99999900073609 	
2.99999782611612 	
0 	
0 	
1.99999856727011 	
1.49999902894885 	
0 	
1.99999858228381 	
0 	
0 	
0 	
0 	
0 	
1.99999882108138 	
3.99999630898781 	
0 	
2.49999842879065 	
2.99999782472227 	
1.74999864733229 	
0.99999962606188 	
0 	
0.999999533150113 	
0.999999685543246 	
0.999999955750158 	
0 	
0 	
0.999999410540692 	
1.99999970759252 	
0 	
0 	
2.99999674034538 	
0 	
1.99999882108138 	
0 	
0.999999874489039 	
0.999998991310193 	
3.49999675156946 	
0 	
0 	
1.99999910565601 	
1.99999770948352 	
2.99999846823145 	
1.99999970759252 	
0 	
4.99999594150664 	
0 	
6.49999147903634 	
0 	
0 	
0 	
0 	
0.999999131217715 	
0 	
0.999999410540692 	
3.99999586140607 	
5.49999488873887 	
0.999999481250932 	
0 	
1.49999876307492 	
1.99999970759252 	
3.99999716456762 	
1.99999892320964 	
0.999999955750158 	
0 	
0 	
1.99999882108138 	
0.999999310022398 	
0 	
1.99999826243543 	
0 	
2.99999638584049 	
0 	
0 	
0 	
3.99999521918188 	
2.99999787342571 	
0 	
0 	
2.99999844035458 	
1.99999937108649 	
1.99999892320964 	
0 	
1.49999945202234 	
0 	
1.99999770948352 	
3.49999765027731 	
0 	
1.99999937108649 	
0 	
0.999999481250932 	
1.49999956887986 	
0.999999955750158 	
0 	
2.99999809674709 	
0.999998750375256 	
1.99999925212376 	
1.99999937108649 	
4.49999621748917 	
0 	
0 	
1.99999858228381 	
0 	
0 	
3.99999655503156 	
0 	
