0.999999883968031 	
2.99999720622528 	
4.49999455889564 	
4.87499242610759 	
4.4999940064401 	
5.74999101496222 	
2.49999752407402 	
3.16666211173823 	
3.49999582198745 	
3.99999536352193 	
0.999999884905103 	
0 	
3.99999564591972 	
8.37498615981713 	
2.99999520218782 	
0.999999632186113 	
0 	
3.49999362073664 	
3.49999550465625 	
3.74999257034114 	
2.49999842879065 	
5.499989109782 	
0 	
7.49998167805959 	
4.99999645570952 	
4.49999742964035 	
3.49999483042603 	
6.99999235354378 	
2.99999559386659 	
5.49999402869622 	
4.49999618615747 	
2.99999444131862 	
2.49999774321355 	
7.49998811177255 	
0.999999362001565 	
4.99999272421125 	
4.49999351092611 	
3.37499778085115 	
3.99999607278431 	
0 	
6.99999116128955 	
5.4999927881532 	
4.49999311600442 	
2.99999617429417 	
1.9999981544939 	
4.49999461160814 	
7.99998804615331 	
1.99999703163094 	
3.49999767204427 	
4.99999420095783 	
2.99999656422529 	
6.49999168000716 	
3.49999675156946 	
0.999999394670805 	
3.49999823313827 	
2.99999759526948 	
0 	
4.49999713206362 	
2.99999772204389 	
9.24998062507028 	
3.99999638664028 	
11.4999751494983 	
1.99999805358372 	
4.99999343755658 	
1.49999819346348 	
6.99999059504322 	
5.49999084419758 	
3.49999708609348 	
7.87498729179832 	
1.4999989795182 	
0 	
2.49999865311423 	
2.99999644262158 	
4.99999253410375 	
2.99999625506394 	
3.99999630085714 	
1.99999926437223 	
7.49998577521363 	
6.99998892759108 	
4.99999351476295 	
6.49999155835113 	
2.99999714595306 	
0 	
0.999999874489039 	
1.99999736256249 	
3.9999978902564 	
4.49999571162638 	
2.99999663028887 	
1.49999955366899 	
0 	
6.49999106201142 	
3.49999557138435 	
6.49999127784267 	
2.99999900032043 	
1.9999987796287 	
0.999999674307175 	
4.99999488354985 	
5.99999333863553 	
2.99999689529516 	
3.49999716603056 	
4.87499589113531 	
10.3749788779903 	
0.999999117100202 	
1.74999903519047 	
0 	
0 	
5.8749880102404 	
7.49998911923301 	
3.49999823313827 	
1.99999892320964 	
6.49998924706469 	
