1.99999944149998 	
1.49999980424771 	
1.74999938758003 	
1.99999896152289 	
2.49999931067901 	
0.999999955750158 	
0 	
0 	
0.999999625450423 	
2.49999931067901 	
1.99999931263766 	
4.74999542687845 	
2.99999878342075 	
1.99999900332054 	
3.99999732693388 	
1.99999900332054 	
2.99999872598333 	
4.74999542687845 	
1.99999896152289 	
3.49999832724642 	
0.999999955750158 	
3.74999707323369 	
2.99999904195464 	
0.999999955750158 	
2.99999832443343 	
2.99999872598333 	
2.7499989252341 	
0.999999955750158 	
2.99999836512294 	
2.99999878342075 	
3.49999773424646 	
1.99999944149998 	
3.99999773023027 	
1.99999925090085 	
3.49999801579975 	
3.99999732693388 	
3.49999832724642 	
3.99999773023027 	
1.99999944149998 	
1.99999925090085 	
1.99999896152289 	
0 	
3.74999713110745 	
1.99999900332054 	
2.99999836512294 	
2.99999832443343 	
0.999999625450423 	
1.74999891107388 	
2.99999832443343 	
1.74999938758003 	
2.99999878342075 	
1.74999891107388 	
0.999999955750158 	
0.999999834909781 	
2.99999832443343 	
3.49999832724642 	
1.49999980424771 	
0.999999955750158 	
2.99999872598333 	
1.99999894104466 	
2.99999872598333 	
1.99999896152289 	
0.999999480761447 	
3.99999773023027 	
0.999999955750158 	
3.74999738813894 	
3.99999788208931 	
2.74999786919503 	
2.49999845876156 	
1.99999896152289 	
0.999999955750158 	
2.99999836512294 	
1.99999944149998 	
1.99999896152289 	
2.99999872598333 	
1.99999925090085 	
2.99999904195464 	
1.99999931263766 	
2.99999832443343 	
0.999999955750158 	
1.99999949396443 	
2.99999832443343 	
2.99999836512294 	
1.99999925090085 	
2.99999832443343 	
3.99999788208931 	
3.99999773023027 	
2.99999872598333 	
0.999999480761447 	
0 	
2.99999836512294 	
1.99999894104466 	
3.99999732693388 	
2.99999836512294 	
0.999999834909781 	
0 	
1.99999894104466 	
3.74999712864011 	
3.99999773023027 	
0.999999834909781 	
