0.999999777981238 	
0 	
0.999999842903487 	
0 	
0 	
0 	
0 	
0 	
0.999999674307175 	
0 	
1.99999843939711 	
0 	
0 	
1.99999945121941 	
0 	
0 	
0 	
2.99999678351808 	
0.999999394670805 	
0 	
0 	
1.99999970759252 	
0 	
0 	
0 	
0 	
0.999999834909781 	
1.99999873116473 	
0 	
0 	
0 	
0 	
0 	
0 	
1.99999970759252 	
1.49999980424771 	
0 	
0 	
0 	
0 	
0 	
0 	
0.999999685543246 	
0 	
1.99999925212376 	
0.999999410540692 	
0 	
0 	
0 	
0 	
0 	
0 	
0 	
0 	
0 	
0 	
1.99999750134629 	
1.499999440046 	
0 	
0 	
0 	
0 	
0 	
0 	
1.99999797174446 	
0.999999955750158 	
0 	
0 	
3.99999739534149 	
1.99999925212376 	
0 	
0 	
0 	
0 	
0.999999394670805 	
1.99999970759252 	
0 	
0.999999291141904 	
1.99999882108138 	
0 	
0 	
0.99999962606188 	
0 	
3.99999733513549 	
0 	
0 	
0 	
0 	
0 	
0 	
0 	
0.99999962606188 	
1.99999873116473 	
0 	
0 	
0 	
2.99999809674709 	
0 	
0 	
0.999998773333598 	
2.99999838481446 	
0 	
0.999999634707892 	
0 	
0 	
1.49999924937879 	
0 	
0 	
0 	
0.999999552828006 	
0 	
0 	
0 	
0.99999985379626 	
0 	
2.99999723373459 	
