0 	
0 	
0 	
0 	
0 	
0 	
0.999999625450423 	
0 	
0.999999625450423 	
0 	
1.49999955366899 	
0 	
0.999999481250932 	
0 	
0 	
0 	
0.999999955750158 	
0 	
0 	
2.99999904195464 	
0.999999480761447 	
0.999999746982215 	
0 	
0 	
1.49999980424771 	
0.999999746982215 	
0 	
1.99999966981956 	
0.999999955750158 	
0 	
1.99999923824231 	
0.999999625450423 	
0 	
0 	
0.999999834909781 	
1.49999955366899 	
1.49999980424771 	
1.99999966981956 	
0.999999625450423 	
0.999999955750158 	
0 	
0 	
1.4999991831514 	
0 	
0 	
0 	
0.999999746982215 	
0 	
0.999999632186113 	
2.99999872598333 	
0 	
0 	
0.999999834909781 	
0 	
0 	
0.999999834909781 	
1.99999925090085 	
0 	
0 	
0 	
0.999999955750158 	
0 	
0 	
0 	
0 	
0 	
1.99999949396443 	
0 	
0 	
1.99999966981956 	
0.999999625450423 	
0.999999955750158 	
1.99999931263766 	
1.99999900332054 	
0 	
1.49999980424771 	
0 	
0 	
0 	
0.999999834909781 	
0 	
0.999999834909781 	
1.99999949396443 	
0.999999955750158 	
0.999999625450423 	
0.999999955750158 	
1.99999966981956 	
0.999999625450423 	
0.999999746982215 	
0.999999746982215 	
0 	
0 	
0.999999834909781 	
0 	
0.999999955750158 	
0 	
1.99999923824231 	
0.999999834909781 	
1.49999980424771 	
1.99999925090085 	
0 	
0.999999955750158 	
0.999999746982215 	
0 	
0 	
