0.999999096292642 	
0 	
1.99999792057438 	
0 	
0 	
0 	
0.999999955750158 	
0 	
0 	
0 	
0 	
0 	
0 	
0.999999625450423 	
0 	
0 	
0.999999834909781 	
0 	
0 	
0.999999746982215 	
0.999999955750158 	
0.999999625450423 	
0 	
0 	
0 	
0 	
0.999999746982215 	
0.999999625450423 	
1.99999925090085 	
0.999999746982215 	
0.999999955750158 	
0 	
0 	
0.999999632186113 	
0.999999834909781 	
2.99999836178995 	
0.999999955750158 	
0 	
0.999999834909781 	
0.999999955750158 	
0 	
0 	
0 	
0 	
0.999999625450423 	
0.999999955750158 	
0 	
0.999999746982215 	
0 	
0 	
0 	
0.999999625450423 	
0 	
0.999999955750158 	
0 	
1.99999949396443 	
0.999999955750158 	
0 	
1.99999925090085 	
0.999999955750158 	
0.999999955750158 	
0 	
0 	
0 	
0 	
0 	
1.74999953715819 	
0 	
0 	
0 	
1.99999925090085 	
0.999999746982215 	
0.999999625450423 	
0.999999955750158 	
0 	
0 	
0 	
0 	
0 	
0 	
0 	
1.99999925090085 	
0 	
0.999999955750158 	
0.999999746982215 	
1.49999980424771 	
0 	
0.999999746982215 	
0 	
0.999999625450423 	
0 	
0 	
0 	
0.999999632186113 	
0 	
0 	
0 	
0.999999834909781 	
0.999999834909781 	
0 	
0 	
1.99999925090085 	
0 	
