0.999999834909781 	
1.87499881589612 	
0.999999955750158 	
0 	
0.999999955750158 	
0.999999834909781 	
0.999999685543246 	
2.49999901334407 	
0 	
0 	
2.49999868701623 	
0 	
0 	
0 	
2.49999892545067 	
0 	
1.49999955366899 	
0 	
0 	
0 	
2.49999892615434 	
0.99999985379626 	
0 	
0 	
1.49999973592541 	
0 	
0 	
0 	
0.999999955750158 	
0.999999834909781 	
0 	
0 	
0.999999632186113 	
0 	
0.99999962606188 	
0 	
0 	
0 	
4.08333005545502 	
3.24999836459272 	
0 	
0 	
0 	
0 	
0 	
2.58333196609641 	
3.08333142694202 	
0 	
0.999999834909781 	
1.49999980424771 	
1.99999937108649 	
1.99999944585635 	
2.99999836582323 	
0 	
0 	
1.99999966981956 	
0.999999685543246 	
0 	
0 	
0 	
0 	
0.999999648406347 	
0 	
0.999999955750158 	
0.999999955750158 	
0 	
0 	
0 	
0 	
0.999999955750158 	
0 	
0 	
0 	
0 	
1.49999955366899 	
0 	
0 	
2.7499989252341 	
0 	
0.99999985379626 	
0.999999955750158 	
0.99999985379626 	
1.99999900820924 	
0.999999834909781 	
0 	
0 	
0 	
0 	
1.9999990808059 	
0 	
0.999999955750158 	
0 	
1.99999918908834 	
0 	
1.74999953715819 	
0.999999685543246 	
0.999999834909781 	
0.999999955750158 	
0 	
0.999999648406347 	
2.24999871399747 	
0.999999955750158 	
0 	
0.999999834909781 	
0 	
0 	
2.74999774683744 	
0 	
0 	
0 	
0.999999955750158 	
0 	
0.999999955750158 	
0.99999985379626 	
0 	
1.49999973592541 	
0 	
0 	
0 	
0.99999985379626 	
0 	
0 	
0.999999685543246 	
0 	
0 	
0.999999955750158 	
0 	
1.99999918908834 	
1.99999935032798 	
0 	
0.999999955750158 	
0 	
0 	
0 	
0.999999685543246 	
0 	
2.9999984437528 	
0.999999834909781 	
0 	
0 	
0 	
0.999999674307175 	
1.99999918908834 	
0 	
0 	
0.999999955750158 	
0 	
0.999999955750158 	
0 	
0 	
0 	
0 	
0.999999834909781 	
0 	
1.49999973592541 	
0 	
0 	
1.99999934861435 	
0 	
0 	
0 	
0 	
0 	
0.99999985379626 	
0.999999955750158 	
0 	
0 	
0 	
0 	
0 	
1.99999935032798 	
0.999999955750158 	
0 	
0 	
0 	
0 	
0 	
0 	
0 	
0 	
0 	
0 	
0 	
0 	
1.74999938758003 	
0.999999955750158 	
0 	
0 	
0.999999955750158 	
2.49999892615434 	
0.999999685543246 	
0 	
1.49999980424771 	
0.999999955750158 	
0 	
0 	
0.999999834909781 	
0 	
0 	
0 	
0 	
0 	
0 	
0 	
0 	
0 	
0 	
0.99999985379626 	
0 	
0.999999685543246 	
0.99999985379626 	
1.99999966981956 	
