7.77081771191464 	
3.87499690468353 	
7.16665483704114 	
8.37498441236173 	
6.24999186487379 	
8.08332082400687 	
5.95832292768281 	
4.58332505138564 	
1.99999890401956 	
5.08332734981893 	
6.66665452852656 	
8.41664792318301 	
3.87499700204644 	
6.81248699187258 	
6.08332393546283 	
3.99999795155886 	
2.87499819956913 	
0.999999955750158 	
1.99999966981956 	
6.43748944028532 	
2.74999864727527 	
3.49999832332707 	
6.74998968574676 	
1.99999928958686 	
3.99999732344896 	
4.49999676104143 	
7.49998795287727 	
4.49999730167825 	
6.54165306815218 	
8.39581533022906 	
8.08332039274134 	
8.39581464700051 	
8.45831826974509 	
8.45831842314605 	
2.87499860521773 	
7.10415323668438 	
1.99999890401956 	
5.66665835118836 	
3.99999732344896 	
5.16665810757292 	
2.87499821440985 	
6.10415541826367 	
3.74999809066906 	
2.99999790325614 	
6.58332306878595 	
1.99999877993995 	
6.1041550883851 	
4.99999460426298 	
6.70832236089812 	
5.95832249416385 	
6.66665526368984 	
7.66665312573274 	
7.58332141336302 	
6.60415456253057 	
5.58332472961865 	
2.99999834742497 	
1.99999928958687 	
6.83332080019747 	
6.08332491177667 	
1.99999928958687 	
3.49999832332707 	
5.08332545727108 	
6.58332348107328 	
5.95832266849961 	
6.43748807945242 	
7.58332141336302 	
5.95832437557078 	
1.99999926437223 	
7.70832017132388 	
2.87499798067301 	
7.20831881685274 	
1.99999890401956 	
7.74998851905188 	
5.93749072989716 	
6.08332491177667 	
8.2083164025666 	
6.33332470981703 	
2.99999834742497 	
2.9999980775029 	
7.08332111859818 	
6.9583214696962 	
4.87499538026855 	
2.87499860521773 	
6.91665298224964 	
7.95831973974596 	
2.87499832584284 	
6.93748931681932 	
4.49999730167825 	
5.87499255823401 	
2.99999846823145 	
6.02082333714166 	
6.10415410328991 	
6.0208234268766 	
6.08332477493493 	
0.999999481250932 	
8.10414656901358 	
3.49999855763678 	
2.87499748638337 	
5.52082199573558 	
8.0208179468295 	
