0 	
0 	
0 	
0 	
0.999999955750158 	
0 	
0 	
0 	
0 	
0.999999685543246 	
0 	
0 	
0 	
0 	
1.49999980424771 	
0 	
0 	
0.999999955750158 	
0 	
0.999999674307175 	
0 	
0 	
0 	
0 	
0 	
0 	
0 	
0 	
0 	
0 	
0 	
0 	
0.99999985379626 	
0.999999674307175 	
1.99999937108649 	
0 	
0 	
0.999999955750158 	
0 	
0 	
0 	
0 	
0 	
0.99999985379626 	
0 	
0 	
0 	
0 	
0 	
0.999999955750158 	
0 	
0 	
1.99999944585635 	
0 	
0 	
0 	
0 	
2.49999931067901 	
0 	
0 	
0 	
0 	
0 	
0 	
0 	
0 	
1.99999970759252 	
0 	
0 	
0 	
0.999999674307175 	
1.49999980424771 	
0 	
0 	
0 	
0 	
0 	
0 	
0 	
0 	
1.74999905111106 	
0 	
0 	
0 	
0 	
0 	
0 	
0 	
0.999999685543246 	
0 	
0.999999685543246 	
0 	
0.999999955750158 	
0 	
0 	
0.999999834909781 	
2.49999868701623 	
1.49999980424771 	
0 	
0.99999985379626 	
0 	
0 	
0 	
0 	
0.999999955750158 	
0 	
0 	
0 	
0 	
0 	
0 	
0 	
0 	
0 	
0.999999955750158 	
0 	
