6.08332429345956 	
4.8333239178298 	
6.83332226227523 	
4.08332956434195 	
6.37498952105004 	
1.74999875887245 	
3.49999820822125 	
5.52082523420563 	
3.87499651389208 	
1.9999990808059 	
2.99999834742497 	
7.58332072827281 	
2.87499821440985 	
4.74999466466962 	
2.87499798067301 	
2.87499819956913 	
1.9999990475393 	
7.60415032110043 	
2.87499788177099 	
1.99999934861435 	
2.99999889655834 	
1.49999909616882 	
2.99999834742497 	
1.99999896250186 	
2.49999933657743 	
6.52082057201784 	
0.999999834909781 	
3.49999828167426 	
7.7083198939415 	
5.49999301599258 	
4.66666075387542 	
4.95832599106809 	
5.52082340152249 	
5.93749131503269 	
6.83332008755609 	
2.49999915348231 	
7.95831973974596 	
0.99999962606188 	
1.87499814638936 	
6.02082333714166 	
6.83332138228955 	
5.93749109081786 	
6.04165645252084 	
5.08332734981892 	
6.16665566897233 	
7.83332030666645 	
6.54165561162928 	
4.95832638230205 	
2.74999801748878 	
1.49999955366899 	
6.52082155835392 	
3.7499976243479 	
1.99999928958686 	
5.83332304341233 	
2.74999804907714 	
3.87499737309141 	
5.66665614651874 	
2.49999931067901 	
7.83331927605726 	
2.9999980775029 	
6.45832477975516 	
3.87499758734657 	
6.93748931681932 	
6.66665665518343 	
5.58332669163403 	
4.87499331101204 	
2.87499798471144 	
3.74999737805829 	
2.74999848920171 	
2.74999801748878 	
2.99999846823145 	
4.87499623765017 	
3.87499758734657 	
3.87499700204644 	
3.87499646338682 	
2.87499832796433 	
1.99999934861435 	
0 	
6.62499059547229 	
0 	
0.999999552828006 	
3.87499758734657 	
2.99999834742497 	
5.33332670071851 	
7.41665259908933 	
6.37499060219071 	
0.999999834909781 	
6.70832162334204 	
2.9999980775029 	
8.24998692448859 	
5.93748990454897 	
7.58332141336302 	
3.49999828167426 	
5.49999301599258 	
7.45832137198278 	
8.41664870014137 	
4.58332897165403 	
7.45832069174507 	
0.999999552828006 	
4.93749370125994 	
