4.9999951427786 	
1.99999966981956 	
0.999999955750158 	
3.49999883066944 	
1.99999896250186 	
3.74999653662207 	
0.999999834909781 	
1.99999928958686 	
5.49999370749072 	
1.99999910565601 	
3.99999780803911 	
1.74999891107388 	
3.08332986548845 	
6.58332510067057 	
5.43749254177225 	
2.99999895380229 	
0 	
5.83332554127859 	
0.999999481250932 	
0.999999481250932 	
2.99999834742497 	
1.99999937108649 	
0.999999834909781 	
3.49999855763678 	
0.999999632186113 	
0.999999648406347 	
4.58332809874599 	
0 	
0.999999552828006 	
2.93749609760902 	
3.49999795578439 	
0.999999834909781 	
0 	
6.58332363150471 	
4.99999482344375 	
5.02082412046677 	
0.999999632186113 	
4.87499245233454 	
1.99999890401956 	
3.87499758734657 	
0.99999962606188 	
5.08332713388956 	
6.08332491177667 	
2.9999989755954 	
1.99999890401956 	
0.999999685543246 	
5.8333243758303 	
4.99999371949774 	
2.99999770705536 	
0.999999674307175 	
4.58332897165403 	
5.45832569331489 	
2.99999790325614 	
0.99999962606188 	
3.93749446404011 	
1.99999929864009 	
5.83332547842032 	
0 	
1.49999956887986 	
0 	
1.99999934861435 	
2.87499788177099 	
0 	
2.49999915348231 	
4.52082642755892 	
1.99999934861435 	
2.74999804907714 	
0.99999962606188 	
5.49999508951576 	
0 	
2.99999798688977 	
0 	
5.58332503178305 	
2.99999911337029 	
5.66665647030184 	
5.58332618958033 	
5.08332760693673 	
1.99999877993995 	
5.37499406036708 	
6.83332346807097 	
5.58332715371513 	
1.74999905111106 	
4.16666225257725 	
0.999999834909781 	
0.999999632186113 	
0.999999834909781 	
6.54165428173291 	
4.08332956434195 	
5.33332671057962 	
5.2499942530376 	
3.74999792467902 	
2.99999902292153 	
0.999999834909781 	
2.9999989755954 	
4.83332611963132 	
0.999999632186113 	
2.99999844848109 	
3.7499976243479 	
2.49999832298266 	
1.99999947878987 	
0.999999834909781 	
4.08332833893405 	
0.999999674307175 	
2.49999875736744 	
1.99999929864009 	
0 	
4.74999673367875 	
6.08332564338779 	
0.999999834909781 	
4.4999968628883 	
