5.99999292253187 	
0.99999962606188 	
5.87499001146272 	
4.99999482344375 	
2.99999902292153 	
5.43749281286527 	
7.24999097476367 	
7.499990096368 	
2.87499778276863 	
1.87499898690288 	
2.87499821440985 	
2.99999834742497 	
3.74999695440387 	
6.52082139864924 	
7.58332141336302 	
1.99999890401956 	
5.43749202745028 	
5.87499319231157 	
5.91665670081876 	
0.999999632186113 	
1.99999926437222 	
4.93749334398974 	
3.7499976243479 	
3.87499737309141 	
4.66666021544767 	
6.37499245699016 	
1.99999877993995 	
0.999999834909781 	
6.99998972997152 	
5.02082598249379 	
6.49999314265749 	
0.99999962606188 	
5.8124917888994 	
1.99999928958687 	
5.58332472961865 	
1.99999966981956 	
0 	
1.9999990808059 	
3.87499758734657 	
6.66665575422062 	
1.99999928958687 	
6.45832337049317 	
0.999999674307175 	
6.16665759881716 	
5.41665843355911 	
5.66665817961177 	
3.74999758988431 	
1.99999875789179 	
7.24998992081491 	
2.99999833166541 	
2.749998168041 	
5.99999441245056 	
5.58332574287965 	
5.95832224644497 	
5.02082502847726 	
2.99999895380229 	
0.999999955750158 	
3.74999737805829 	
2.49999868031027 	
2.87499798067301 	
6.62498882693675 	
6.62498825427992 	
7.58332302424148 	
0 	
6.1041550883851 	
1.87499898690288 	
7.58332222477723 	
2.74999825663029 	
0.999999632186113 	
6.08332609611962 	
1.99999875789179 	
0.999999632186113 	
5.49999416924111 	
2.9999980775029 	
1.99999928958687 	
6.33332470981703 	
5.58332421373849 	
1.9999990808059 	
3.87499700204644 	
6.52082225543193 	
2.74999801748878 	
2.74999868578572 	
6.5833232824972 	
4.49999676104143 	
3.58333003274854 	
2.87499860521773 	
1.87499894154698 	
1.99999966981956 	
5.16665810757292 	
6.45832495052616 	
3.49999788504273 	
1.99999966981956 	
3.874997662565 	
2.87499821440985 	
6.62498821136184 	
5.89582157297234 	
1.99999929864009 	
5.45832323011749 	
1.87499898690288 	
2.87499755498509 	
