0 	
0.999999834909781 	
0.999999834909781 	
0 	
2.2499978898268 	
0.999999674307175 	
0 	
2.99999911337028 	
0 	
0 	
0.999999955750158 	
1.49999946916253 	
0.999999685543246 	
0.999999955750158 	
1.99999926437223 	
0 	
0 	
3.4999977939119 	
0 	
0.999999648406347 	
1.49999933862931 	
0.999999488332764 	
0.999999648406347 	
0 	
2.4999978889126 	
0 	
1.87499910550819 	
0 	
1.74999938758003 	
1.74999938758003 	
0 	
3.99999603556995 	
0.999999955750158 	
0.99999985379626 	
3.24999782361707 	
0.999999481250932 	
0 	
1.99999928958687 	
0 	
1.9999991993596 	
0 	
0.999999674307175 	
2.9999984437528 	
3.4999963804892 	
0 	
1.99999934861435 	
0 	
2.49999933657743 	
2.99999846823145 	
3.74999653662207 	
1.99999944585635 	
2.99999879975136 	
1.99999925212376 	
0 	
3.99999680930109 	
0.99999962606188 	
1.99999928958687 	
0 	
0 	
0.999999834909781 	
0.999999834909781 	
1.99999937108649 	
0.99999985379626 	
1.99999966981956 	
1.99999900820924 	
0.999999648406347 	
1.99999944585635 	
3.58333051403954 	
0 	
0.999999674307175 	
3.08333142694202 	
4.08333005545502 	
0 	
0 	
1.99999928958687 	
0 	
0 	
0 	
0 	
0 	
0 	
0.999999481250932 	
0 	
0 	
0.999999955750158 	
0.999999685543246 	
0 	
0.999999955750158 	
0 	
2.99999836582323 	
1.99999947878987 	
2.49999901334407 	
0.999999834909781 	
2.74999702842004 	
0 	
0 	
2.99999836582323 	
0 	
2.99999836582323 	
1.99999868409949 	
0 	
0 	
0.99999985379626 	
1.99999944585635 	
0.99999962606188 	
4.58332916995556 	
0.999999955750158 	
2.99999911337029 	
1.99999970759252 	
0.999999648406347 	
