0 	
0 	
2.99999911337028 	
0 	
0 	
0.999999674307175 	
0.999999955750158 	
1.99999929864009 	
0 	
0 	
0 	
0 	
0.999999834909781 	
0 	
0.99999962606188 	
1.99999935032798 	
0.999999674307175 	
0 	
0 	
0 	
0.99999962606188 	
1.49999945202234 	
0 	
0 	
0.999999674307175 	
0.999999834909781 	
0.99999962606188 	
0 	
0 	
0.999999685543246 	
0 	
0.99999962606188 	
0 	
0 	
0 	
0.999999632186113 	
0 	
0 	
0 	
1.49999956887986 	
0 	
1.99999944585635 	
0 	
2.99999890404468 	
0.999999685543246 	
0.99999962606188 	
2.49999868701623 	
0 	
0.999999685543246 	
0 	
0 	
0 	
0.99999962606188 	
1.99999970759252 	
0 	
0 	
0.999999955750158 	
0.999999834909781 	
0 	
2.49999892615434 	
0 	
0 	
0 	
0 	
0 	
0 	
0 	
0 	
0.999999674307175 	
0 	
0 	
0 	
1.49999945202234 	
0.999999955750158 	
2.49999892615434 	
0 	
0 	
1.49999973592541 	
0.999999685543246 	
0 	
0 	
1.99999966981956 	
0 	
0 	
0.999999834909781 	
0 	
0.99999962606188 	
0.99999962606188 	
0 	
0 	
0.999999955750158 	
0 	
0.999999955750158 	
0.999999955750158 	
0 	
0 	
0 	
0 	
0 	
0 	
0 	
0.999999834909781 	
0.999999674307175 	
0 	
0 	
1.99999944585635 	
1.99999944585635 	
0 	
0.999999674307175 	
0 	
0 	
