2.74999889326537 	
0.99999962606188 	
0.99999985379626 	
0.99999985379626 	
0 	
0.999999834909781 	
0 	
0.999999834909781 	
0 	
1.99999929864009 	
0 	
0.999999955750158 	
3.49999710188591 	
0.999999834909781 	
1.99999928958686 	
0.999999685543246 	
1.99999944585635 	
0 	
0.999999674307175 	
0 	
0 	
0 	
0 	
0 	
0 	
0 	
1.49999980424771 	
0.99999985379626 	
0.999999632186113 	
0 	
0.999999834909781 	
0.999999834909781 	
1.99999937108649 	
0 	
0.999999834909781 	
0 	
2.58333196609641 	
1.99999918908834 	
0.99999985379626 	
0.99999985379626 	
3.99999794051884 	
0.99999985379626 	
0.99999985379626 	
0.999999955750158 	
0 	
1.74999915466699 	
1.99999934861435 	
0.999999648406347 	
0.999999834909781 	
1.99999937108649 	
0 	
0 	
1.74999953715819 	
0.999999632186113 	
0 	
1.74999938758003 	
0 	
0 	
0.999999685543246 	
0 	
0 	
0 	
0.999999674307175 	
0.999999955750158 	
0 	
0.999999834909781 	
0.99999962606188 	
1.99999970759252 	
0 	
0.999999834909781 	
2.49999931067901 	
0 	
0.999999955750158 	
2.99999895380229 	
0 	
0 	
0 	
0 	
0 	
0 	
2.9999984437528 	
0 	
0 	
0 	
0 	
0.999999481250932 	
0.999999685543246 	
0 	
0 	
0.999999632186113 	
0 	
0 	
2.49999892615434 	
0 	
2.74999818610267 	
4.24999547221098 	
0 	
1.49999980424771 	
2.99999890404468 	
0.999999955750158 	
0.999999685543246 	
0 	
0.999999648406347 	
1.99999937108649 	
0 	
0 	
0 	
0 	
0.999999834909781 	
0 	
