0.999999955750158 	
0.999999674307175 	
0 	
0.999999955750158 	
1.99999934861435 	
1.99999934861435 	
1.99999934861435 	
2.99999902292153 	
2.99999889655834 	
0.999999834909781 	
1.99999934861435 	
0.999999674307175 	
0.999999674307175 	
1.99999934861435 	
1.99999934861435 	
0.999999955750158 	
0.999999834909781 	
1.99999966981956 	
0.999999834909781 	
1.99999934861435 	
1.99999934861435 	
1.99999966981956 	
0.999999834909781 	
0.999999834909781 	
2.99999902292153 	
1.99999934861435 	
1.99999926437223 	
0.999999674307175 	
1.99999926437223 	
1.99999966981956 	
1.99999966981956 	
1.99999934861435 	
1.99999934861435 	
1.99999966981956 	
1.99999966981956 	
1.99999934861435 	
2.99999889655834 	
0.999999955750158 	
1.99999966981956 	
2.99999902292153 	
2.99999902292153 	
0.999999674307175 	
0.999999674307175 	
0.999999674307175 	
1.99999934861435 	
3.99999852874445 	
0.999999674307175 	
0.999999955750158 	
1.99999966981956 	
1.99999966981956 	
0.999999674307175 	
1.99999926437223 	
1.99999926437223 	
2.99999902292153 	
3.99999852874445 	
0.999999834909781 	
1.99999934861435 	
0 	
0.999999674307175 	
0.999999632186113 	
0.999999674307175 	
0.999999955750158 	
2.99999889655834 	
2.99999889655834 	
1.99999966981956 	
0.999999674307175 	
2.99999902292153 	
0.999999632186113 	
0.999999834909781 	
2.99999902292153 	
2.99999889655834 	
0.999999834909781 	
1.99999966981956 	
1.99999934861435 	
2.99999889655834 	
0.999999955750158 	
1.99999934861435 	
1.99999966981956 	
2.99999889655834 	
1.99999934861435 	
0.999999674307175 	
0.999999834909781 	
1.99999934861435 	
0.999999834909781 	
0.999999632186113 	
0.999999674307175 	
0.999999834909781 	
1.99999926437223 	
1.99999926437223 	
1.99999966981956 	
1.99999934861435 	
2.99999902292153 	
1.99999926437223 	
1.99999966981956 	
0 	
1.99999966981956 	
1.99999926437223 	
1.99999934861435 	
1.99999934861435 	
1.99999966981956 	
