0.999999481250932 	
0.999999666544599 	
1.99999914416878 	
0 	
0 	
0.999999946669962 	
0 	
0 	
0 	
0.999999666544599 	
0.999999391670172 	
1.99999809542929 	
1.99999949396443 	
2.49999757872986 	
0.999999632186113 	
0 	
0 	
0 	
0 	
0.999999674307175 	
0 	
0 	
0 	
0.999999098665657 	
2.9999980945367 	
0 	
2.99999847837362 	
5.62499194959718 	
1.99999910565601 	
1.99999970759252 	
0 	
1.49999945202234 	
0 	
0 	
0 	
0 	
0 	
0 	
1.99999970759252 	
0 	
0 	
0 	
2.7499978714374 	
1.99999970759252 	
0 	
0.99999962606188 	
0 	
0 	
0.999999358698125 	
0.999999955750158 	
1.99999970759252 	
1.99999803503769 	
0.99999985379626 	
0 	
0.999999674307175 	
0 	
2.99999754788487 	
1.99999947392119 	
0 	
0 	
0 	
0 	
3.99999859703249 	
0 	
0 	
0 	
2.99999876883854 	
2.99999887635127 	
0 	
0 	
0.999999834909781 	
2.74999823660233 	
1.99999937108649 	
1.99999925212376 	
0 	
0 	
0.999999236133907 	
0 	
2.99999924094665 	
0 	
0 	
0 	
0 	
0 	
0 	
0 	
0.999999746982215 	
0.999999746982215 	
0 	
0 	
1.99999896152289 	
0 	
0 	
2.49999921949447 	
0 	
0.999999855520611 	
0 	
0.999999480761448 	
0 	
1.99999937108649 	
3.99999786394547 	
2.99999924094665 	
4.0972184552507 	
0 	
0 	
0 	
0 	
0.999999391670172 	
0.999999956897249 	
0 	
0 	
0 	
0.999999090522717 	
0.999999632186113 	
0 	
4.74999490395656 	
