0 	
0 	
0 	
0.999999948466456 	
0 	
0.999999956897249 	
0 	
0 	
0 	
0 	
0 	
0 	
0 	
0 	
0 	
0 	
0 	
0 	
0 	
0 	
0 	
0 	
0 	
0 	
0 	
0.999999956897249 	
0 	
2.74999888109405 	
0 	
0.999999956897249 	
0 	
0 	
0 	
0 	
0 	
0 	
0 	
0 	
0 	
0 	
0.999999674307175 	
0 	
0 	
0 	
0 	
0 	
0 	
0 	
0 	
0 	
0 	
0 	
0 	
0 	
0 	
0 	
0 	
0 	
0 	
0 	
0 	
0 	
0 	
0 	
0 	
0 	
0.999999748813936 	
0.999999956897249 	
0 	
0 	
0 	
0 	
0 	
0.999999855520611 	
0 	
0 	
0 	
0 	
0 	
0 	
0 	
0 	
0 	
0 	
0 	
0 	
0.999999956897249 	
0 	
0 	
0 	
0 	
0 	
0 	
0.999999364845566 	
0 	
0 	
0 	
1.99999949396443 	
0 	
0 	
0 	
0 	
0 	
0 	
0 	
0 	
0 	
0 	
0.999999956897249 	
0 	
0 	
0 	
