1.99999897990202 	
0 	
0.999999666544599 	
1.99999866748731 	
0 	
1.49999923137703 	
0.999998923012306 	
0 	
0.999999464071826 	
1.99999896152289 	
0.999998905533304 	
0.999999748813936 	
0 	
1.7499991569168 	
0 	
8.37497572252461 	
0 	
0 	
0 	
0 	
0 	
0 	
0 	
2.4999993219391 	
0.999999834909781 	
0 	
0 	
1.99999873435426 	
0 	
0.999998883927388 	
0 	
1.49999876307492 	
0.999999748813936 	
0 	
0 	
0 	
0 	
0 	
0 	
0 	
0.999999685543246 	
3.49999716603056 	
0 	
0.999999480761448 	
0 	
0.999999748813936 	
0 	
0 	
1.99999937108649 	
1.99999944585635 	
0 	
4.9999935708915 	
1.99999873435426 	
0 	
4.09721572073792 	
1.99999931263766 	
0.999999464071826 	
3.9999962726749 	
3.9999980876824 	
0.999999632186113 	
0 	
1.99999857684425 	
0 	
0 	
0 	
0.999999855520611 	
4.24999569112243 	
1.99999949396443 	
0 	
0 	
0 	
1.49999830080934 	
0 	
0 	
0 	
0.999999236133907 	
1.99999851852175 	
0.999999834909781 	
0 	
0.999999481250932 	
0 	
2.99999806817296 	
1.99999937108649 	
0 	
0 	
0.99999962606188 	
0.999999271778114 	
4.24999569112243 	
0 	
0.999999391670172 	
0 	
0 	
0.999999288422124 	
0.999999358698125 	
0.999999464071826 	
3.49999573272328 	
2.49999700343927 	
2.99999724337637 	
0.999999855520611 	
0 	
0 	
6.62498942657537 	
2.9999980945367 	
1.99999936997166 	
4.99999495474921 	
0 	
2.7499978714374 	
0.999999855520611 	
0.999999552828006 	
0 	
0 	
0.999999748813936 	
0.999999855520611 	
2.99999762741686 	
2.99999844228434 	
0 	
2.99999887635127 	
0.999998445704329 	
0 	
0 	
0.999999364845566 	
0 	
0 	
