3.999993917443 	
6.49998847554458 	
4.99999009794011 	
2.49999460499637 	
7.41664797947575 	
5.99999119179029 	
4.98436383588491 	
7.49998899230036 	
7.24998432656439 	
2.4999978889126 	
7.74998518814885 	
7.49997955734916 	
8.24998220536309 	
10.2499737984678 	
6.88424458609223 	
9.99997996518126 	
6.99998458087749 	
6.24998868549965 	
9.6249755998726 	
4.49999720538401 	
7.24998824954342 	
7.99997815065523 	
0 	
6.06943108182436 	
7.74998567481673 	
4.99999545261358 	
6.74998857982202 	
8.99997458793997 	
6.49998424388472 	
7.46789800176243 	
11.4999649339885 	
3.99999202948606 	
9.31942547065799 	
5.74999289719347 	
8.49998186266089 	
2.99999699745989 	
6.74998510092245 	
8.24998376165374 	
5.49999010980038 	
7.74999100804448 	
2.99999561474676 	
0.999999151454652 	
7.99997687668563 	
10.6249712822897 	
11.0694137677694 	
4.99999021313439 	
6.74998634775452 	
4.33332603233924 	
9.2499786480741 	
4.99998920598602 	
6.24998809870965 	
10.4999689982118 	
5.74998908757071 	
6.84721215612404 	
10.4999806028875 	
5.49999251640743 	
9.49997635390949 	
7.49998438487123 	
7.99998837123344 	
7.49998828903994 	
5.99998808361813 	
7.31943017985576 	
6.59720968341434 	
6.99998185339845 	
7.34720978909019 	
7.99998640163452 	
8.74998796211728 	
7.74998359273193 	
5.74999003209973 	
4.74999055977861 	
8.74998239949599 	
5.49999228165459 	
9.74997045820161 	
6.74998717900266 	
2.9999957364362 	
10.9999665377269 	
3.99999687853648 	
5.49998595625334 	
4.74999279750817 	
5.49999336410601 	
11.2499596200851 	
11.4166252308222 	
4.99999300764414 	
3.49999675156946 	
5.74999075318571 	
4.74999438007649 	
8.49998186266089 	
4.49999529358776 	
9.56942366798068 	
8.49998158402656 	
8.24998376232865 	
9.12497698214495 	
5.49999421006037 	
6.49998994195992 	
3.49999365716046 	
10.2499788289138 	
8.62498066697644 	
6.7499910076371 	
6.56943125299894 	
8.49998133970302 	
9.49997964924481 	
3.49999448126348 	
11.2499726815697 	
9.12497893920871 	
2.99999544500814 	
1.99999897990202 	
7.24999039292729 	
1.99999882108138 	
