5.49999396497314 	
6.49998142728518 	
2.99999924094665 	
0 	
1.99999812793648 	
1.99999844386702 	
1.99999784602461 	
1.99999812793649 	
1.99999832673126 	
2.99999572672944 	
1.99999843113165 	
6.09721549529145 	
5.24999279271719 	
7.99998608682582 	
0.999999075432228 	
4.24999428926758 	
6.99999121365653 	
2.49999803339667 	
6.09721407795331 	
2.99999781533434 	
2.49999611475002 	
5.74999276946107 	
1.99999884743032 	
6.74999248670809 	
7.74998630738922 	
4.8749912553557 	
5.09721392470668 	
0 	
0.999999666544599 	
5.74999276538345 	
5.24998832769576 	
1.9999982669969 	
6.49998532984275 	
4.49999037991809 	
4.99999606678435 	
2.74999676499049 	
1.99999815449391 	
5.49999509466773 	
5.49999228165459 	
0.999999666544599 	
3.99999723304449 	
2.99999688461562 	
4.99999545261358 	
11.5694138934427 	
1.99999937108649 	
5.99998844370742 	
3.99999534739209 	
4.49999669470847 	
6.49999287970097 	
3.99999472434645 	
0.999999481250932 	
4.99999595644391 	
4.99999597823877 	
3.99999720678024 	
8.24997760592189 	
3.49999544441583 	
0.999998871804723 	
4.74999517741739 	
6.499984859596 	
12.0971806305096 	
0 	
4.99999664453007 	
1.99999892583518 	
7.74999075178406 	
3.4999958792331 	
3.49999555096346 	
5.99998772533609 	
6.99998673495767 	
1.99999897990202 	
4.99999412914056 	
2.99999504001442 	
4.99999444126209 	
0 	
7.24998740394353 	
7.74998435100534 	
2.49999757292136 	
3.49999597795759 	
5.99999067974635 	
3.74999704062235 	
5.38424609038429 	
1.99999725077657 	
4.69443824440805 	
0 	
3.99999495381695 	
0.999999391670172 	
1.99999743321305 	
4.24999459402344 	
3.99999735082174 	
5.9999877502394 	
5.74999403758182 	
3.99999556707539 	
5.09721564516254 	
3.49999658823937 	
8.56942961131197 	
3.99999756039156 	
4.99999127653947 	
6.83331773807195 	
5.99999095077436 	
3.99999686547576 	
4.24999600786655 	
7.99998588926885 	
3.74999485900608 	
3.74999620602928 	
3.49999344748092 	
2.9999980945367 	
6.9999893727675 	
6.09721366958294 	
3.99999492119572 	
0.999999288422124 	
4.49999500606267 	
7.74999022536831 	
