4.93749178812261 	
2.9999963599797 	
0 	
4.99999440752101 	
4.49999485076771 	
3.99999468207729 	
0 	
2.99999456783509 	
1.49999842578751 	
3.74999376323529 	
10.4999750285753 	
3.99999546729975 	
7.49998445115279 	
6.99999125293278 	
4.9999951454474 	
9.49997416532008 	
3.99999699323321 	
5.6249896059404 	
6.49998706103549 	
5.24999467745277 	
5.9999863492825 	
4.49999497756649 	
2.74999756007185 	
3.99999620928826 	
0 	
3.99999769257868 	
2.9999980945367 	
2.99999573040695 	
6.09721281131989 	
2.74999888109405 	
2.7499980742022 	
2.99999721431937 	
7.74998871411545 	
7.24998773904502 	
4.74999205429218 	
10.7499750308508 	
4.41665886883667 	
4.49998930968454 	
0.999999874489039 	
6.74998400666288 	
3.99999766042695 	
2.9999943819241 	
1.99999931263766 	
6.99998353836227 	
5.49999309978898 	
0.999999085528302 	
4.99999141056885 	
2.9999980945367 	
2.99999660161867 	
2.99999536266937 	
6.9999802112537 	
4.49999563508388 	
6.99998730822465 	
5.99999269831729 	
2.99999755223798 	
3.99999281448408 	
2.49999760690388 	
0.999999236133907 	
2.99999727156815 	
2.99999544500814 	
10.249970297465 	
2.99999709918653 	
4.99999302310255 	
1.99999937108649 	
8.7499822087596 	
4.24999428926758 	
7.79164822011805 	
5.2499888253158 	
3.49999711013322 	
1.99999840144513 	
3.4999955223449 	
5.49999061078348 	
8.74998118840061 	
0.999999358698125 	
2.99999736245125 	
5.49998542340717 	
8.22220229747466 	
5.7600224034889 	
3.9999968705103 	
1.99999803503769 	
2.99999536266937 	
4.49999560321623 	
3.99999355639729 	
3.74999604379213 	
3.74999607868873 	
7.24998410202272 	
0.999998977910281 	
6.74998821532792 	
2.99999703856885 	
1.99999855607346 	
4.99999655940818 	
2.99999713071437 	
6.49999065128997 	
3.74999531836632 	
3.74999608526027 	
5.99999009989998 	
0 	
2.49999783442163 	
3.74999711404631 	
4.49999563508388 	
4.99999233699905 	
0.999998977910281 	
6.49999529020178 	
5.99999428800684 	
5.99998973333063 	
5.99998671344049 	
11.2499657151912 	
7.38885769708111 	
5.74999276538345 	
6.49998684168784 	
