0 	
0 	
0 	
0 	
0.999999932880625 	
1.99999949396443 	
0 	
0 	
2.9999980945367 	
0.999999946669962 	
0 	
0 	
1.49999956887986 	
0.999999855520611 	
2.99999844228434 	
0 	
0 	
0 	
3.74999711404631 	
0.999999746982215 	
0 	
0.999999855520611 	
0.999999855520611 	
0 	
0 	
1.99999936122043 	
0 	
0 	
0 	
1.49999973592541 	
4.24999600153323 	
0 	
0 	
0 	
0 	
0 	
0 	
0.999999625450423 	
0 	
0 	
0.999999956897249 	
0.999999748813936 	
0 	
0.999999634707892 	
1.99999937108649 	
0 	
0 	
2.74999888109405 	
4.99999763358664 	
0 	
0 	
0 	
1.99999936122043 	
0 	
0 	
0.999999855520611 	
0.999999666544599 	
0 	
0 	
1.49999980424771 	
0 	
0 	
0 	
0 	
0.99999985379626 	
1.99999923824231 	
0.999999748813936 	
0 	
0 	
0 	
2.74999866212173 	
0 	
0 	
0.999999955750158 	
0 	
0 	
0 	
0 	
0 	
2.99999876883854 	
0 	
0 	
0 	
0 	
0 	
0 	
0 	
0 	
0 	
0 	
0 	
0 	
0 	
0 	
0 	
0.999999391670172 	
0 	
0 	
0 	
0 	
0 	
0.999999464071826 	
4.24999569112243 	
0 	
0 	
0 	
0 	
0 	
0.999999956897249 	
1.49999955366899 	
0 	
0 	
0 	
1.99999937006216 	
