0 	
4.49999650285661 	
5.99998991196996 	
2.99999706362948 	
1.99999730563719 	
2.66666495591376 	
0 	
2.49999801140272 	
2.99999505843348 	
2.99999508213647 	
2.99999745136991 	
4.99999088888951 	
0.999999632186113 	
0.999999955750158 	
0.999999674307175 	
6.79165383630257 	
4.24999366538392 	
8.99997716209492 	
7.49998768183003 	
9.09720596338087 	
1.74999839773651 	
2.49999764356188 	
4.99999436766093 	
6.49998517098145 	
3.49999636978286 	
0 	
5.74999303322285 	
4.74999399731386 	
4.99999465066163 	
2.99999703856885 	
1.99999936997166 	
7.74998210284658 	
0.999999632186113 	
4.24999451596342 	
2.49999750559695 	
2.74999735523939 	
5.49999387953072 	
2.99999772303113 	
2.99999744393963 	
11.3194099195229 	
1.99999897990202 	
5.24998766683538 	
7.99998450393211 	
8.74998506763269 	
4.9999926808347 	
0 	
6.31943396351637 	
3.74999652940413 	
6.24999087954904 	
4.49999492554781 	
1.99999868409949 	
3.99999598942908 	
4.99999459494069 	
6.24999230890136 	
3.9999952713718 	
6.24998681268097 	
3.74999449295602 	
1.99999914416878 	
0.999999271778114 	
3.49999612883581 	
5.2499906871329 	
7.7499843341841 	
7.74999165532667 	
2.74999823660233 	
10.9999743724049 	
4.99999592347826 	
2.99999727156815 	
2.99999805400336 	
0.999999151454652 	
5.24999290518991 	
5.694432477694 	
6.9999878366495 	
3.74999520020007 	
3.99999387675802 	
6.5694352665535 	
2.99999811297737 	
8.74997837399959 	
5.74998689865509 	
3.99999170874095 	
8.62498273731399 	
1.99999873435426 	
8.74998002519987 	
11.2499603872147 	
0 	
5.09721591813602 	
3.99999610026236 	
0.999999666544599 	
0 	
0.999999364845566 	
1.9999983029093 	
6.99999173804635 	
3.99999407254811 	
2.49999640362852 	
4.99999459494069 	
4.99999054313628 	
4.74999354827656 	
1.99999819705531 	
3.49999669726972 	
0.999999834909781 	
2.49999853334062 	
0.999999236133907 	
5.74999442252687 	
6.49998701165041 	
0.999999151454652 	
4.99999556549129 	
1.99999746675565 	
6.99997840104257 	
4.24999309011278 	
1.99999868409949 	
3.9999953230032 	
7.49999128258247 	
6.5972120363528 	
