0.999999480761448 	
0 	
0 	
0.999999956897249 	
0.999999748813936 	
0 	
0 	
0 	
0 	
0 	
0.999999748813936 	
0 	
0 	
0 	
0 	
0 	
0.999999726098982 	
0 	
0 	
0.999999391670172 	
0 	
0 	
0.999999236133907 	
0.99999985379626 	
0.999999746982215 	
0 	
0.999999674307175 	
0.999999855520611 	
0 	
0 	
0 	
0 	
0 	
0 	
0 	
0 	
2.99999924094665 	
0 	
0.999999955750158 	
0 	
0 	
0 	
1.99999873435426 	
0 	
0 	
0.999999625450423 	
0 	
0 	
0 	
0 	
0 	
0 	
0 	
0 	
0.999999855520611 	
0 	
0.999999625450423 	
0 	
0 	
0 	
3.99999766042695 	
0 	
0 	
0 	
0 	
0 	
0 	
0 	
0 	
1.99999882108138 	
0 	
0 	
0 	
0 	
0 	
0 	
0.999999552828006 	
0 	
0.999999956897249 	
0 	
0 	
0 	
0 	
1.99999944149998 	
1.99999937108649 	
0 	
0 	
0 	
0 	
0 	
0 	
2.49999892615434 	
0 	
1.49999910692811 	
0 	
0 	
0 	
0 	
0 	
0 	
0 	
0.999999480761448 	
0 	
1.99999882108138 	
0.999999956897249 	
0 	
0 	
0 	
0.999999674307175 	
0 	
0 	
0.999999956897249 	
2.49999837980964 	
0 	
0 	
0 	
0.999999480761448 	
0 	
0.99999985379626 	
0 	
0 	
0.999999855520611 	
0 	
