2.99999681687107 	
3.49999737572561 	
3.2499973183669 	
4.99999346586165 	
0 	
5.43748712064697 	
3.24999637988172 	
3.99999438817918 	
1.49999917295798 	
0.999999075432228 	
2.99999755223798 	
1.99999874036459 	
5.99999600937564 	
4.24999600153323 	
2.74999735523939 	
8.49998340960467 	
2.49999606427665 	
2.99999689529516 	
10.4721926975383 	
6.49998845908367 	
5.49999237629674 	
4.49999440307731 	
5.49999269109154 	
2.99999638584049 	
0.999999464071826 	
3.49999713166787 	
2.9999970011685 	
5.99999067974635 	
5.49999443652519 	
2.9999982291818 	
0.999999632186113 	
7.74998577463947 	
0 	
6.49999396883786 	
1.99999857684425 	
0 	
0.999999090522717 	
0.999999500812446 	
3.74999675392923 	
4.49999362772784 	
0 	
0.999999391670172 	
6.49999216553291 	
2.49999808310944 	
0 	
1.99999771568504 	
0.999999364845566 	
4.99999459494069 	
1.99999621087353 	
4.49999545178872 	
5.99999194262143 	
2.49999730003203 	
5.49999461135957 	
4.99999123046564 	
4.99999530447869 	
0.999999364845566 	
0.999999098665657 	
2.7499972938257 	
4.99999649272625 	
2.74999823660233 	
5.49999255591711 	
3.74999675392923 	
3.68749671584769 	
2.99999781533434 	
2.74999756007185 	
5.49999202086604 	
4.99999461003624 	
0 	
6.49999141396442 	
1.49999893263319 	
0 	
3.74999369158657 	
3.99999602248506 	
2.74999756007185 	
2.99999890404468 	
7.24998272608442 	
4.99999555796558 	
1.99999855607346 	
5.49999521869733 	
1.99999857684425 	
2.99999723724464 	
2.99999887635127 	
3.49999730263827 	
0.999999364845566 	
1.99999816293122 	
3.74999675392923 	
4.74999141362268 	
3.99999461168988 	
2.99999628256059 	
9.49997561050511 	
5.29165741609998 	
0.999999632186113 	
0.999999481250932 	
2.99999744393963 	
3.99999687853648 	
1.99999910565601 	
5.99999060750653 	
1.99999947392119 	
5.49999085599715 	
0 	
2.74999689842802 	
3.9999980876824 	
6.99999453949637 	
3.99999335399051 	
0.999999632186113 	
12.3194118623431 	
3.49999399271856 	
5.74999246235642 	
2.49999732222851 	
6.99998982228165 	
1.99999931812667 	
