0 	
0 	
0 	
0.999999666544599 	
0 	
0 	
0 	
0 	
0.999999955750158 	
0.999999236133907 	
0 	
0 	
0.99999985379626 	
0 	
0 	
0.99999962606188 	
0 	
0 	
0 	
0.999999748813936 	
0 	
0 	
0 	
0 	
0 	
0 	
2.99999924094665 	
0 	
0 	
0 	
0.999999746982215 	
1.99999937108649 	
0 	
0 	
1.99999949396443 	
0 	
0 	
0 	
0 	
0 	
0 	
0 	
0 	
0 	
0 	
0 	
0 	
0 	
0 	
0 	
0 	
0.999999855520611 	
0 	
0 	
0 	
0 	
2.99999924094665 	
0.999999956897249 	
0.999999956897249 	
0 	
0 	
0 	
0 	
0 	
0 	
0 	
0 	
0 	
0 	
0 	
0 	
0 	
0 	
0 	
0 	
0 	
0 	
0 	
0 	
0 	
0 	
0 	
0.999999748813936 	
0 	
0 	
0 	
0 	
0 	
0 	
0 	
0.999999956897249 	
0 	
0 	
0 	
0.99999985379626 	
0.999999956897249 	
0 	
0 	
0 	
0 	
0.999999746982215 	
0 	
0 	
0 	
0 	
0.999999666544599 	
0 	
0 	
0 	
0 	
0 	
0 	
0.999999098665657 	
0 	
0 	
0 	
0 	
0 	
0 	
0 	
0 	
0 	
2.74999888109405 	
