0 	
0.999999855520611 	
1.99999840144513 	
1.99999936997166 	
0.999999090522717 	
0.999999666544599 	
0 	
1.99999861524161 	
0 	
1.99999800912044 	
0 	
0.999999480761448 	
1.99999850715142 	
0.99999962606188 	
1.99999812595555 	
0.999999855520611 	
0 	
0.999999632186113 	
2.99999727156815 	
1.99999900794399 	
1.99999900794399 	
0 	
0 	
0.99999866589421 	
0 	
0 	
5.99999587208355 	
0 	
0 	
0 	
0.999999834909781 	
0 	
5.99999402736132 	
0.999999098665657 	
0.999999632186113 	
0 	
2.7499978714374 	
0.99999962606188 	
4.99999266868097 	
1.99999818104543 	
0 	
0 	
0 	
0 	
0.999999481250932 	
0 	
1.99999810182898 	
5.74999565133524 	
2.74999823660233 	
0 	
2.99999729695313 	
3.49999483042603 	
0 	
0 	
0 	
0.999999391670172 	
0 	
2.99999844228434 	
0 	
0.999998656137877 	
0.999999236133908 	
0.999999674307175 	
1.99999936997166 	
2.99999890404468 	
4.7499913232341 	
5.49999141461522 	
1.99999866748731 	
0 	
1.99999970759252 	
0 	
0.999999151454652 	
0 	
1.99999949678261 	
0 	
0 	
0 	
0 	
2.4999979703843 	
2.49999821456015 	
0 	
0 	
2.99999911337028 	
0 	
0 	
0 	
0 	
0 	
0 	
0 	
0 	
1.99999896152289 	
1.99999866748731 	
1.49999946916253 	
0.999999748813936 	
0.999999855520611 	
0 	
0 	
1.99999818104543 	
0.999999288422124 	
3.49999716603056 	
2.99999665178217 	
0.999999748813936 	
2.99999781533434 	
0.999999666544599 	
1.99999910565601 	
0.999999748813936 	
0 	
2.74999676499049 	
1.4999989542961 	
4.99999763358664 	
0 	
0 	
0 	
1.49999943909282 	
1.99999815449391 	
0.99999985379626 	
0.999999834909781 	
0.99999985379626 	
2.99999623784778 	
0 	
0 	
0 	
0 	
0.999999151454652 	
0.999999955750158 	
