0 	
1.99999914416878 	
0 	
0 	
0 	
0 	
0.999999685543246 	
0 	
0 	
0 	
0 	
0 	
0 	
0.99999985379626 	
0.999999748813936 	
0 	
0.999999746982215 	
0 	
0 	
1.99999949396443 	
0 	
0.999999955750158 	
2.99999861238401 	
0 	
0 	
0.999999956897249 	
0 	
0 	
0 	
0 	
0 	
0 	
0 	
0 	
0 	
0 	
0 	
1.99999925212376 	
0 	
0 	
0 	
0.99999985379626 	
0 	
0 	
0 	
0.999999855520611 	
0 	
0 	
0 	
0 	
0 	
0 	
0 	
0 	
0 	
0 	
0 	
0 	
0 	
0 	
0 	
0 	
0 	
2.9999980945367 	
0 	
0 	
0 	
0 	
0 	
0 	
0 	
0 	
0 	
0 	
0 	
0.999999855520611 	
0 	
0 	
0 	
1.99999970759252 	
0.999999955750158 	
0 	
0 	
0 	
0 	
0 	
0.999999748813936 	
1.49999879763474 	
0 	
0 	
0 	
0 	
0 	
0.999999464071826 	
0 	
0.999999956897249 	
0 	
0.999999391670172 	
0 	
0 	
1.99999949396443 	
0 	
0 	
0 	
0 	
0 	
0 	
0 	
0 	
0 	
0.999999674307175 	
0 	
0.999999956897249 	
0 	
3.49999862848395 	
2.99999924094665 	
0 	
0 	
0 	
2.99999924094665 	
0 	
