2.99999675537862 	
5.49999309437882 	
1.9999980381219 	
5.99998737647091 	
4.16666147187566 	
1.99999746738373 	
2.99999702470902 	
4.49999577856933 	
0.999999850339695 	
0.999999481250932 	
4.99999317057027 	
4.56943710629539 	
4.99999459494069 	
3.49999636978286 	
4.99999309758182 	
7.24998494622503 	
2.74999626358476 	
1.99999840465054 	
0.999999391670172 	
6.81943446475836 	
7.99998602837088 	
6.4999912854636 	
4.99999123454408 	
6.49999034115589 	
0.999999834909781 	
1.99999789381402 	
3.99999230118489 	
4.09721675139774 	
1.99999788105946 	
0.999998871804723 	
7.24998661392342 	
7.7499770368518 	
8.49998838541007 	
3.99999834697641 	
7.24998406126756 	
5.99999172399634 	
4.99998690338374 	
0.999999391670172 	
0.999998977910281 	
7.4999895988071 	
2.49999925058147 	
3.99999546729975 	
4.49999473454682 	
2.7499978714374 	
4.49999450480666 	
8.99997241385953 	
2.49999638803057 	
4.49999310753857 	
3.49999505813914 	
11.4374670996918 	
10.999961133723 	
3.74999398170177 	
8.74997822314644 	
9.24998451880593 	
0 	
2.99999839338749 	
6.24999117529893 	
3.99999546729975 	
2.74999689842802 	
5.49999156198409 	
3.49999814716105 	
4.7499924145322 	
3.99999720678024 	
6.99998353836227 	
2.49999921949447 	
1.99999854355623 	
6.4999914425839 	
5.9999902955293 	
1.9999989699658 	
1.99999803162609 	
6.74999023690651 	
4.49999444481706 	
8.49998448855876 	
8.99997762208349 	
5.99999133351695 	
5.99999169426622 	
2.7499972938257 	
4.80531520121354 	
0.999999151454652 	
2.49999801140272 	
6.76001872545469 	
7.74998709061892 	
6.9999876350862 	
5.99999183361039 	
2.74999753047441 	
5.9999901680524 	
4.99999222813404 	
6.74999018657274 	
3.99999553570955 	
0.999998282674238 	
6.24999168711622 	
11.8194025298257 	
4.99999652649769 	
5.49999481705232 	
4.49999310459482 	
1.99999897990202 	
6.2499858709984 	
7.74998545265047 	
11.124969431235 	
8.49997876817765 	
5.49999615958314 	
0.999999674307175 	
7.24998915745895 	
3.74999604379213 	
3.74999604379213 	
7.74998565046288 	
4.74999485961712 	
2.49999749229891 	
6.99998797012746 	
7.09720846045075 	
