2.99999591915284 	
2.99999516729797 	
1.99999840465054 	
0.999998977910281 	
8.16664819200269 	
0.999998389099321 	
2.99999737144535 	
2.74999784424951 	
2.99999500530145 	
2.99999431772685 	
4.49999163169598 	
7.62498110369159 	
3.74999754645223 	
0.999999090522717 	
7.24998803851221 	
8.99998509905619 	
6.24998959510405 	
3.49999314679163 	
4.9999921842451 	
6.49999051468668 	
9.40044196243777 	
4.99999232780291 	
4.74999291375168 	
4.99999196542312 	
6.92822724586492 	
4.20832855686561 	
4.9999908695327 	
1.99999840144513 	
0.999998180309219 	
1.99999866748731 	
10.2499813216756 	
5.4999917647746 	
5.99999096829925 	
6.49998649841768 	
5.99998431065542 	
11.2499645064568 	
7.61905863999695 	
0 	
2.99999665178217 	
11.569412173997 	
2.99999781533434 	
8.92822303352915 	
9.24997816268138 	
0 	
0 	
2.74999676499049 	
6.74998823588227 	
7.24998594255356 	
3.9999916372655 	
8.49998568912743 	
3.4999959942939 	
3.74999147750153 	
3.74999754645223 	
5.49999379119787 	
9.4999741235206 	
5.2499930496409 	
5.9999915903615 	
4.24999600153323 	
5.99998374361914 	
7.499989436079 	
4.99999525965308 	
6.99998278500888 	
10.2499804094342 	
10.1249699985262 	
7.56943238870668 	
9.74997298936439 	
6.99998068563257 	
10.2499762982074 	
3.99999228209849 	
10.9999658760851 	
10.9999658760851 	
4.99999556067652 	
7.49998716309403 	
5.74999163979612 	
10.2499757796049 	
4.24999333268501 	
8.24997827327442 	
2.9999980945367 	
5.99998838358399 	
9.81941551749694 	
1.99999918908834 	
2.99999702925296 	
4.24999207104079 	
0 	
3.99999619028261 	
6.24998862127168 	
3.5694398148512 	
4.49999278767834 	
6.24999190042379 	
5.99999125987609 	
5.24999290518991 	
1.49999852988126 	
2.9999956658343 	
6.99999079733927 	
5.99999549044821 	
7.24997897298075 	
1.99999830188947 	
2.99999657867159 	
7.24999040524231 	
6.49998725438665 	
7.4999852749969 	
5.24999073049269 	
7.24998899988596 	
3.999996941539 	
4.49999462479724 	
12.1944188188943 	
3.49999713166787 	
4.99999156084811 	
11.3749688286713 	
4.99999649272625 	
5.99998976619024 	
